Fort-SMITH LATITUDE    60        LONGITUDE     -112      ALTITUDE    0 M
Fort-SMITH INSTRUMENT   18NM64    NEUTRON MONITOR     	
Fort-SMITH STANDARD PRESSURE    1000    mb     COEFFICIENT   -0.72     % / mb
Fort-SMITH PRE-INCREASE BASELINE TIME INTERVAL    170910    140000-160000   UT
Fort-SMITH PRE-INCREASE AVERAGE COUNTING RATE    216.78      COUNTS PER SECOND
Fort-SMITH TIME INTERVALS    300         3600     
Fort-SMITH SCALE FACTORS     1           1        
STATION    YYMMDD  SEC   TIME (UT)   CODE    UNCORR. PRESS.    CORR.    % INC.	DETRENDED
                         INTERVAL    TD      C/S     (mb)      C/S
Fort-SMITH 170909 3600 000000-010000   00     264.54  981.6    208.64    -3.76    -9999
Fort-SMITH 170909 3600 010000-020000   00     265.10  981.8    209.37    -3.42    -9999
Fort-SMITH 170909 3600 020000-030000   00     265.73  982.3    210.62    -2.84    -9999
Fort-SMITH 170909 3600 030000-040000   00     266.42  982.7    211.85    -2.28    -9999
Fort-SMITH 170909 3600 040000-050000   00     266.47  982.9    212.14    -2.14    -9999
Fort-SMITH 170909 3600 050000-060000   00     265.77  983.2    212.06    -2.18    -9999
Fort-SMITH 170909 3600 060000-070000   00     265.86  983.4    212.53    -1.96    -9999
Fort-SMITH 170909 3600 070000-080000   00     263.36  983.7    211.06    -2.64    -9999
Fort-SMITH 170909 3600 080000-090000   00     263.47  984.0    211.63    -2.38    -9999
Fort-SMITH 170909 3600 090000-100000   00     264.70  984.3    212.99    -1.75    -9999
Fort-SMITH 170909 3600 100000-110000   00     265.74  984.3    213.83    -1.36    -9999
Fort-SMITH 170909 3600 110000-120000   00     264.59  984.4    213.03    -1.73    -9999
Fort-SMITH 170909 3600 120000-130000   00     264.77  984.6    213.60    -1.47    -9999
Fort-SMITH 170909 3600 130000-140000   00     265.25  984.8    214.30    -1.14    -9999
Fort-SMITH 170909 3600 140000-150000   00     266.15  984.9    215.10    -0.78    -9999
Fort-SMITH 170909 3600 150000-160000   00     265.99  985.0    215.25    -0.71    -9999
Fort-SMITH 170909 3600 160000-170000   00     266.98  984.9    215.79    -0.46    -9999
Fort-SMITH 170909 3600 170000-180000   00     268.41  984.6    216.55    -0.11    -9999
Fort-SMITH 170909 3600 180000-190000   00     269.56  984.4    217.13     0.16    -9999
Fort-SMITH 170909 3600 190000-200000   00     269.64  984.2    216.86     0.04    -9999
Fort-SMITH 170909 3600 200000-210000   00     268.92  984.0    215.99    -0.37    -9999
Fort-SMITH 170909 3600 210000-220000   00     268.14  983.8    215.02    -0.82    -9999
Fort-SMITH 170909 3600 220000-230000   00     268.10  983.3    214.23    -1.18    -9999
Fort-SMITH 170909 3600 230000-240000   00     268.88  983.0    214.28    -1.15    -9999
Fort-SMITH 170910 3600 000000-010000   00     270.19  982.6    214.73    -0.95    -9999
Fort-SMITH 170910 3600 010000-020000   00     270.63  982.3    214.53    -1.04    -9999
Fort-SMITH 170910 3600 020000-030000   00     271.31  981.9    214.52    -1.04    -9999
Fort-SMITH 170910 3600 030000-040000   00     271.42  981.7    214.21    -1.19    -9999
Fort-SMITH 170910 3600 040000-050000   00     272.48  981.3    214.44    -1.08    -9999
Fort-SMITH 170910 3600 050000-060000   00     272.60  980.9    213.85    -1.35    -9999
Fort-SMITH 170910 3600 060000-070000   00     274.26  980.3    214.23    -1.18    -9999
Fort-SMITH 170910 3600 070000-080000   00     276.64  979.5    214.73    -0.95    -9999
Fort-SMITH 170910 3600 080000-090000   00     279.50  978.5    215.33    -0.67    -9999
Fort-SMITH 170910 3600 090000-100000   00     280.78  978.0    215.49    -0.60    -9999
Fort-SMITH 170910 3600 100000-110000   00     283.01  977.3    216.07    -0.33    -9999
Fort-SMITH 170910 3600 110000-120000   00     284.19  976.8    216.17    -0.28    -9999
Fort-SMITH 170910 300  120000-120500   00     282.24  976.6    214.44    -1.08    -9999
Fort-SMITH 170910 300  120500-121000   00     287.64  976.6    218.44     0.77    -9999
Fort-SMITH 170910 300  121000-121500   00     285.09  976.5    216.47    -0.15    -9999
Fort-SMITH 170910 300  121500-122000   00     286.62  976.5    217.63     0.39    -9999
Fort-SMITH 170910 300  122000-122500   00     285.06  976.5    216.45    -0.15    -9999
Fort-SMITH 170910 300  122500-123000   00     284.78  976.5    216.19    -0.27    -9999
Fort-SMITH 170910 300  123000-123500   00     284.94  976.4    216.13    -0.30    -9999
Fort-SMITH 170910 300  123500-124000   00     287.58  976.3    217.98     0.55    -9999
Fort-SMITH 170910 300  124000-124500   00     285.74  976.3    216.52    -0.12    -9999
Fort-SMITH 170910 300  124500-125000   00     284.51  976.2    215.54    -0.58    -9999
Fort-SMITH 170910 300  125000-125500   00     285.06  976.2    215.92    -0.40    -9999
Fort-SMITH 170910 300  125500-130000   00     286.07  976.2    216.60    -0.08    -9999
Fort-SMITH 170910 300  130000-130500   00     285.46  976.1    216.11    -0.31    -9999
Fort-SMITH 170910 300  130500-131000   00     287.58  976.1    217.67     0.41    -9999
Fort-SMITH 170910 300  131000-131500   00     285.05  976.1    215.69    -0.50    -9999
Fort-SMITH 170910 300  131500-132000   00     288.45  976.1    218.28     0.69    -9999
Fort-SMITH 170910 300  132000-132500   00     283.13  976.1    214.30    -1.14    -9999
Fort-SMITH 170910 300  132500-133000   00     285.46  976.1    216.03    -0.35    -9999
Fort-SMITH 170910 300  133000-133500   00     285.87  976.1    216.27    -0.24    -9999
Fort-SMITH 170910 300  133500-134000   00     285.78  976.0    216.13    -0.30    -9999
Fort-SMITH 170910 300  134000-134500   00     289.16  976.0    218.67     0.87    -9999
Fort-SMITH 170910 300  134500-135000   00     286.36  976.0    216.58    -0.09    -9999
Fort-SMITH 170910 300  135000-135500   00     284.62  976.0    215.25    -0.71    -9999
Fort-SMITH 170910 300  135500-140000   00     288.16  976.0    217.88     0.50    -9999
Fort-SMITH 170910 300  140000-140500   00     287.14  975.9    217.02     0.11    -9999
Fort-SMITH 170910 300  140500-141000   00     286.14  975.9    216.20    -0.27    -9999
Fort-SMITH 170910 300  141000-141500   00     286.75  975.9    216.61    -0.08    -9999
Fort-SMITH 170910 300  141500-142000   00     287.46  975.8    217.05     0.12    -9999
Fort-SMITH 170910 300  142000-142500   00     287.51  975.8    217.07     0.13    -9999
Fort-SMITH 170910 300  142500-143000   00     285.34  975.8    215.41    -0.64    -9999
Fort-SMITH 170910 300  143000-143500   00     286.37  975.8    216.16    -0.29    -9999
Fort-SMITH 170910 300  143500-144000   00     288.54  975.8    217.85     0.49    -9999
Fort-SMITH 170910 300  144000-144500   00     286.80  975.8    216.57    -0.10    -9999
Fort-SMITH 170910 300  144500-145000   00     286.38  975.8    216.26    -0.24    -9999
Fort-SMITH 170910 300  145000-145500   00     286.03  975.8    216.00    -0.36    -9999
Fort-SMITH 170910 300  145500-150000   00     286.33  975.8    216.22    -0.26    -9999
Fort-SMITH 170910 300  150000-150500   00     286.82  975.8    216.51    -0.13    -9999
Fort-SMITH 170910 300  150500-151000   00     286.37  975.7    216.13    -0.30    -9999
Fort-SMITH 170910 300  151000-151500   00     289.56  975.7    218.46     0.77    -9999
Fort-SMITH 170910 300  151500-152000   00     285.89  975.6    215.61    -0.54    -9999
Fort-SMITH 170910 300  152000-152500   00     286.18  975.6    215.82    -0.44    -9999
Fort-SMITH 170910 300  152500-153000   00     286.88  975.6    216.30    -0.22    -9999
Fort-SMITH 170910 300  153000-153500   00     285.76  975.5    215.36    -0.66    -9999
Fort-SMITH 170910 300  153500-154000   00     287.69  975.5    216.76    -0.01    -9999
Fort-SMITH 170910 300  154000-154500   00     291.03  975.5    219.26     1.14    -9999
Fort-SMITH 170910 300  154500-155000   00     290.24  975.5    218.64     0.86    -9999
Fort-SMITH 170910 300  155000-155500   00     289.29  975.5    217.92     0.52    -9999
Fort-SMITH 170910 300  155500-160000   00     289.05  975.4    217.64     0.39    -9999
Fort-SMITH 170910 300  160000-160500   00     288.39  975.4    217.12     0.16     0.18
Fort-SMITH 170910 300  160500-161000   00     290.20  975.4    218.53     0.80     0.81
Fort-SMITH 170910 300  161000-161500   00     295.55  975.4    222.50     2.63     2.64
Fort-SMITH 170910 300  161500-162000   00     299.27  975.4    225.28     3.92     3.92
Fort-SMITH 170910 300  162000-162500   00     300.93  975.4    226.63     4.54     4.54
Fort-SMITH 170910 300  162500-163000   00     300.00  975.5    226.06     4.28     4.27
Fort-SMITH 170910 300  163000-163500   00     302.42  975.5    227.85     5.10     5.09
Fort-SMITH 170910 300  163500-164000   00     302.99  975.5    228.19     5.26     5.24
Fort-SMITH 170910 300  164000-164500   00     304.19  975.4    229.04     5.66     5.64
Fort-SMITH 170910 300  164500-165000   00     304.48  975.3    229.10     5.68     5.65
Fort-SMITH 170910 300  165000-165500   00     305.59  975.3    229.87     6.03     6.00
Fort-SMITH 170910 300  165500-170000   00     304.00  975.3    228.66     5.48     5.44
Fort-SMITH 170910 300  170000-170500   00     304.75  975.3    229.20     5.73     5.69
Fort-SMITH 170910 300  170500-171000   00     304.75  975.3    229.21     5.73     5.68
Fort-SMITH 170910 300  171000-171500   00     302.88  975.3    227.76     5.06     5.01
Fort-SMITH 170910 300  171500-172000   00     302.41  975.2    227.40     4.90     4.84
Fort-SMITH 170910 300  172000-172500   00     303.94  975.2    228.55     5.43     5.37
Fort-SMITH 170910 300  172500-173000   00     302.79  975.3    227.78     5.07     5.00
Fort-SMITH 170910 300  173000-173500   00     304.43  975.3    229.00     5.64     5.57
Fort-SMITH 170910 300  173500-174000   00     299.49  975.3    225.22     3.89     3.81
Fort-SMITH 170910 300  174000-174500   00     302.72  975.2    227.61     5.00     4.92
Fort-SMITH 170910 300  174500-175000   00     301.35  975.2    226.49     4.48     4.39
Fort-SMITH 170910 300  175000-175500   00     303.24  975.2    227.87     5.11     5.02
Fort-SMITH 170910 300  175500-180000   00     300.96  975.1    226.11     4.30     4.20
Fort-SMITH 170910 300  180000-180500   00     303.65  975.1    228.16     5.25     5.15
Fort-SMITH 170910 300  180500-181000   00     303.85  975.2    228.45     5.38     5.27
Fort-SMITH 170910 300  181000-181500   00     298.76  975.3    224.69     3.65     3.54
Fort-SMITH 170910 300  181500-182000   00     299.05  975.3    224.96     3.77     3.65
Fort-SMITH 170910 300  182000-182500   00     300.22  975.3    225.85     4.18     4.06
Fort-SMITH 170910 300  182500-183000   00     300.55  975.3    226.11     4.30     4.17
Fort-SMITH 170910 300  183000-183500   00     301.67  975.3    226.93     4.68     4.55
Fort-SMITH 170910 300  183500-184000   00     300.18  975.3    225.73     4.13     3.99
Fort-SMITH 170910 300  184000-184500   00     301.68  975.2    226.81     4.62     4.48
Fort-SMITH 170910 300  184500-185000   00     302.17  975.2    227.21     4.81     4.66
Fort-SMITH 170910 300  185000-185500   00     303.36  975.3    228.13     5.24     5.09
Fort-SMITH 170910 300  185500-190000   00     298.14  975.3    224.23     3.43     3.27
Fort-SMITH 170910 300  190000-190500   00     299.48  975.2    225.21     3.89     3.73
Fort-SMITH 170910 300  190500-191000   00     299.20  975.3    225.01     3.79     3.62
Fort-SMITH 170910 300  191000-191500   00     299.19  975.3    225.10     3.84     3.67
Fort-SMITH 170910 300  191500-192000   00     298.81  975.4    224.92     3.75     3.57
Fort-SMITH 170910 300  192000-192500   00     296.85  975.4    223.54     3.12     2.94
Fort-SMITH 170910 300  192500-193000   00     294.67  975.5    221.93     2.37     2.18
Fort-SMITH 170910 300  193000-193500   00     298.65  975.5    224.92     3.75     3.56
Fort-SMITH 170910 300  193500-194000   00     298.32  975.5    224.70     3.65     3.45
Fort-SMITH 170910 300  194000-194500   00     297.24  975.5    223.94     3.30     3.10
Fort-SMITH 170910 300  194500-195000   00     298.11  975.6    224.71     3.66     3.45
Fort-SMITH 170910 300  195000-195500   00     298.04  975.6    224.74     3.67     3.46
Fort-SMITH 170910 300  195500-200000   00     300.02  975.6    226.28     4.38     4.16
Fort-SMITH 170910 300  200000-200500   00     299.23  975.7    225.78     4.15     3.93
Fort-SMITH 170910 300  200500-201000   00     296.75  975.7    223.93     3.29     3.06
Fort-SMITH 170910 300  201000-201500   00     295.98  975.7    223.37     3.04     2.81
Fort-SMITH 170910 300  201500-202000   00     297.69  975.7    224.70     3.65     3.41
Fort-SMITH 170910 300  202000-202500   00     298.64  975.8    225.51     4.03     3.79
Fort-SMITH 170910 300  202500-203000   00     295.45  975.8    223.15     2.94     2.69
Fort-SMITH 170910 300  203000-203500   00     297.30  975.9    224.59     3.60     3.35
Fort-SMITH 170910 300  203500-204000   00     294.58  975.9    222.57     2.67     2.41
Fort-SMITH 170910 300  204000-204500   00     295.04  975.9    222.99     2.86     2.60
Fort-SMITH 170910 300  204500-205000   00     293.53  976.0    221.94     2.38     2.11
Fort-SMITH 170910 300  205000-205500   00     295.64  976.0    223.62     3.15     2.88
Fort-SMITH 170910 300  205500-210000   00     296.56  976.1    224.41     3.52     3.24
Fort-SMITH 170910 300  210000-210500   00     293.39  976.1    222.08     2.44     2.16
Fort-SMITH 170910 300  210500-211000   00     295.44  976.2    223.73     3.20     2.91
Fort-SMITH 170910 300  211000-211500   00     293.40  976.2    222.28     2.54     2.25
Fort-SMITH 170910 300  211500-212000   00     296.50  976.3    224.79     3.69     3.39
Fort-SMITH 170910 300  212000-212500   00     293.64  976.4    222.77     2.76     2.46
Fort-SMITH 170910 300  212500-213000   00     294.70  976.5    223.66     3.17     2.86
Fort-SMITH 170910 300  213000-213500   00     295.61  976.5    224.43     3.53     3.22
Fort-SMITH 170910 300  213500-214000   00     294.02  976.6    223.32     3.01     2.69
Fort-SMITH 170910 300  214000-214500   00     292.52  976.6    222.26     2.53     2.21
Fort-SMITH 170910 300  214500-215000   00     292.49  976.7    222.31     2.55     2.22
Fort-SMITH 170910 300  215000-215500   00     293.32  976.7    223.00     2.87     2.54
Fort-SMITH 170910 300  215500-220000   00     292.50  976.7    222.44     2.61     2.27
Fort-SMITH 170910 300  220000-220500   00     292.48  976.8    222.47     2.62     2.28
Fort-SMITH 170910 300  220500-221000   00     296.11  976.8    225.32     3.94     3.59
Fort-SMITH 170910 300  221000-221500   00     293.71  976.9    223.57     3.13     2.78
Fort-SMITH 170910 300  221500-222000   00     292.41  976.9    222.66     2.71     2.35
Fort-SMITH 170910 300  222000-222500   00     292.16  977.0    222.53     2.65     2.29
Fort-SMITH 170910 300  222500-223000   00     292.72  977.0    223.03     2.88     2.51
Fort-SMITH 170910 300  223000-223500   00     290.93  977.1    221.75     2.29     1.92
Fort-SMITH 170910 300  223500-224000   00     291.48  977.1    222.22     2.51     2.13
Fort-SMITH 170910 300  224000-224500   00     292.97  977.1    223.37     3.04     2.66
Fort-SMITH 170910 300  224500-225000   00     290.46  977.1    221.53     2.19     1.80
Fort-SMITH 170910 300  225000-225500   00     291.69  977.2    222.50     2.64     2.25
Fort-SMITH 170910 300  225500-230000   00     291.17  977.2    222.22     2.51     2.11
Fort-SMITH 170910 300  230000-230500   00     290.53  977.3    221.84     2.33     1.93
Fort-SMITH 170910 300  230500-231000   00     290.47  977.3    221.87     2.34     1.93
Fort-SMITH 170910 300  231000-231500   00     287.71  977.4    219.87     1.42     1.01
Fort-SMITH 170910 300  231500-232000   00     288.88  977.5    220.87     1.88     1.46
Fort-SMITH 170910 300  232000-232500   00     289.10  977.6    221.19     2.03     1.61
Fort-SMITH 170910 300  232500-233000   00     289.88  977.6    221.90     2.36     1.93
Fort-SMITH 170910 300  233000-233500   00     289.66  977.7    221.78     2.31     1.88
Fort-SMITH 170910 300  233500-234000   00     291.17  977.7    222.99     2.86     2.42
Fort-SMITH 170910 300  234000-234500   00     292.10  977.7    223.80     3.24     2.80
Fort-SMITH 170910 300  234500-235000   00     289.07  977.8    221.57     2.21     1.76
Fort-SMITH 170910 300  235000-235500   00     288.49  977.8    221.15     2.01     1.56
Fort-SMITH 170910 300  235500-240000   00     289.77  977.8    222.19     2.49     2.03
Fort-SMITH 170911 300  000000-000500   00     290.01  977.9    222.49     2.63     2.17
Fort-SMITH 170911 300  000500-001000   00     289.59  978.0    222.27     2.53     2.06
Fort-SMITH 170911 300  001000-001500   00     288.69  978.0    221.70     2.27     1.80
Fort-SMITH 170911 300  001500-002000   00     289.62  978.1    222.57     2.67     2.19
Fort-SMITH 170911 300  002000-002500   00     292.90  978.2    225.13     3.85     3.37
Fort-SMITH 170911 300  002500-003000   00     287.71  978.2    221.26     2.07     1.58
Fort-SMITH 170911 300  003000-003500   00     287.70  978.3    221.35     2.11     1.62
Fort-SMITH 170911 300  003500-004000   00     289.04  978.4    222.48     2.63     2.13
Fort-SMITH 170911 300  004000-004500   00     290.44  978.4    223.68     3.18     2.68
Fort-SMITH 170911 300  004500-005000   00     288.26  978.5    222.04     2.42     1.91
Fort-SMITH 170911 300  005000-005500   00     287.80  978.5    221.77     2.30     1.79
Fort-SMITH 170911 300  005500-010000   00     288.65  978.6    222.56     2.66     2.14
Fort-SMITH 170911 300  010000-010500   00     286.11  978.6    220.69     1.80     1.28
Fort-SMITH 170911 300  010500-011000   00     284.62  978.7    219.58     1.29     0.76
Fort-SMITH 170911 300  011000-011500   00     289.03  978.7    223.03     2.88     2.35
Fort-SMITH 170911 300  011500-012000   00     285.96  978.7    220.75     1.83     1.29
Fort-SMITH 170911 300  012000-012500   00     286.13  978.8    221.04     1.96     1.42
Fort-SMITH 170911 300  012500-013000   00     286.27  978.9    221.23     2.05     1.50
Fort-SMITH 170911 300  013000-013500   00     289.67  978.9    223.91     3.29     2.74
Fort-SMITH 170911 300  013500-014000   00     287.51  979.0    222.32     2.55     1.99
Fort-SMITH 170911 300  014000-014500   00     287.86  979.0    222.63     2.70     2.14
Fort-SMITH 170911 300  014500-015000   00     285.25  979.0    220.66     1.79     1.22
Fort-SMITH 170911 300  015000-015500   00     286.42  979.1    221.69     2.26     1.69
Fort-SMITH 170911 300  015500-020000   00     282.53  979.2    218.79     0.93     0.35
Fort-SMITH 170911 300  020000-020500   00     284.37  979.2    220.34     1.64     1.06
Fort-SMITH 170911 300  020500-021000   00     284.29  979.3    220.33     1.64     1.05
Fort-SMITH 170911 300  021000-021500   00     284.13  979.3    220.28     1.61     1.02
Fort-SMITH 170911 300  021500-022000   00     285.51  979.4    221.49     2.17     1.57
Fort-SMITH 170911 300  022000-022500   00     283.88  979.5    220.36     1.65     1.05
Fort-SMITH 170911 300  022500-023000   00     283.52  979.6    220.23     1.59     0.98
Fort-SMITH 170911 300  023000-023500   00     281.56  979.7    218.86     0.96     0.35
Fort-SMITH 170911 300  023500-024000   00     283.17  979.7    220.21     1.58     0.96
Fort-SMITH 170911 300  024000-024500   00     283.35  979.8    220.40     1.67     1.05
Fort-SMITH 170911 300  024500-025000   00     282.74  979.8    219.96     1.47     0.84
Fort-SMITH 170911 300  025000-025500   00     281.39  979.8    219.00     1.02     0.39
Fort-SMITH 170911 300  025500-030000   00     282.45  979.9    219.88     1.43     0.79
Fort-SMITH 170911 300  030000-030500   00     281.45  979.9    219.17     1.10     0.46
Fort-SMITH 170911 300  030500-031000   00     280.42  980.0    218.47     0.78     0.13
Fort-SMITH 170911 300  031000-031500   00     281.68  980.0    219.50     1.25     0.60
Fort-SMITH 170911 300  031500-032000   00     282.16  980.1    219.99     1.48     0.82
Fort-SMITH 170911 300  032000-032500   00     281.06  980.1    219.27     1.15     0.49
Fort-SMITH 170911 300  032500-033000   00     278.33  980.2    217.22     0.20    -0.47
Fort-SMITH 170911 300  033000-033500   00     280.44  980.2    218.90     0.98     0.31
Fort-SMITH 170911 300  033500-034000   00     281.10  980.3    219.48     1.25     0.57
Fort-SMITH 170911 300  034000-034500   00     280.16  980.3    218.85     0.95     0.27
Fort-SMITH 170911 300  034500-035000   00     280.13  980.4    219.01     1.02     0.33
Fort-SMITH 170911 300  035000-035500   00     279.25  980.5    218.47     0.78     0.09
Fort-SMITH 170911 300  035500-040000   00     276.77  980.6    216.60    -0.08    -0.78
Fort-SMITH 170911 300  040000-040500   00     278.43  980.6    217.93     0.53    -0.17
Fort-SMITH 170911 300  040500-041000   00     279.58  980.6    218.79     0.93    -9999
Fort-SMITH 170911 300  041000-041500   00     279.51  980.6    218.74     0.90    -9999
Fort-SMITH 170911 300  041500-042000   00     278.24  980.5    217.69     0.42    -9999
Fort-SMITH 170911 300  042000-042500   00     280.67  980.5    219.56     1.28    -9999
Fort-SMITH 170911 300  042500-043000   00     280.10  980.5    219.04     1.04    -9999
Fort-SMITH 170911 300  043000-043500   00     278.94  980.5    218.15     0.63    -9999
Fort-SMITH 170911 300  043500-044000   00     279.79  980.5    218.79     0.93    -9999
Fort-SMITH 170911 300  044000-044500   00     279.52  980.5    218.59     0.83    -9999
Fort-SMITH 170911 300  044500-045000   00     277.83  980.5    217.32     0.25    -9999
Fort-SMITH 170911 300  045000-045500   00     280.51  980.6    219.51     1.26    -9999
Fort-SMITH 170911 300  045500-050000   00     279.31  980.6    218.56     0.82    -9999
Fort-SMITH 170911 300  050000-050500   00     280.59  980.6    219.62     1.31    -9999
Fort-SMITH 170911 300  050500-051000   00     278.99  980.7    218.48     0.78    -9999
Fort-SMITH 170911 300  051000-051500   00     278.77  980.7    218.44     0.76    -9999
Fort-SMITH 170911 300  051500-052000   00     276.35  980.8    216.64    -0.07    -9999
Fort-SMITH 170911 300  052000-052500   00     280.64  980.9    220.10     1.53    -9999
Fort-SMITH 170911 300  052500-053000   00     277.45  980.9    217.72     0.43    -9999
Fort-SMITH 170911 300  053000-053500   00     276.00  981.0    216.66    -0.06    -9999
Fort-SMITH 170911 300  053500-054000   00     279.92  981.1    219.87     1.42    -9999
Fort-SMITH 170911 300  054000-054500   00     277.87  981.1    218.25     0.68    -9999
Fort-SMITH 170911 300  054500-055000   00     278.20  981.1    218.57     0.82    -9999
Fort-SMITH 170911 300  055000-055500   00     274.83  981.2    216.07    -0.33    -9999
Fort-SMITH 170911 300  055500-060000   00     277.40  981.3    218.21     0.66    -9999
Fort-SMITH 170911 300  060000-060500   00     279.40  981.3    219.94     1.45    -9999
Fort-SMITH 170911 300  060500-061000   00     278.05  981.4    218.95     1.00    -9999
Fort-SMITH 170911 300  061000-061500   00     279.01  981.4    219.64     1.32    -9999
Fort-SMITH 170911 300  061500-062000   00     276.18  981.3    217.38     0.27    -9999
Fort-SMITH 170911 300  062000-062500   00     275.38  981.4    216.86     0.03    -9999
Fort-SMITH 170911 300  062500-063000   00     276.24  981.5    217.63     0.39    -9999
Fort-SMITH 170911 300  063000-063500   00     279.94  981.5    220.55     1.74    -9999
Fort-SMITH 170911 300  063500-064000   00     277.36  981.4    218.48     0.78    -9999
Fort-SMITH 170911 300  064000-064500   00     278.80  981.5    219.70     1.34    -9999
Fort-SMITH 170911 300  064500-065000   00     275.79  981.5    217.41     0.29    -9999
Fort-SMITH 170911 300  065000-065500   00     279.31  981.6    220.22     1.58    -9999
Fort-SMITH 170911 300  065500-070000   00     278.63  981.6    219.67     1.33    -9999
Fort-SMITH 170911 300  070000-070500   00     276.12  981.6    217.83     0.48    -9999
Fort-SMITH 170911 300  070500-071000   00     278.21  981.8    219.68     1.33    -9999
Fort-SMITH 170911 300  071000-071500   00     276.23  981.8    218.25     0.68    -9999
Fort-SMITH 170911 300  071500-072000   00     275.90  981.9    218.03     0.57    -9999
Fort-SMITH 170911 300  072000-072500   00     277.47  981.9    219.31     1.17    -9999
Fort-SMITH 170911 300  072500-073000   00     278.33  981.9    220.07     1.51    -9999
Fort-SMITH 170911 300  073000-073500   00     276.84  981.9    218.87     0.96    -9999
Fort-SMITH 170911 300  073500-074000   00     275.28  982.0    217.74     0.44    -9999
Fort-SMITH 170911 300  074000-074500   00     278.59  982.0    220.42     1.68    -9999
Fort-SMITH 170911 300  074500-075000   00     276.21  982.0    218.58     0.83    -9999
Fort-SMITH 170911 300  075000-075500   00     276.29  982.1    218.68     0.88    -9999
Fort-SMITH 170911 300  075500-080000   00     277.70  982.1    219.83     1.40    -9999
Fort-SMITH 170911 300  080000-080500   00     276.93  982.1    219.14     1.09    -9999
Fort-SMITH 170911 300  080500-081000   00     273.14  982.0    216.10    -0.32    -9999
Fort-SMITH 170911 300  081000-081500   00     275.04  982.0    217.50     0.33    -9999
Fort-SMITH 170911 300  081500-082000   00     275.59  982.0    217.97     0.55    -9999
Fort-SMITH 170911 300  082000-082500   00     274.64  982.0    217.22     0.20    -9999
Fort-SMITH 170911 300  082500-083000   00     274.21  982.0    216.82     0.02    -9999
Fort-SMITH 170911 300  083000-083500   00     277.29  981.9    219.25     1.14    -9999
Fort-SMITH 170911 300  083500-084000   00     275.05  982.0    217.58     0.37    -9999
Fort-SMITH 170911 300  084000-084500   00     276.71  982.0    218.86     0.96    -9999
Fort-SMITH 170911 300  084500-085000   00     275.57  981.9    217.88     0.51    -9999
Fort-SMITH 170911 300  085000-085500   00     273.50  982.0    216.28    -0.23    -9999
Fort-SMITH 170911 300  085500-090000   00     272.78  982.0    215.82    -0.44    -9999
Fort-SMITH 170911 300  090000-090500   00     275.39  982.1    218.08     0.60    -9999
Fort-SMITH 170911 300  090500-091000   00     275.86  982.3    218.74     0.90    -9999
Fort-SMITH 170911 300  091000-091500   00     274.52  982.5    217.91     0.52    -9999
Fort-SMITH 170911 300  091500-092000   00     274.41  982.5    217.93     0.53    -9999
Fort-SMITH 170911 300  092000-092500   00     278.25  982.5    220.88     1.89    -9999
Fort-SMITH 170911 300  092500-093000   00     273.59  982.4    217.10     0.14    -9999
Fort-SMITH 170911 300  093000-093500   00     276.02  982.5    219.11     1.07    -9999
Fort-SMITH 170911 300  093500-094000   00     273.59  982.5    217.16     0.18    -9999
Fort-SMITH 170911 300  094000-094500   00     275.54  982.5    218.71     0.89    -9999
Fort-SMITH 170911 300  094500-095000   00     277.04  982.5    219.90     1.44    -9999
Fort-SMITH 170911 300  095000-095500   00     275.49  982.5    218.73     0.90    -9999
Fort-SMITH 170911 300  095500-100000   00     274.09  982.4    217.47     0.32    -9999
Fort-SMITH 170911 300  100000-100500   00     275.54  982.4    218.68     0.87    -9999
Fort-SMITH 170911 300  100500-101000   00     276.58  982.5    219.59     1.29    -9999
Fort-SMITH 170911 300  101000-101500   00     271.87  982.4    215.68    -0.51    -9999
Fort-SMITH 170911 300  101500-102000   00     273.59  982.4    217.11     0.15    -9999
Fort-SMITH 170911 300  102000-102500   00     274.19  982.5    217.69     0.42    -9999
Fort-SMITH 170911 300  102500-103000   00     274.25  982.5    217.83     0.48    -9999
Fort-SMITH 170911 300  103000-103500   00     272.52  982.4    216.26    -0.24    -9999
Fort-SMITH 170911 300  103500-104000   00     276.66  982.3    219.39     1.20    -9999
Fort-SMITH 170911 300  104000-104500   00     274.55  982.5    217.92     0.52    -9999
Fort-SMITH 170911 300  104500-105000   00     273.26  982.6    217.06     0.13    -9999
Fort-SMITH 170911 300  105000-105500   00     274.82  982.6    218.33     0.71    -9999
Fort-SMITH 170911 300  105500-110000   00     275.21  982.6    218.66     0.86    -9999
Fort-SMITH 170911 300  110000-110500   00     275.59  982.5    218.85     0.95    -9999
Fort-SMITH 170911 300  110500-111000   00     276.57  982.5    219.65     1.32    -9999
Fort-SMITH 170911 300  111000-111500   00     277.03  982.5    220.02     1.49    -9999
Fort-SMITH 170911 300  111500-112000   00     274.42  982.5    217.93     0.53    -9999
Fort-SMITH 170911 300  112000-112500   00     273.67  982.5    217.25     0.22    -9999
Fort-SMITH 170911 300  112500-113000   00     278.01  982.5    220.72     1.81    -9999
Fort-SMITH 170911 300  113000-113500   00     275.72  982.5    218.96     1.00    -9999
Fort-SMITH 170911 300  113500-114000   00     275.65  982.5    218.94     0.99    -9999
Fort-SMITH 170911 300  114000-114500   00     276.91  982.5    219.92     1.45    -9999
Fort-SMITH 170911 300  114500-115000   00     274.32  982.5    217.86     0.50    -9999
Fort-SMITH 170911 300  115000-115500   00     277.22  982.6    220.27     1.61    -9999
Fort-SMITH 170911 300  115500-120000   00     276.47  982.7    219.79     1.39    -9999
Fort-SMITH 170911 3600 120000-130000   00     275.87  982.8    219.57     1.29    -9999
Fort-SMITH 170911 3600 130000-140000   00     276.54  982.7    219.89     1.43    -9999
Fort-SMITH 170911 3600 140000-150000   00     276.07  982.8    219.61     1.30    -9999
Fort-SMITH 170911 3600 150000-160000   00     276.21  982.9    219.95     1.46    -9999
Fort-SMITH 170911 3600 160000-170000   00     277.40  982.8    220.77     1.84    -9999
Fort-SMITH 170911 3600 170000-180000   00     277.73  982.7    220.86     1.88    -9999
Fort-SMITH 170911 3600 180000-190000   00     278.87  982.4    221.21     2.04    -9999
Fort-SMITH 170911 3600 190000-200000   00     278.32  982.0    220.23     1.59    -9999
Fort-SMITH 170911 3600 200000-210000   00     280.98  981.4    221.19     2.03    -9999
Fort-SMITH 170911 3600 210000-220000   00     282.12  981.0    221.53     2.19    -9999
Fort-SMITH 170911 3600 220000-230000   00     283.61  980.5    221.77     2.30    -9999
Fort-SMITH 170911 3600 230000-240000   00     284.06  980.0    221.34     2.10    -9999
*
COMMENT UNIVERISTY OF OULU: FILE GENERATED FROM DATABASE AND OBTAINED FROM
COMMENT https://gle.oulu.fi at 2025-01-11 16:21:59 +00:00
COMMENT FOR HISTORICAL/ORIGINAL TEXT FILES SEE https://gle.oulu.fi/txtarchive/
COMMENT ORIGINAL AT https://gle.oulu.fi/txtarchive/GLE72/C072FSMT_cor.DAT
COMMENT DETRENDED DATA SHOW -9999 IF EQUAL TO INC% COLUMN 