SOPO-6NM64 LATITUDE    -90       LONGITUDE     0         ALTITUDE    2820 M
SOPO-6NM64 INSTRUMENT   6NM64b    NEUTRON MONITOR	
SOPO-6NM64 STANDARD PRESSURE    687.7   mb     COEFFICIENT   -0.75     % / mb
SOPO-6NM64 PRE-INCREASE BASELINE TIME INTERVAL    170910    140000-160000   UT
SOPO-6NM64 PRE-INCREASE AVERAGE COUNTING RATE    151.03      COUNTS PER SECOND
SOPO-6NM64 TIME INTERVALS    300         3600     
SOPO-6NM64 SCALE FACTORS     1           1        
STATION    YYMMDD  SEC   TIME (UT)   CODE    UNCORR. PRESS.    CORR.    % INC.	DETRENDED
                         INTERVAL    TD      C/S     (mb)      C/S
SOPO-6NM64 170909 3600 000000-010000   00     142.69  682.9    145.87    -3.42    -9999
SOPO-6NM64 170909 3600 010000-020000   00     142.52  682.6    145.34    -3.77    -9999
SOPO-6NM64 170909 3600 020000-030000   00     142.66  682.1    144.99    -4.00    -9999
SOPO-6NM64 170909 3600 030000-040000   00     142.27  681.8    144.26    -4.48    -9999
SOPO-6NM64 170909 3600 040000-050000   00     143.52  681.6    145.37    -3.75    -9999
SOPO-6NM64 170909 3600 050000-060000   00     143.76  681.6    145.51    -3.66    -9999
SOPO-6NM64 170909 3600 060000-070000   00     143.90  681.2    145.27    -3.82    -9999
SOPO-6NM64 170909 3600 070000-080000   00     144.97  680.6    145.70    -3.53    -9999
SOPO-6NM64 170909 3600 080000-090000   00     145.26  680.2    145.59    -3.61    -9999
SOPO-6NM64 170909 3600 090000-100000   00     146.19  679.9    146.15    -3.23    -9999
SOPO-6NM64 170909 3600 100000-110000   00     146.41  679.8    146.25    -3.17    -9999
SOPO-6NM64 170909 3600 110000-120000   00     146.62  679.4    146.07    -3.28    -9999
SOPO-6NM64 170909 3600 120000-130000   00     147.37  679.0    146.31    -3.13    -9999
SOPO-6NM64 170909 3600 130000-140000   00     147.18  678.8    145.89    -3.40    -9999
SOPO-6NM64 170909 3600 140000-150000   00     147.89  678.3    146.07    -3.28    -9999
SOPO-6NM64 170909 3600 150000-160000   00     147.83  677.9    145.59    -3.61    -9999
SOPO-6NM64 170909 3600 160000-170000   00     148.56  677.4    145.77    -3.48    -9999
SOPO-6NM64 170909 3600 170000-180000   00     149.35  676.8    145.89    -3.41    -9999
SOPO-6NM64 170909 3600 180000-190000   00     150.24  676.1    145.98    -3.35    -9999
SOPO-6NM64 170909 3600 190000-200000   00     150.83  675.4    145.76    -3.49    -9999
SOPO-6NM64 170909 3600 200000-210000   00     151.69  674.9    146.00    -3.33    -9999
SOPO-6NM64 170909 3600 210000-220000   00     152.33  674.4    146.11    -3.26    -9999
SOPO-6NM64 170909 3600 220000-230000   00     152.76  674.2    146.30    -3.13    -9999
SOPO-6NM64 170909 3600 230000-240000   00     152.75  673.8    145.91    -3.39    -9999
SOPO-6NM64 170910 3600 000000-010000   00     153.97  673.4    146.56    -2.96    -9999
SOPO-6NM64 170910 3600 010000-020000   00     154.92  672.6    146.66    -2.89    -9999
SOPO-6NM64 170910 3600 020000-030000   00     156.16  672.1    147.18    -2.55    -9999
SOPO-6NM64 170910 3600 030000-040000   00     156.58  671.5    146.97    -2.69    -9999
SOPO-6NM64 170910 3600 040000-050000   00     157.75  671.0    147.56    -2.30    -9999
SOPO-6NM64 170910 3600 050000-060000   00     158.70  670.8    148.20    -1.88    -9999
SOPO-6NM64 170910 3600 060000-070000   00     159.73  670.6    148.87    -1.43    -9999
SOPO-6NM64 170910 3600 070000-080000   00     159.56  670.2    148.29    -1.82    -9999
SOPO-6NM64 170910 3600 080000-090000   00     160.06  669.8    148.31    -1.80    -9999
SOPO-6NM64 170910 3600 090000-100000   00     161.32  669.6    149.32    -1.13    -9999
SOPO-6NM64 170910 3600 100000-110000   00     161.47  669.6    149.38    -1.09    -9999
SOPO-6NM64 170910 3600 110000-120000   00     161.82  669.5    149.65    -0.92    -9999
SOPO-6NM64 170910 300  120000-120500   00     161.18  669.5    148.99    -1.35    -9999
SOPO-6NM64 170910 300  120500-121000   00     162.62  669.5    150.33    -0.46    -9999
SOPO-6NM64 170910 300  121000-121500   00     162.19  669.4    149.91    -0.74    -9999
SOPO-6NM64 170910 300  121500-122000   00     162.63  669.4    150.26    -0.51    -9999
SOPO-6NM64 170910 300  122000-122500   00     162.72  669.4    150.40    -0.42    -9999
SOPO-6NM64 170910 300  122500-123000   00     163.74  669.4    151.34     0.20    -9999
SOPO-6NM64 170910 300  123000-123500   00     161.76  669.4    149.46    -1.04    -9999
SOPO-6NM64 170910 300  123500-124000   00     163.05  669.4    150.63    -0.27    -9999
SOPO-6NM64 170910 300  124000-124500   00     161.71  669.4    149.46    -1.04    -9999
SOPO-6NM64 170910 300  124500-125000   00     162.53  669.5    150.23    -0.53    -9999
SOPO-6NM64 170910 300  125000-125500   00     163.95  669.4    151.49     0.30    -9999
SOPO-6NM64 170910 300  125500-130000   00     162.74  669.4    150.41    -0.41    -9999
SOPO-6NM64 170910 300  130000-130500   00     162.84  669.5    150.58    -0.30    -9999
SOPO-6NM64 170910 300  130500-131000   00     163.71  669.6    151.45     0.28    -9999
SOPO-6NM64 170910 300  131000-131500   00     164.33  669.6    152.11     0.71    -9999
SOPO-6NM64 170910 300  131500-132000   00     162.70  669.7    150.67    -0.24    -9999
SOPO-6NM64 170910 300  132000-132500   00     161.16  669.8    149.33    -1.12    -9999
SOPO-6NM64 170910 300  132500-133000   00     162.58  669.9    150.73    -0.20    -9999
SOPO-6NM64 170910 300  133000-133500   00     162.18  669.9    150.37    -0.44    -9999
SOPO-6NM64 170910 300  133500-134000   00     161.33  669.8    149.55    -0.98    -9999
SOPO-6NM64 170910 300  134000-134500   00     163.32  669.8    151.37     0.22    -9999
SOPO-6NM64 170910 300  134500-135000   00     162.94  669.8    150.97    -0.04    -9999
SOPO-6NM64 170910 300  135000-135500   00     162.53  669.8    150.58    -0.30    -9999
SOPO-6NM64 170910 300  135500-140000   00     163.92  669.8    151.91     0.58    -9999
SOPO-6NM64 170910 300  140000-140500   00     162.47  669.8    150.52    -0.34    -9999
SOPO-6NM64 170910 300  140500-141000   00     163.08  669.7    150.98    -0.03    -9999
SOPO-6NM64 170910 300  141000-141500   00     163.61  669.6    151.42     0.25    -9999
SOPO-6NM64 170910 300  141500-142000   00     162.64  669.6    150.47    -0.37    -9999
SOPO-6NM64 170910 300  142000-142500   00     161.70  669.5    149.51    -1.01    -9999
SOPO-6NM64 170910 300  142500-143000   00     163.44  669.5    151.10     0.05    -9999
SOPO-6NM64 170910 300  143000-143500   00     163.35  669.4    150.94    -0.06    -9999
SOPO-6NM64 170910 300  143500-144000   00     163.28  669.4    150.91    -0.08    -9999
SOPO-6NM64 170910 300  144000-144500   00     162.89  669.5    150.60    -0.28    -9999
SOPO-6NM64 170910 300  144500-145000   00     164.09  669.6    151.80     0.51    -9999
SOPO-6NM64 170910 300  145000-145500   00     163.24  669.6    151.03     0.00    -9999
SOPO-6NM64 170910 300  145500-150000   00     163.29  669.5    151.04     0.00    -9999
SOPO-6NM64 170910 300  150000-150500   00     162.66  669.6    150.46    -0.38    -9999
SOPO-6NM64 170910 300  150500-151000   00     164.32  669.5    151.99     0.63    -9999
SOPO-6NM64 170910 300  151000-151500   00     164.53  669.5    152.14     0.73    -9999
SOPO-6NM64 170910 300  151500-152000   00     163.91  669.5    151.59     0.37    -9999
SOPO-6NM64 170910 300  152000-152500   00     163.59  669.6    151.36     0.22    -9999
SOPO-6NM64 170910 300  152500-153000   00     163.26  669.6    151.09     0.04    -9999
SOPO-6NM64 170910 300  153000-153500   00     163.47  669.6    151.25     0.14    -9999
SOPO-6NM64 170910 300  153500-154000   00     163.15  669.5    150.88    -0.10    -9999
SOPO-6NM64 170910 300  154000-154500   00     163.95  669.4    151.53     0.33    -9999
SOPO-6NM64 170910 300  154500-155000   00     162.13  669.4    149.80    -0.81    -9999
SOPO-6NM64 170910 300  155000-155500   00     163.80  669.4    151.34     0.21    -9999
SOPO-6NM64 170910 300  155500-160000   00     163.43  669.4    151.04     0.01    -9999
SOPO-6NM64 170910 300  160000-160500   00     163.09  669.5    150.77    -0.17    -0.40
SOPO-6NM64 170910 300  160500-161000   00     163.36  669.5    151.10     0.04    -0.20
SOPO-6NM64 170910 300  161000-161500   00     163.13  669.5    150.82    -0.14    -0.40
SOPO-6NM64 170910 300  161500-162000   00     163.75  669.4    151.33     0.20    -0.08
SOPO-6NM64 170910 300  162000-162500   00     162.84  669.5    150.56    -0.31    -0.61
SOPO-6NM64 170910 300  162500-163000   00     165.09  669.5    152.64     1.07     0.75
SOPO-6NM64 170910 300  163000-163500   00     165.87  669.4    153.27     1.48     1.15
SOPO-6NM64 170910 300  163500-164000   00     165.53  669.5    153.03     1.32     0.97
SOPO-6NM64 170910 300  164000-164500   00     166.21  669.5    153.67     1.75     1.38
SOPO-6NM64 170910 300  164500-165000   00     167.20  669.5    154.60     2.36     1.97
SOPO-6NM64 170910 300  165000-165500   00     168.73  669.5    156.02     3.30     2.90
SOPO-6NM64 170910 300  165500-170000   00     170.34  669.5    157.47     4.26     3.84
SOPO-6NM64 170910 300  170000-170500   00     171.18  669.4    158.21     4.75     4.31
SOPO-6NM64 170910 300  170500-171000   00     171.79  669.4    158.74     5.10     4.65
SOPO-6NM64 170910 300  171000-171500   00     172.11  669.4    159.04     5.30     4.83
SOPO-6NM64 170910 300  171500-172000   00     171.45  669.4    158.38     4.86     4.37
SOPO-6NM64 170910 300  172000-172500   00     174.34  669.4    161.04     6.63     6.13
SOPO-6NM64 170910 300  172500-173000   00     174.00  669.4    160.80     6.46     5.94
SOPO-6NM64 170910 300  173000-173500   00     173.90  669.4    160.71     6.40     5.86
SOPO-6NM64 170910 300  173500-174000   00     175.03  669.4    161.74     7.09     6.54
SOPO-6NM64 170910 300  174000-174500   00     174.09  669.5    160.92     6.55     5.98
SOPO-6NM64 170910 300  174500-175000   00     174.16  669.5    161.07     6.65     6.06
SOPO-6NM64 170910 300  175000-175500   00     174.49  669.5    161.33     6.82     6.22
SOPO-6NM64 170910 300  175500-180000   00     174.95  669.4    161.64     7.03     6.41
SOPO-6NM64 170910 300  180000-180500   00     176.61  669.3    163.11     8.00     7.37
SOPO-6NM64 170910 300  180500-181000   00     174.69  669.2    161.22     6.75     6.10
SOPO-6NM64 170910 300  181000-181500   00     175.54  669.2    162.01     7.27     6.60
SOPO-6NM64 170910 300  181500-182000   00     175.79  669.3    162.33     7.48     6.80
SOPO-6NM64 170910 300  182000-182500   00     177.30  669.4    163.77     8.44     7.74
SOPO-6NM64 170910 300  182500-183000   00     175.18  669.4    161.80     7.13     6.42
SOPO-6NM64 170910 300  183000-183500   00     174.03  669.3    160.69     6.40     5.67
SOPO-6NM64 170910 300  183500-184000   00     173.14  669.3    159.82     5.82     5.08
SOPO-6NM64 170910 300  184000-184500   00     175.17  669.2    161.61     7.01     6.25
SOPO-6NM64 170910 300  184500-185000   00     175.48  669.2    161.93     7.22     6.45
SOPO-6NM64 170910 300  185000-185500   00     175.25  669.2    161.71     7.07     6.28
SOPO-6NM64 170910 300  185500-190000   00     176.45  669.2    162.73     7.75     6.95
SOPO-6NM64 170910 300  190000-190500   00     175.39  669.1    161.72     7.08     6.26
SOPO-6NM64 170910 300  190500-191000   00     175.03  669.2    161.50     6.93     6.10
SOPO-6NM64 170910 300  191000-191500   00     174.11  669.2    160.66     6.37     5.52
SOPO-6NM64 170910 300  191500-192000   00     174.56  669.2    161.09     6.66     5.80
SOPO-6NM64 170910 300  192000-192500   00     174.23  669.3    160.84     6.50     5.62
SOPO-6NM64 170910 300  192500-193000   00     176.05  669.3    162.59     7.65     6.76
SOPO-6NM64 170910 300  193000-193500   00     174.73  669.4    161.39     6.86     5.95
SOPO-6NM64 170910 300  193500-194000   00     175.06  669.3    161.68     7.05     6.13
SOPO-6NM64 170910 300  194000-194500   00     172.20  669.4    159.08     5.33     4.40
SOPO-6NM64 170910 300  194500-195000   00     174.55  669.4    161.32     6.81     5.86
SOPO-6NM64 170910 300  195000-195500   00     174.28  669.4    161.05     6.63     5.67
SOPO-6NM64 170910 300  195500-200000   00     173.55  669.4    160.41     6.21     5.23
SOPO-6NM64 170910 300  200000-200500   00     172.95  669.5    159.91     5.88     4.89
SOPO-6NM64 170910 300  200500-201000   00     173.02  669.5    159.94     5.90     4.90
SOPO-6NM64 170910 300  201000-201500   00     173.81  669.5    160.68     6.39     5.37
SOPO-6NM64 170910 300  201500-202000   00     173.27  669.5    160.27     6.11     5.08
SOPO-6NM64 170910 300  202000-202500   00     174.66  669.5    161.54     6.95     5.91
SOPO-6NM64 170910 300  202500-203000   00     172.82  669.5    159.77     5.79     4.73
SOPO-6NM64 170910 300  203000-203500   00     174.48  669.4    161.27     6.78     5.71
SOPO-6NM64 170910 300  203500-204000   00     175.47  669.5    162.19     7.39     6.31
SOPO-6NM64 170910 300  204000-204500   00     174.29  669.5    161.14     6.69     5.59
SOPO-6NM64 170910 300  204500-205000   00     175.46  669.5    162.23     7.42     6.31
SOPO-6NM64 170910 300  205000-205500   00     174.72  669.6    161.67     7.04     5.92
SOPO-6NM64 170910 300  205500-210000   00     175.60  669.6    162.46     7.57     6.44
SOPO-6NM64 170910 300  210000-210500   00     174.56  669.5    161.44     6.89     5.74
SOPO-6NM64 170910 300  210500-211000   00     174.07  669.5    160.91     6.54     5.38
SOPO-6NM64 170910 300  211000-211500   00     175.28  669.4    161.99     7.25     6.08
SOPO-6NM64 170910 300  211500-212000   00     174.73  669.4    161.44     6.89     5.71
SOPO-6NM64 170910 300  212000-212500   00     174.09  669.4    160.91     6.54     5.34
SOPO-6NM64 170910 300  212500-213000   00     173.71  669.6    160.70     6.40     5.19
SOPO-6NM64 170910 300  213000-213500   00     173.16  669.7    160.32     6.15     4.93
SOPO-6NM64 170910 300  213500-214000   00     172.88  669.7    160.08     5.99     4.76
SOPO-6NM64 170910 300  214000-214500   00     174.13  669.6    161.19     6.72     5.48
SOPO-6NM64 170910 300  214500-215000   00     173.06  669.7    160.20     6.07     4.81
SOPO-6NM64 170910 300  215000-215500   00     173.30  669.6    160.40     6.20     4.93
SOPO-6NM64 170910 300  215500-220000   00     173.17  669.7    160.32     6.15     4.87
SOPO-6NM64 170910 300  220000-220500   00     171.89  669.6    159.12     5.35     4.06
SOPO-6NM64 170910 300  220500-221000   00     173.42  669.6    160.42     6.21     4.91
SOPO-6NM64 170910 300  221000-221500   00     172.82  669.6    159.89     5.87     4.56
SOPO-6NM64 170910 300  221500-222000   00     172.78  669.6    159.93     5.89     4.57
SOPO-6NM64 170910 300  222000-222500   00     173.57  669.7    160.69     6.39     5.05
SOPO-6NM64 170910 300  222500-223000   00     172.84  669.7    160.04     5.96     4.61
SOPO-6NM64 170910 300  223000-223500   00     172.86  669.7    160.06     5.98     4.62
SOPO-6NM64 170910 300  223500-224000   00     171.97  669.7    159.19     5.40     4.03
SOPO-6NM64 170910 300  224000-224500   00     172.77  669.6    159.92     5.89     4.51
SOPO-6NM64 170910 300  224500-225000   00     173.43  669.7    160.58     6.32     4.93
SOPO-6NM64 170910 300  225000-225500   00     173.35  669.7    160.55     6.30     4.90
SOPO-6NM64 170910 300  225500-230000   00     174.21  669.8    161.43     6.88     5.47
SOPO-6NM64 170910 300  230000-230500   00     172.87  669.8    160.19     6.07     4.65
SOPO-6NM64 170910 300  230500-231000   00     172.96  669.7    160.15     6.04     4.61
SOPO-6NM64 170910 300  231000-231500   00     171.94  669.7    159.18     5.39     3.95
SOPO-6NM64 170910 300  231500-232000   00     172.49  669.7    159.71     5.74     4.29
SOPO-6NM64 170910 300  232000-232500   00     170.97  669.7    158.36     4.85     3.39
SOPO-6NM64 170910 300  232500-233000   00     171.83  669.8    159.20     5.41     3.94
SOPO-6NM64 170910 300  233000-233500   00     171.10  669.8    158.55     4.97     3.49
SOPO-6NM64 170910 300  233500-234000   00     171.45  669.8    158.93     5.23     3.74
SOPO-6NM64 170910 300  234000-234500   00     172.04  669.9    159.59     5.66     4.16
SOPO-6NM64 170910 300  234500-235000   00     170.77  670.0    158.46     4.92     3.41
SOPO-6NM64 170910 300  235000-235500   00     171.82  670.0    159.43     5.56     4.04
SOPO-6NM64 170910 300  235500-240000   00     171.90  670.0    159.52     5.62     4.09
SOPO-6NM64 170911 300  000000-000500   00     171.25  669.9    158.84     5.17     3.63
SOPO-6NM64 170911 300  000500-001000   00     170.12  669.8    157.71     4.42     2.87
SOPO-6NM64 170911 300  001000-001500   00     169.83  669.9    157.49     4.28     2.72
SOPO-6NM64 170911 300  001500-002000   00     169.19  669.9    156.90     3.89     2.32
SOPO-6NM64 170911 300  002000-002500   00     169.80  669.9    157.48     4.27     2.69
SOPO-6NM64 170911 300  002500-003000   00     169.92  669.9    157.59     4.34     2.76
SOPO-6NM64 170911 300  003000-003500   00     171.29  669.9    158.84     5.17     3.58
SOPO-6NM64 170911 300  003500-004000   00     169.75  670.0    157.51     4.29     2.69
SOPO-6NM64 170911 300  004000-004500   00     169.55  670.1    157.46     4.26     2.65
SOPO-6NM64 170911 300  004500-005000   00     169.50  670.1    157.44     4.24     2.62
SOPO-6NM64 170911 300  005000-005500   00     170.50  670.1    158.35     4.84     3.21
SOPO-6NM64 170911 300  005500-010000   00     169.71  670.1    157.63     4.37     2.73
SOPO-6NM64 170911 300  010000-010500   00     168.58  670.2    156.69     3.75     2.11
SOPO-6NM64 170911 300  010500-011000   00     167.59  670.3    155.89     3.22     1.57
SOPO-6NM64 170911 300  011000-011500   00     168.47  670.3    156.72     3.77     2.11
SOPO-6NM64 170911 300  011500-012000   00     167.85  670.3    156.16     3.40     1.73
SOPO-6NM64 170911 300  012000-012500   00     169.13  670.2    157.26     4.13     2.45
SOPO-6NM64 170911 300  012500-013000   00     168.02  670.3    156.24     3.45     1.77
SOPO-6NM64 170911 300  013000-013500   00     168.55  670.3    156.76     3.79     2.10
SOPO-6NM64 170911 300  013500-014000   00     167.45  670.3    155.78     3.15     1.45
SOPO-6NM64 170911 300  014000-014500   00     166.88  670.3    155.24     2.79     1.08
SOPO-6NM64 170911 300  014500-015000   00     168.03  670.4    156.40     3.55     1.84
SOPO-6NM64 170911 300  015000-015500   00     166.12  670.4    154.59     2.35     0.63
SOPO-6NM64 170911 300  015500-020000   00     165.18  670.3    153.66     1.74     0.01
SOPO-6NM64 170911 300  020000-020500   00     167.33  670.3    155.62     3.04     1.31
SOPO-6NM64 170911 300  020500-021000   00     166.64  670.3    154.99     2.62     0.88
SOPO-6NM64 170911 300  021000-021500   00     167.14  670.3    155.51     2.96     1.21
SOPO-6NM64 170911 300  021500-022000   00     165.68  670.4    154.18     2.09     0.33
SOPO-6NM64 170911 300  022000-022500   00     167.32  670.4    155.75     3.12     1.36
SOPO-6NM64 170911 300  022500-023000   00     166.40  670.4    154.91     2.57     0.80
SOPO-6NM64 170911 300  023000-023500   00     166.79  670.4    155.27     2.80     1.02
SOPO-6NM64 170911 300  023500-024000   00     166.04  670.5    154.64     2.39     0.61
SOPO-6NM64 170911 300  024000-024500   00     166.32  670.5    154.96     2.60     0.81
SOPO-6NM64 170911 300  024500-025000   00     165.79  670.6    154.55     2.33     0.54
SOPO-6NM64 170911 300  025000-025500   00     165.17  670.6    154.05     2.00     0.20
SOPO-6NM64 170911 300  025500-030000   00     166.20  670.7    155.03     2.65     0.84
SOPO-6NM64 170911 300  030000-030500   00     166.77  670.6    155.52     2.97     1.16
SOPO-6NM64 170911 300  030500-031000   00     165.36  670.7    154.25     2.13     0.31
SOPO-6NM64 170911 300  031000-031500   00     165.69  670.7    154.54     2.33     0.51
SOPO-6NM64 170911 300  031500-032000   00     165.67  670.7    154.61     2.37     0.54
SOPO-6NM64 170911 300  032000-032500   00     165.34  670.9    154.45     2.27     0.43
SOPO-6NM64 170911 300  032500-033000   00     165.40  671.0    154.63     2.38     0.54
SOPO-6NM64 170911 300  033000-033500   00     164.89  671.0    154.15     2.06     0.21
SOPO-6NM64 170911 300  033500-034000   00     164.42  671.0    153.78     1.82    -0.03
SOPO-6NM64 170911 300  034000-034500   00     164.44  671.1    153.84     1.86     0.00
SOPO-6NM64 170911 300  034500-035000   00     164.22  671.0    153.57     1.68    -0.18
SOPO-6NM64 170911 300  035000-035500   00     163.32  670.9    152.65     1.07    -0.80
SOPO-6NM64 170911 300  035500-040000   00     164.84  670.9    153.99     1.96     0.09
SOPO-6NM64 170911 300  040000-040500   00     164.91  670.8    154.02     1.98     0.10
SOPO-6NM64 170911 300  040500-041000   00     167.19  670.8    156.14     3.38     1.50
SOPO-6NM64 170911 300  041000-041500   00     165.45  670.9    154.58     2.35     0.46
SOPO-6NM64 170911 300  041500-042000   00     165.99  670.9    155.10     2.69     0.80
SOPO-6NM64 170911 300  042000-042500   00     165.52  670.9    154.65     2.40     0.50
SOPO-6NM64 170911 300  042500-043000   00     166.37  670.9    155.41     2.90     1.00
SOPO-6NM64 170911 300  043000-043500   00     166.26  670.8    155.23     2.78     0.88
SOPO-6NM64 170911 300  043500-044000   00     165.70  670.8    154.67     2.41     0.50
SOPO-6NM64 170911 300  044000-044500   00     165.26  670.7    154.24     2.12     0.21
SOPO-6NM64 170911 300  044500-045000   00     164.56  670.7    153.58     1.69    -0.23
SOPO-6NM64 170911 300  045000-045500   00     165.29  670.7    154.26     2.14     0.22
SOPO-6NM64 170911 300  045500-050000   00     164.72  670.8    153.75     1.80    -0.12
SOPO-6NM64 170911 300  050000-050500   00     164.60  670.8    153.70     1.76    -0.17
SOPO-6NM64 170911 300  050500-051000   00     165.10  670.7    154.07     2.01     0.08
SOPO-6NM64 170911 300  051000-051500   00     165.45  670.7    154.34     2.19     0.25
SOPO-6NM64 170911 300  051500-052000   00     163.37  670.7    152.39     0.90    -1.04
SOPO-6NM64 170911 300  052000-052500   00     165.19  670.7    154.11     2.04     0.10
SOPO-6NM64 170911 300  052500-053000   00     165.43  670.7    154.40     2.23     0.28
SOPO-6NM64 170911 300  053000-053500   00     165.41  670.8    154.44     2.25     0.30
SOPO-6NM64 170911 300  053500-054000   00     164.66  670.9    153.82     1.85    -0.10
SOPO-6NM64 170911 300  054000-054500   00     163.64  670.9    152.96     1.27    -0.69
SOPO-6NM64 170911 300  054500-055000   00     165.87  671.0    155.12     2.70     0.74
SOPO-6NM64 170911 300  055000-055500   00     164.20  671.0    153.49     1.63    -0.33
SOPO-6NM64 170911 300  055500-060000   00     165.05  670.9    154.25     2.13     0.17
SOPO-6NM64 170911 300  060000-060500   00     164.79  671.0    154.06     2.01     0.04
SOPO-6NM64 170911 300  060500-061000   00     164.76  671.0    154.07     2.01     0.04
SOPO-6NM64 170911 300  061000-061500   00     164.62  671.1    154.02     1.98     0.01
SOPO-6NM64 170911 300  061500-062000   00     164.93  671.1    154.37     2.21     0.24
SOPO-6NM64 170911 300  062000-062500   00     164.08  671.1    153.55     1.67    -0.31
SOPO-6NM64 170911 300  062500-063000   00     164.76  671.1    154.21     2.10     0.12
SOPO-6NM64 170911 300  063000-063500   00     164.92  671.1    154.34     2.19     0.21
SOPO-6NM64 170911 300  063500-064000   00     163.93  671.1    153.41     1.58    -0.40
SOPO-6NM64 170911 300  064000-064500   00     165.20  671.1    154.62     2.37     0.39
SOPO-6NM64 170911 300  064500-065000   00     163.59  671.1    153.08     1.35    -0.64
SOPO-6NM64 170911 300  065000-065500   00     164.21  671.1    153.65     1.73    -0.26
SOPO-6NM64 170911 300  065500-070000   00     165.03  671.1    154.43     2.25     0.26
SOPO-6NM64 170911 300  070000-070500   00     166.25  671.1    155.60     3.02     1.03
SOPO-6NM64 170911 300  070500-071000   00     163.95  671.1    153.48     1.62    -0.37
SOPO-6NM64 170911 300  071000-071500   00     164.84  671.2    154.33     2.18     0.19
SOPO-6NM64 170911 300  071500-072000   00     164.61  671.2    154.17     2.08     0.08
SOPO-6NM64 170911 300  072000-072500   00     165.20  671.2    154.76     2.47     0.47
SOPO-6NM64 170911 300  072500-073000   00     165.61  671.2    155.14     2.72     0.72
SOPO-6NM64 170911 300  073000-073500   00     164.00  671.3    153.66     1.74    -0.26
SOPO-6NM64 170911 300  073500-074000   00     164.30  671.3    153.99     1.96    -0.04
SOPO-6NM64 170911 300  074000-074500   00     164.30  671.3    153.97     1.95    -0.05
SOPO-6NM64 170911 300  074500-075000   00     164.37  671.2    153.93     1.92    -0.08
SOPO-6NM64 170911 300  075000-075500   00     164.87  671.1    154.30     2.16     0.16
SOPO-6NM64 170911 300  075500-080000   00     164.50  671.1    153.93     1.92    -0.08
SOPO-6NM64 170911 300  080000-080500   00     164.79  671.1    154.20     2.10     0.10
SOPO-6NM64 170911 300  080500-081000   00     164.44  671.1    153.91     1.90    -9999
SOPO-6NM64 170911 300  081000-081500   00     165.10  671.2    154.59     2.36    -9999
SOPO-6NM64 170911 300  081500-082000   00     164.27  671.3    153.90     1.90    -9999
SOPO-6NM64 170911 300  082000-082500   00     164.66  671.3    154.34     2.19    -9999
SOPO-6NM64 170911 300  082500-083000   00     162.43  671.4    152.31     0.84    -9999
SOPO-6NM64 170911 300  083000-083500   00     165.89  671.4    155.53     2.98    -9999
SOPO-6NM64 170911 300  083500-084000   00     164.13  671.3    153.85     1.86    -9999
SOPO-6NM64 170911 300  084000-084500   00     164.39  671.4    154.14     2.06    -9999
SOPO-6NM64 170911 300  084500-085000   00     164.28  671.5    154.16     2.07    -9999
SOPO-6NM64 170911 300  085000-085500   00     163.04  671.5    153.02     1.32    -9999
SOPO-6NM64 170911 300  085500-090000   00     163.24  671.5    153.24     1.46    -9999
SOPO-6NM64 170911 300  090000-090500   00     163.41  671.5    153.40     1.56    -9999
SOPO-6NM64 170911 300  090500-091000   00     164.32  671.5    154.24     2.12    -9999
SOPO-6NM64 170911 300  091000-091500   00     162.79  671.5    152.82     1.18    -9999
SOPO-6NM64 170911 300  091500-092000   00     163.56  671.5    153.56     1.67    -9999
SOPO-6NM64 170911 300  092000-092500   00     163.26  671.5    153.28     1.49    -9999
SOPO-6NM64 170911 300  092500-093000   00     162.38  671.6    152.49     0.97    -9999
SOPO-6NM64 170911 300  093000-093500   00     163.27  671.6    153.32     1.52    -9999
SOPO-6NM64 170911 300  093500-094000   00     162.90  671.6    152.99     1.29    -9999
SOPO-6NM64 170911 300  094000-094500   00     161.82  671.6    151.97     0.62    -9999
SOPO-6NM64 170911 300  094500-095000   00     162.21  671.6    152.33     0.86    -9999
SOPO-6NM64 170911 300  095000-095500   00     161.74  671.6    151.93     0.60    -9999
SOPO-6NM64 170911 300  095500-100000   00     162.01  671.6    152.20     0.77    -9999
SOPO-6NM64 170911 300  100000-100500   00     163.24  671.6    153.33     1.52    -9999
SOPO-6NM64 170911 300  100500-101000   00     161.68  671.5    151.81     0.51    -9999
SOPO-6NM64 170911 300  101000-101500   00     162.29  671.5    152.38     0.89    -9999
SOPO-6NM64 170911 300  101500-102000   00     161.54  671.5    151.67     0.42    -9999
SOPO-6NM64 170911 300  102000-102500   00     163.01  671.5    153.05     1.34    -9999
SOPO-6NM64 170911 300  102500-103000   00     162.04  671.5    152.12     0.72    -9999
SOPO-6NM64 170911 300  103000-103500   00     163.07  671.5    153.10     1.37    -9999
SOPO-6NM64 170911 300  103500-104000   00     163.71  671.5    153.68     1.75    -9999
SOPO-6NM64 170911 300  104000-104500   00     162.83  671.5    152.83     1.19    -9999
SOPO-6NM64 170911 300  104500-105000   00     163.13  671.5    153.13     1.39    -9999
SOPO-6NM64 170911 300  105000-105500   00     163.34  671.6    153.43     1.58    -9999
SOPO-6NM64 170911 300  105500-110000   00     163.49  671.6    153.58     1.69    -9999
SOPO-6NM64 170911 300  110000-110500   00     162.60  671.6    152.74     1.13    -9999
SOPO-6NM64 170911 300  110500-111000   00     164.28  671.6    154.32     2.18    -9999
SOPO-6NM64 170911 300  111000-111500   00     161.44  671.6    151.60     0.37    -9999
SOPO-6NM64 170911 300  111500-112000   00     161.62  671.5    151.71     0.45    -9999
SOPO-6NM64 170911 300  112000-112500   00     164.35  671.5    154.27     2.14    -9999
SOPO-6NM64 170911 300  112500-113000   00     164.38  671.5    154.25     2.13    -9999
SOPO-6NM64 170911 300  113000-113500   00     163.76  671.5    153.66     1.74    -9999
SOPO-6NM64 170911 300  113500-114000   00     164.45  671.5    154.35     2.20    -9999
SOPO-6NM64 170911 300  114000-114500   00     164.55  671.5    154.46     2.27    -9999
SOPO-6NM64 170911 300  114500-115000   00     163.57  671.5    153.57     1.68    -9999
SOPO-6NM64 170911 300  115000-115500   00     163.86  671.6    153.88     1.88    -9999
SOPO-6NM64 170911 300  115500-120000   00     164.21  671.5    154.19     2.09    -9999
SOPO-6NM64 170911 3600 120000-130000   00     163.26  671.5    153.27     1.48    -9999
SOPO-6NM64 170911 3600 130000-140000   00     163.49  671.7    153.71     1.77    -9999
SOPO-6NM64 170911 3600 140000-150000   00     164.03  671.9    154.41     2.24    -9999
SOPO-6NM64 170911 3600 150000-160000   00     163.96  671.9    154.41     2.24    -9999
SOPO-6NM64 170911 3600 160000-170000   00     163.52  672.2    154.26     2.13    -9999
SOPO-6NM64 170911 3600 170000-180000   00     163.15  672.2    153.96     1.94    -9999
SOPO-6NM64 170911 3600 180000-190000   00     162.81  672.5    153.92     1.91    -9999
SOPO-6NM64 170911 3600 190000-200000   00     161.59  673.0    153.42     1.58    -9999
SOPO-6NM64 170911 3600 200000-210000   00     161.29  673.3    153.42     1.58    -9999
SOPO-6NM64 170911 3600 210000-220000   00     160.49  673.8    153.23     1.46    -9999
SOPO-6NM64 170911 3600 220000-230000   00     159.84  674.0    152.88     1.22    -9999
SOPO-6NM64 170911 3600 230000-240000   00     160.07  674.1    153.21     1.44    -9999
*
COMMENT UNIVERISTY OF OULU: FILE GENERATED FROM DATABASE AND OBTAINED FROM
COMMENT https://gle.oulu.fi at 2025-01-11 16:21:59 +00:00
COMMENT FOR HISTORICAL/ORIGINAL TEXT FILES SEE https://gle.oulu.fi/txtarchive/
COMMENT ORIGINAL AT https://gle.oulu.fi/txtarchive/GLE72/C072SOPB_cor.DAT
COMMENT DETRENDED DATA SHOW -9999 IF EQUAL TO INC% COLUMN 