IRKUTSK    LATITUDE    52.1      LONGITUDE     104       ALTITUDE    433 M
IRKUTSK    INSTRUMENT   18NM64    NEUTRON MONITOR     
IRKUTSK    STANDARD PRESSURE    956.5   mb     COEFFICIENT   -0.713    % / mb
IRKUTSK    PRE-INCREASE BASELINE TIME INTERVAL    170910    140000-160000   UT
IRKUTSK    PRE-INCREASE AVERAGE COUNTING RATE    178.29      COUNTS PER SECOND
IRKUTSK    TIME INTERVALS    300         3600     
IRKUTSK    SCALE FACTORS     1           1        
STATION    YYMMDD  SEC   TIME (UT)   CODE    UNCORR. PRESS.    CORR.    % INC.	DETRENDED
                         INTERVAL    TD      C/S     (mb)      C/S
IRKUTSK    170909 3600 000000-010000   00     141.48  959.8    176.60    -0.95    -9999
IRKUTSK    170909 3600 010000-020000   00     141.60  959.7    176.58    -0.96    -9999
IRKUTSK    170909 3600 020000-030000   00     141.08  959.9    176.15    -1.20    -9999
IRKUTSK    170909 3600 030000-040000   00     140.53  959.8    175.40    -1.62    -9999
IRKUTSK    170909 3600 040000-050000   00     141.22  959.3    175.61    -1.50    -9999
IRKUTSK    170909 3600 050000-060000   00     141.22  958.8    175.17    -1.75    -9999
IRKUTSK    170909 3600 060000-070000   00     141.88  958.5    175.48    -1.58    -9999
IRKUTSK    170909 3600 070000-080000   00     141.93  958.2    175.12    -1.78    -9999
IRKUTSK    170909 3600 080000-090000   00     142.77  958.0    175.92    -1.33    -9999
IRKUTSK    170909 3600 090000-100000   00     141.75  958.4    175.23    -1.72    -9999
IRKUTSK    170909 3600 100000-110000   00     141.65  958.7    175.45    -1.59    -9999
IRKUTSK    170909 3600 110000-120000   00     141.38  959.1    175.55    -1.54    -9999
IRKUTSK    170909 3600 120000-130000   00     141.00  959.5    175.70    -1.46    -9999
IRKUTSK    170909 3600 130000-140000   00     140.63  959.6    175.28    -1.69    -9999
IRKUTSK    170909 3600 140000-150000   00     140.40  960.1    175.73    -1.44    -9999
IRKUTSK    170909 3600 150000-160000   00     140.73  960.5    176.47    -1.02    -9999
IRKUTSK    170909 3600 160000-170000   00     140.25  961.0    176.58    -0.96    -9999
IRKUTSK    170909 3600 170000-180000   00     140.75  961.3    177.52    -0.43    -9999
IRKUTSK    170909 3600 180000-190000   00     141.45  961.4    178.48     0.11    -9999
IRKUTSK    170909 3600 190000-200000   00     141.67  961.3    178.70     0.23    -9999
IRKUTSK    170909 3600 200000-210000   00     141.78  961.4    179.02     0.41    -9999
IRKUTSK    170909 3600 210000-220000   00     140.50  961.6    177.69    -0.34    -9999
IRKUTSK    170909 3600 220000-230000   00     140.85  961.8    178.32     0.01    -9999
IRKUTSK    170909 3600 230000-240000   00     140.93  962.0    178.70     0.23    -9999
IRKUTSK    170910 3600 000000-010000   00     141.33  961.9    179.12     0.46    -9999
IRKUTSK    170910 3600 010000-020000   00     141.70  961.8    179.48     0.67    -9999
IRKUTSK    170910 3600 020000-030000   00     141.20  961.6    178.55     0.14    -9999
IRKUTSK    170910 3600 030000-040000   00     141.67  961.5    178.92     0.35    -9999
IRKUTSK    170910 3600 040000-050000   00     141.95  961.0    178.71     0.23    -9999
IRKUTSK    170910 3600 050000-060000   00     143.24  960.6    179.85     0.87    -9999
IRKUTSK    170910 3600 060000-070000   00     142.13  960.4    178.10    -0.11    -9999
IRKUTSK    170910 3600 070000-080000   00     142.77  960.0    178.38     0.05    -9999
IRKUTSK    170910 3600 080000-090000   00     143.00  959.5    178.15    -0.08    -9999
IRKUTSK    170910 3600 090000-100000   00     142.77  959.5    177.92    -0.21    -9999
IRKUTSK    170910 3600 100000-110000   00     142.63  959.8    177.92    -0.21    -9999
IRKUTSK    170910 3600 110000-120000   00     142.53  960.2    178.40     0.06    -9999
IRKUTSK    170910 300  120000-120500   00     144.60  960.5    181.20     1.63    -9999
IRKUTSK    170910 300  120500-121000   00     141.00  960.5    177.00    -0.72    -9999
IRKUTSK    170910 300  121000-121500   00     142.80  960.5    178.60     0.17    -9999
IRKUTSK    170910 300  121500-122000   00     143.60  960.5    180.40     1.18    -9999
IRKUTSK    170910 300  122000-122500   00     141.00  960.5    177.00    -0.72    -9999
IRKUTSK    170910 300  122500-123000   00     142.20  960.6    178.60     0.17    -9999
IRKUTSK    170910 300  123000-123500   00     140.40  960.6    176.40    -1.06    -9999
IRKUTSK    170910 300  123500-124000   00     139.80  960.7    175.60    -1.51    -9999
IRKUTSK    170910 300  124000-124500   00     142.40  960.7    178.60     0.17    -9999
IRKUTSK    170910 300  124500-125000   00     141.80  960.7    178.00    -0.16    -9999
IRKUTSK    170910 300  125000-125500   00     141.40  960.7    178.00    -0.16    -9999
IRKUTSK    170910 300  125500-130000   00     143.75  960.7    180.50     1.24    -9999
IRKUTSK    170910 300  130000-130500   00     143.67  960.8    179.20     0.51    -9999
IRKUTSK    170910 300  130500-131000   00     141.20  960.8    177.20    -0.61    -9999
IRKUTSK    170910 300  131000-131500   00     142.60  960.8    179.20     0.51    -9999
IRKUTSK    170910 300  131500-132000   00     142.80  960.8    179.60     0.73    -9999
IRKUTSK    170910 300  132000-132500   00     141.60  960.8    178.20    -0.05    -9999
IRKUTSK    170910 300  132500-133000   00     141.60  960.8    178.20    -0.05    -9999
IRKUTSK    170910 300  133000-133500   00     143.40  960.8    180.00     0.96    -9999
IRKUTSK    170910 300  133500-134000   00     141.00  960.8    177.20    -0.61    -9999
IRKUTSK    170910 300  134000-134500   00     143.00  960.8    179.60     0.73    -9999
IRKUTSK    170910 300  134500-135000   00     141.00  960.8    177.20    -0.61    -9999
IRKUTSK    170910 300  135000-135500   00     140.40  960.7    176.60    -0.95    -9999
IRKUTSK    170910 300  135500-140000   00     143.80  960.7    180.40     1.18    -9999
IRKUTSK    170910 300  140000-140500   00     141.80  960.7    178.20    -0.05    -9999
IRKUTSK    170910 300  140500-141000   00     142.00  960.8    178.40     0.06    -9999
IRKUTSK    170910 300  141000-141500   00     144.00  960.8    180.80     1.41    -9999
IRKUTSK    170910 300  141500-142000   00     141.20  960.7    177.40    -0.50    -9999
IRKUTSK    170910 300  142000-142500   00     141.80  960.7    178.20    -0.05    -9999
IRKUTSK    170910 300  142500-143000   00     142.00  960.7    178.20    -0.05    -9999
IRKUTSK    170910 300  143000-143500   00     140.60  960.7    176.60    -0.95    -9999
IRKUTSK    170910 300  143500-144000   00     142.40  960.8    179.00     0.40    -9999
IRKUTSK    170910 300  144000-144500   00     141.40  960.8    177.80    -0.28    -9999
IRKUTSK    170910 300  144500-145000   00     141.00  960.8    177.20    -0.61    -9999
IRKUTSK    170910 300  145000-145500   00     141.60  960.8    178.20    -0.05    -9999
IRKUTSK    170910 300  145500-150000   00     142.40  960.8    178.40     0.06    -9999
IRKUTSK    170910 300  150000-150500   00     141.80  960.7    178.20    -0.05    -9999
IRKUTSK    170910 300  150500-151000   00     139.80  960.8    175.80    -1.40    -9999
IRKUTSK    170910 300  151000-151500   00     141.40  960.8    177.60    -0.39    -9999
IRKUTSK    170910 300  151500-152000   00     141.00  960.8    177.40    -0.50    -9999
IRKUTSK    170910 300  152000-152500   00     141.40  960.8    177.60    -0.39    -9999
IRKUTSK    170910 300  152500-153000   00     143.00  960.8    180.00     0.96    -9999
IRKUTSK    170910 300  153000-153500   00     141.60  960.7    177.80    -0.28    -9999
IRKUTSK    170910 300  153500-154000   00     144.20  960.7    181.00     1.52    -9999
IRKUTSK    170910 300  154000-154500   00     143.00  960.6    179.80     0.85    -9999
IRKUTSK    170910 300  154500-155000   00     143.20  960.7    180.00     0.96    -9999
IRKUTSK    170910 300  155000-155500   00     141.20  960.7    177.40    -0.50    -9999
IRKUTSK    170910 300  155500-160000   00     141.60  960.7    178.00    -0.16    -9999
IRKUTSK    170910 300  160000-160500   00     141.60  960.6    177.80    -0.28    -9999
IRKUTSK    170910 300  160500-161000   00     145.20  960.6    182.40     2.30    -9999
IRKUTSK    170910 300  161000-161500   00     143.40  960.6    180.40     1.18    -9999
IRKUTSK    170910 300  161500-162000   00     143.80  960.6    180.20     1.07    -9999
IRKUTSK    170910 300  162000-162500   00     143.00  960.6    179.60     0.73    -9999
IRKUTSK    170910 300  162500-163000   00     144.20  960.6    181.20     1.63    -9999
IRKUTSK    170910 300  163000-163500   00     144.20  960.6    180.80     1.41    -9999
IRKUTSK    170910 300  163500-164000   00     143.60  960.5    180.00     0.96    -9999
IRKUTSK    170910 300  164000-164500   00     145.40  960.5    182.80     2.53    -9999
IRKUTSK    170910 300  164500-165000   00     146.20  960.5    183.00     2.64    -9999
IRKUTSK    170910 300  165000-165500   00     143.60  960.6    180.00     0.96    -9999
IRKUTSK    170910 300  165500-170000   00     144.60  960.6    181.60     1.86    -9999
IRKUTSK    170910 300  170000-170500   00     143.80  960.5    180.60     1.29    -9999
IRKUTSK    170910 300  170500-171000   00     145.00  960.5    181.80     1.97    -9999
IRKUTSK    170910 300  171000-171500   00     144.40  960.5    180.80     1.41    -9999
IRKUTSK    170910 300  171500-172000   00     144.80  960.5    181.80     1.97    -9999
IRKUTSK    170910 300  172000-172500   00     145.40  960.4    182.40     2.30    -9999
IRKUTSK    170910 300  172500-173000   00     145.40  960.3    182.00     2.08    -9999
IRKUTSK    170910 300  173000-173500   00     143.80  960.3    180.20     1.07    -9999
IRKUTSK    170910 300  173500-174000   00     146.20  960.2    182.80     2.53    -9999
IRKUTSK    170910 300  174000-174500   00     144.60  960.2    181.00     1.52    -9999
IRKUTSK    170910 300  174500-175000   00     144.20  960.2    180.40     1.18    -9999
IRKUTSK    170910 300  175000-175500   00     144.60  960.2    180.80     1.41    -9999
IRKUTSK    170910 300  175500-180000   00     144.80  960.2    181.60     1.86    -9999
IRKUTSK    170910 300  180000-180500   00     142.80  960.2    179.00     0.40    -9999
IRKUTSK    170910 300  180500-181000   00     146.20  960.2    183.00     2.64    -9999
IRKUTSK    170910 300  181000-181500   00     145.60  960.2    182.20     2.19    -9999
IRKUTSK    170910 300  181500-182000   00     144.20  960.2    180.60     1.29    -9999
IRKUTSK    170910 300  182000-182500   00     145.40  960.1    182.20     2.19    -9999
IRKUTSK    170910 300  182500-183000   00     145.20  960.1    181.80     1.97    -9999
IRKUTSK    170910 300  183000-183500   00     146.20  960.1    182.60     2.42    -9999
IRKUTSK    170910 300  183500-184000   00     145.00  960.0    181.20     1.63    -9999
IRKUTSK    170910 300  184000-184500   00     146.40  960.0    183.00     2.64    -9999
IRKUTSK    170910 300  184500-185000   00     145.60  960.0    182.00     2.08    -9999
IRKUTSK    170910 300  185000-185500   00     144.20  960.0    180.60     1.29    -9999
IRKUTSK    170910 300  185500-190000   00     143.20  960.0    179.20     0.51    -9999
IRKUTSK    170910 300  190000-190500   00     147.00  960.0    183.80     3.09    -9999
IRKUTSK    170910 300  190500-191000   00     145.00  960.0    181.20     1.63    -9999
IRKUTSK    170910 300  191000-191500   00     144.60  960.1    181.00     1.52    -9999
IRKUTSK    170910 300  191500-192000   00     146.20  960.1    183.00     2.64    -9999
IRKUTSK    170910 300  192000-192500   00     145.00  960.1    181.40     1.74    -9999
IRKUTSK    170910 300  192500-193000   00     143.60  960.1    179.80     0.85    -9999
IRKUTSK    170910 300  193000-193500   00     143.20  960.1    178.80     0.29    -9999
IRKUTSK    170910 300  193500-194000   00     144.80  960.1    181.20     1.63    -9999
IRKUTSK    170910 300  194000-194500   00     144.80  960.1    181.20     1.63    -9999
IRKUTSK    170910 300  194500-195000   00     145.20  960.1    181.40     1.74    -9999
IRKUTSK    170910 300  195000-195500   00     146.20  960.1    182.60     2.42    -9999
IRKUTSK    170910 300  195500-200000   00     144.00  960.1    180.20     1.07    -9999
IRKUTSK    170910 300  200000-200500   00     145.00  960.2    181.20     1.63    -9999
IRKUTSK    170910 300  200500-201000   00     144.40  960.2    180.40     1.18    -9999
IRKUTSK    170910 300  201000-201500   00     144.20  960.3    181.00     1.52    -9999
IRKUTSK    170910 300  201500-202000   00     142.80  960.2    179.00     0.40    -9999
IRKUTSK    170910 300  202000-202500   00     144.80  960.2    181.20     1.63    -9999
IRKUTSK    170910 300  202500-203000   00     144.80  960.2    180.80     1.41    -9999
IRKUTSK    170910 300  203000-203500   00     145.40  960.2    182.20     2.19    -9999
IRKUTSK    170910 300  203500-204000   00     145.80  960.2    183.00     2.64    -9999
IRKUTSK    170910 300  204000-204500   00     144.00  960.3    180.40     1.18    -9999
IRKUTSK    170910 300  204500-205000   00     144.00  960.3    180.20     1.07    -9999
IRKUTSK    170910 300  205000-205500   00     145.60  960.3    182.20     2.19    -9999
IRKUTSK    170910 300  205500-210000   00     142.00  960.3    178.20    -0.05    -9999
IRKUTSK    170910 300  210000-210500   00     144.00  960.3    180.20     1.07    -9999
IRKUTSK    170910 300  210500-211000   00     144.00  960.3    180.20     1.07    -9999
IRKUTSK    170910 300  211000-211500   00     144.40  960.3    180.40     1.18    -9999
IRKUTSK    170910 300  211500-212000   00     146.60  960.3    183.60     2.98    -9999
IRKUTSK    170910 300  212000-212500   00     145.20  960.3    182.00     2.08    -9999
IRKUTSK    170910 300  212500-213000   00     145.20  960.3    182.00     2.08    -9999
IRKUTSK    170910 300  213000-213500   00     145.00  960.2    181.40     1.74    -9999
IRKUTSK    170910 300  213500-214000   00     145.40  960.2    182.00     2.08    -9999
IRKUTSK    170910 300  214000-214500   00     146.20  960.3    183.60     2.98    -9999
IRKUTSK    170910 300  214500-215000   00     144.60  960.3    181.40     1.74    -9999
IRKUTSK    170910 300  215000-215500   00     145.00  960.3    181.40     1.74    -9999
IRKUTSK    170910 300  215500-220000   00     145.00  960.3    181.60     1.86    -9999
IRKUTSK    170910 300  220000-220500   00     144.20  960.3    180.40     1.18    -9999
IRKUTSK    170910 300  220500-221000   00     144.00  960.3    180.80     1.41    -9999
IRKUTSK    170910 300  221000-221500   00     145.40  960.3    182.20     2.19    -9999
IRKUTSK    170910 300  221500-222000   00     146.60  960.4    183.60     2.98    -9999
IRKUTSK    170910 300  222000-222500   00     143.00  960.4    179.60     0.73    -9999
IRKUTSK    170910 300  222500-223000   00     146.20  960.4    183.40     2.87    -9999
IRKUTSK    170910 300  223000-223500   00     144.00  960.4    180.40     1.18    -9999
IRKUTSK    170910 300  223500-224000   00     145.00  960.4    181.80     1.97    -9999
IRKUTSK    170910 300  224000-224500   00     145.40  960.4    182.40     2.30    -9999
IRKUTSK    170910 300  224500-225000   00     145.60  960.5    183.00     2.64    -9999
IRKUTSK    170910 300  225000-225500   00     144.80  960.5    181.40     1.74    -9999
IRKUTSK    170910 300  225500-230000   00     143.60  960.6    180.20     1.07    -9999
IRKUTSK    170910 300  230000-230500   00     143.00  960.5    179.40     0.62    -9999
IRKUTSK    170910 300  230500-231000   00     145.40  960.5    182.40     2.30    -9999
IRKUTSK    170910 300  231000-231500   00     143.00  960.6    179.40     0.62    -9999
IRKUTSK    170910 300  231500-232000   00     144.80  960.6    181.60     1.86    -9999
IRKUTSK    170910 300  232000-232500   00     145.80  960.6    182.80     2.53    -9999
IRKUTSK    170910 300  232500-233000   00     144.20  960.6    180.80     1.41    -9999
IRKUTSK    170910 300  233000-233500   00     143.20  960.7    180.00     0.96    -9999
IRKUTSK    170910 300  233500-234000   00     143.00  960.7    179.60     0.73    -9999
IRKUTSK    170910 300  234000-234500   00     146.40  960.7    184.00     3.20    -9999
IRKUTSK    170910 300  234500-235000   00     145.40  960.7    182.80     2.53    -9999
IRKUTSK    170910 300  235000-235500   00     143.80  960.7    180.60     1.29    -9999
IRKUTSK    170910 300  235500-240000   00     145.20  960.7    182.60     2.42    -9999
IRKUTSK    170911 300  000000-000500   00     144.00  960.7    181.00     1.52    -9999
IRKUTSK    170911 300  000500-001000   00     143.80  960.7    180.80     1.41    -9999
IRKUTSK    170911 300  001000-001500   00     145.60  960.7    183.00     2.64    -9999
IRKUTSK    170911 300  001500-002000   00     146.40  960.7    184.00     3.20    -9999
IRKUTSK    170911 300  002000-002500   00     145.00  960.7    182.20     2.19    -9999
IRKUTSK    170911 300  002500-003000   00     144.20  960.8    181.20     1.63    -9999
IRKUTSK    170911 300  003000-003500   00     144.00  960.8    181.00     1.52    -9999
IRKUTSK    170911 300  003500-004000   00     143.60  960.8    181.00     1.52    -9999
IRKUTSK    170911 300  004000-004500   00     144.20  960.8    181.40     1.74    -9999
IRKUTSK    170911 300  004500-005000   00     144.20  960.9    181.20     1.63    -9999
IRKUTSK    170911 300  005000-005500   00     146.40  960.8    184.00     3.20    -9999
IRKUTSK    170911 300  005500-010000   00     144.00  960.8    181.00     1.52    -9999
IRKUTSK    170911 300  010000-010500   00     144.40  960.8    181.40     1.74    -9999
IRKUTSK    170911 300  010500-011000   00     144.00  960.8    180.80     1.41    -9999
IRKUTSK    170911 300  011000-011500   00     146.00  960.7    183.60     2.98    -9999
IRKUTSK    170911 300  011500-012000   00     144.00  960.7    181.00     1.52    -9999
IRKUTSK    170911 300  012000-012500   00     143.20  960.8    179.80     0.85    -9999
IRKUTSK    170911 300  012500-013000   00     144.20  960.8    181.00     1.52    -9999
IRKUTSK    170911 300  013000-013500   00     143.80  960.7    180.60     1.29    -9999
IRKUTSK    170911 300  013500-014000   00     146.00  960.7    183.60     2.98    -9999
IRKUTSK    170911 300  014000-014500   00     143.40  960.7    180.20     1.07    -9999
IRKUTSK    170911 300  014500-015000   00     146.00  960.6    183.00     2.64    -9999
IRKUTSK    170911 300  015000-015500   00     143.80  960.6    180.00     0.96    -9999
IRKUTSK    170911 300  015500-020000   00     144.20  960.6    180.80     1.41    -9999
IRKUTSK    170911 300  020000-020500   00     145.00  960.5    182.00     2.08    -9999
IRKUTSK    170911 300  020500-021000   00     144.60  960.4    181.20     1.63    -9999
IRKUTSK    170911 300  021000-021500   00     145.20  960.4    182.20     2.19    -9999
IRKUTSK    170911 300  021500-022000   00     142.80  960.4    179.20     0.51    -9999
IRKUTSK    170911 300  022000-022500   00     143.40  960.3    179.80     0.85    -9999
IRKUTSK    170911 300  022500-023000   00     146.40  960.2    183.00     2.64    -9999
IRKUTSK    170911 300  023000-023500   00     147.40  960.2    184.60     3.54    -9999
IRKUTSK    170911 300  023500-024000   00     145.20  960.1    181.60     1.86    -9999
IRKUTSK    170911 300  024000-024500   00     146.20  960.2    183.00     2.64    -9999
IRKUTSK    170911 300  024500-025000   00     143.60  960.2    179.60     0.73    -9999
IRKUTSK    170911 300  025000-025500   00     146.00  960.2    182.80     2.53    -9999
IRKUTSK    170911 300  025500-030000   00     143.80  960.1    179.80     0.85    -9999
IRKUTSK    170911 300  030000-030500   00     144.20  960.1    180.60     1.29    -9999
IRKUTSK    170911 300  030500-031000   00     145.60  960.0    181.80     1.97    -9999
IRKUTSK    170911 300  031000-031500   00     144.80  960.0    181.20     1.63    -9999
IRKUTSK    170911 300  031500-032000   00     146.20  960.0    183.00     2.64    -9999
IRKUTSK    170911 300  032000-032500   00     145.40  960.0    181.40     1.74    -9999
IRKUTSK    170911 300  032500-033000   00     144.00  960.0    179.80     0.85    -9999
IRKUTSK    170911 300  033000-033500   00     144.20  960.0    180.20     1.07    -9999
IRKUTSK    170911 300  033500-034000   00     145.20  960.0    181.40     1.74    -9999
IRKUTSK    170911 300  034000-034500   00     145.60  960.0    182.00     2.08    -9999
IRKUTSK    170911 300  034500-035000   00     146.00  959.9    182.60     2.42    -9999
IRKUTSK    170911 300  035000-035500   00     145.20  959.9    181.20     1.63    -9999
IRKUTSK    170911 300  035500-040000   00     144.60  959.8    180.20     1.07    -9999
IRKUTSK    170911 300  040000-040500   00     146.00  959.7    181.80     1.97    -9999
IRKUTSK    170911 300  040500-041000   00     145.60  959.7    181.60     1.86    -9999
IRKUTSK    170911 300  041000-041500   00     144.60  959.6    180.20     1.07    -9999
IRKUTSK    170911 300  041500-042000   00     143.80  959.7    179.40     0.62    -9999
IRKUTSK    170911 300  042000-042500   00     145.20  959.6    181.20     1.63    -9999
IRKUTSK    170911 300  042500-043000   00     142.80  959.6    178.00    -0.16    -9999
IRKUTSK    170911 300  043000-043500   00     146.00  959.5    182.00     2.08    -9999
IRKUTSK    170911 300  043500-044000   00     147.40  959.5    183.20     2.75    -9999
IRKUTSK    170911 300  044000-044500   00     146.60  959.4    182.00     2.08    -9999
IRKUTSK    170911 300  044500-045000   00     146.20  959.5    182.20     2.19    -9999
IRKUTSK    170911 300  045000-045500   00     147.40  959.4    183.60     2.98    -9999
IRKUTSK    170911 300  045500-050000   00     145.00  959.4    180.80     1.41    -9999
IRKUTSK    170911 300  050000-050500   00     148.50  959.4    185.00     3.76    -9999
IRKUTSK    170911 300  050500-051000   00     145.50  959.3    181.40     1.74    -9999
IRKUTSK    170911 300  051000-051500   00     147.60  959.4    184.00     3.20    -9999
IRKUTSK    170911 300  051500-052000   00     145.80  959.3    181.40     1.74    -9999
IRKUTSK    170911 300  052000-052500   00     144.40  959.3    179.80     0.85    -9999
IRKUTSK    170911 300  052500-053000   00     145.00  959.3    180.40     1.18    -9999
IRKUTSK    170911 300  053000-053500   00     146.00  959.2    181.60     1.86    -9999
IRKUTSK    170911 300  053500-054000   00     144.00  959.3    179.00     0.40    -9999
IRKUTSK    170911 300  054000-054500   00     146.40  959.3    182.20     2.19    -9999
IRKUTSK    170911 300  054500-055000   00     146.60  959.3    182.00     2.08    -9999
IRKUTSK    170911 300  055000-055500   00     147.40  959.2    182.80     2.53    -9999
IRKUTSK    170911 300  055500-060000   00     145.80  959.2    181.00     1.52    -9999
IRKUTSK    170911 300  060000-060500   00     146.40  959.2    181.80     1.97    -9999
IRKUTSK    170911 300  060500-061000   00     146.40  959.2    181.80     1.97    -9999
IRKUTSK    170911 300  061000-061500   00     147.00  959.2    182.60     2.42    -9999
IRKUTSK    170911 300  061500-062000   00     146.80  959.2    182.40     2.30    -9999
IRKUTSK    170911 300  062000-062500   00     145.40  959.1    180.80     1.41    -9999
IRKUTSK    170911 300  062500-063000   00     147.20  959.1    183.00     2.64    -9999
IRKUTSK    170911 300  063000-063500   00     144.80  959.0    179.80     0.85    -9999
IRKUTSK    170911 300  063500-064000   00     148.00  959.0    183.60     2.98    -9999
IRKUTSK    170911 300  064000-064500   00     144.80  959.0    179.60     0.73    -9999
IRKUTSK    170911 300  064500-065000   00     146.00  958.9    181.20     1.63    -9999
IRKUTSK    170911 300  065000-065500   00     147.60  958.9    183.40     2.87    -9999
IRKUTSK    170911 300  065500-070000   00     146.80  958.9    182.40     2.30    -9999
IRKUTSK    170911 300  070000-070500   00     145.40  958.9    180.20     1.07    -9999
IRKUTSK    170911 300  070500-071000   00     147.40  958.9    182.80     2.53    -9999
IRKUTSK    170911 300  071000-071500   00     147.00  958.9    182.20     2.19    -9999
IRKUTSK    170911 300  071500-072000   00     145.80  958.8    180.60     1.29    -9999
IRKUTSK    170911 300  072000-072500   00     147.60  958.8    183.00     2.64    -9999
IRKUTSK    170911 300  072500-073000   00     145.00  958.8    180.00     0.96    -9999
IRKUTSK    170911 300  073000-073500   00     149.00  958.7    184.40     3.43    -9999
IRKUTSK    170911 300  073500-074000   00     148.20  958.7    183.40     2.87    -9999
IRKUTSK    170911 300  074000-074500   00     146.80  958.6    181.80     1.97    -9999
IRKUTSK    170911 300  074500-075000   00     149.40  958.6    184.80     3.65    -9999
IRKUTSK    170911 300  075000-075500   00     145.80  958.6    180.80     1.41    -9999
IRKUTSK    170911 300  075500-080000   00     145.60  958.7    180.00     0.96    -9999
IRKUTSK    170911 300  080000-080500   00     148.20  958.7    183.60     2.98    -9999
IRKUTSK    170911 300  080500-081000   00     146.40  958.7    181.40     1.74    -9999
IRKUTSK    170911 300  081000-081500   00     145.40  958.6    179.60     0.73    -9999
IRKUTSK    170911 300  081500-082000   00     148.40  958.6    183.60     2.98    -9999
IRKUTSK    170911 300  082000-082500   00     146.80  958.6    181.40     1.74    -9999
IRKUTSK    170911 300  082500-083000   00     144.20  958.6    178.00    -0.16    -9999
IRKUTSK    170911 300  083000-083500   00     146.20  958.6    181.00     1.52    -9999
IRKUTSK    170911 300  083500-084000   00     144.20  958.6    178.40     0.06    -9999
IRKUTSK    170911 300  084000-084500   00     146.20  958.6    181.00     1.52    -9999
IRKUTSK    170911 300  084500-085000   00     145.20  958.7    179.60     0.73    -9999
IRKUTSK    170911 300  085000-085500   00     145.80  958.7    180.00     0.96    -9999
IRKUTSK    170911 300  085500-090000   00     147.00  958.7    182.20     2.19    -9999
IRKUTSK    170911 300  090000-090500   00     147.40  958.7    182.60     2.42    -9999
IRKUTSK    170911 300  090500-091000   00     145.60  958.7    180.60     1.29    -9999
IRKUTSK    170911 300  091000-091500   00     145.40  958.8    180.00     0.96    -9999
IRKUTSK    170911 300  091500-092000   00     146.80  958.8    181.80     1.97    -9999
IRKUTSK    170911 300  092000-092500   00     143.60  958.8    178.20    -0.05    -9999
IRKUTSK    170911 300  092500-093000   00     145.00  958.8    179.80     0.85    -9999
IRKUTSK    170911 300  093000-093500   00     146.00  958.8    181.00     1.52    -9999
IRKUTSK    170911 300  093500-094000   00     143.60  958.9    177.80    -0.28    -9999
IRKUTSK    170911 300  094000-094500   00     144.20  958.9    178.80     0.29    -9999
IRKUTSK    170911 300  094500-095000   00     146.40  958.9    181.60     1.86    -9999
IRKUTSK    170911 300  095000-095500   00     145.20  958.8    180.40     1.18    -9999
IRKUTSK    170911 300  095500-100000   00     145.80  958.8    180.60     1.29    -9999
IRKUTSK    170911 300  100000-100500   00     144.60  958.9    179.20     0.51    -9999
IRKUTSK    170911 300  100500-101000   00     145.60  959.0    180.40     1.18    -9999
IRKUTSK    170911 300  101000-101500   00     144.40  959.0    178.80     0.29    -9999
IRKUTSK    170911 300  101500-102000   00     145.60  959.0    180.40     1.18    -9999
IRKUTSK    170911 300  102000-102500   00     144.00  959.1    179.00     0.40    -9999
IRKUTSK    170911 300  102500-103000   00     146.40  959.1    182.00     2.08    -9999
IRKUTSK    170911 300  103000-103500   00     146.80  959.1    182.40     2.30    -9999
IRKUTSK    170911 300  103500-104000   00     143.80  959.1    178.60     0.17    -9999
IRKUTSK    170911 300  104000-104500   00     144.80  959.1    180.00     0.96    -9999
IRKUTSK    170911 300  104500-105000   00     145.20  959.2    180.20     1.07    -9999
IRKUTSK    170911 300  105000-105500   00     145.00  959.2    179.80     0.85    -9999
IRKUTSK    170911 300  105500-110000   00     142.60  959.2    177.20    -0.61    -9999
IRKUTSK    170911 300  110000-110500   00     144.20  959.2    179.40     0.62    -9999
IRKUTSK    170911 300  110500-111000   00     144.80  959.3    180.00     0.96    -9999
IRKUTSK    170911 300  111000-111500   00     143.40  959.5    178.60     0.17    -9999
IRKUTSK    170911 300  111500-112000   00     144.80  959.5    180.00     0.96    -9999
IRKUTSK    170911 300  112000-112500   00     145.80  959.6    181.60     1.86    -9999
IRKUTSK    170911 300  112500-113000   00     144.00  959.6    179.60     0.73    -9999
IRKUTSK    170911 300  113000-113500   00     147.00  959.7    183.00     2.64    -9999
IRKUTSK    170911 300  113500-114000   00     144.60  959.6    180.00     0.96    -9999
IRKUTSK    170911 300  114000-114500   00     143.60  959.6    179.20     0.51    -9999
IRKUTSK    170911 300  114500-115000   00     143.80  959.6    179.40     0.62    -9999
IRKUTSK    170911 300  115000-115500   00     143.00  959.6    178.00    -0.16    -9999
IRKUTSK    170911 300  115500-120000   00     144.40  959.6    179.60     0.73    -9999
IRKUTSK    170911 3600 120000-130000   00     143.65  959.8    179.32     0.58    -9999
IRKUTSK    170911 3600 130000-140000   00     143.31  960.0    178.97     0.38    -9999
IRKUTSK    170911 3600 140000-150000   00     143.83  959.8    179.58     0.72    -9999
IRKUTSK    170911 3600 150000-160000   00     143.80  959.7    179.38     0.61    -9999
IRKUTSK    170911 3600 160000-170000   00     144.62  959.6    180.20     1.07    -9999
IRKUTSK    170911 3600 170000-180000   00     144.60  959.4    180.07     1.00    -9999
IRKUTSK    170911 3600 180000-190000   00     145.67  959.1    180.85     1.43    -9999
IRKUTSK    170911 3600 190000-200000   00     146.33  958.5    181.00     1.52    -9999
IRKUTSK    170911 3600 200000-210000   00     146.32  957.9    180.17     1.05    -9999
IRKUTSK    170911 3600 210000-220000   00     147.42  957.5    181.05     1.55    -9999
IRKUTSK    170911 3600 220000-230000   00     147.37  957.3    180.57     1.28    -9999
IRKUTSK    170911 3600 230000-240000   00     148.35  957.1    181.72     1.92    -9999
*
COMMENT UNIVERISTY OF OULU: FILE GENERATED FROM DATABASE AND OBTAINED FROM
COMMENT https://gle.oulu.fi at 2025-01-11 16:21:59 +00:00
COMMENT FOR HISTORICAL/ORIGINAL TEXT FILES SEE https://gle.oulu.fi/txtarchive/
COMMENT ORIGINAL AT https://gle.oulu.fi/txtarchive/GLE72/C072IRKT.DAT
COMMENT DETRENDED DATA SHOW -9999 IF EQUAL TO INC% COLUMN 