KERGUELEN  LATITUDE    -49.35    LONGITUDE     70.25     ALTITUDE    33 M
KERGUELEN  INSTRUMENT   18-NM-64  NEUTRON MONITOR	
KERGUELEN  STANDARD PRESSURE    1000    mb     COEFFICIENT   -0.76     % / mb
KERGUELEN  PRE-INCREASE BASELINE TIME INTERVAL    170910    140000-160000   UT
KERGUELEN  PRE-INCREASE AVERAGE COUNTING RATE    225.25      COUNTS PER SECOND
KERGUELEN  TIME INTERVALS    300         3600     
KERGUELEN  SCALE FACTORS     1           1        
STATION    YYMMDD  SEC   TIME (UT)   CODE    UNCORR. PRESS.    CORR.    % INC.	DETRENDED
                         INTERVAL    TD      C/S     (mb)      C/S
KERGUELEN  170909 3600 000000-010000   00     231.23  993.8    220.76    -1.99    -9999
KERGUELEN  170909 3600 010000-020000   00     232.80  993.7    222.01    -1.44    -9999
KERGUELEN  170909 3600 020000-030000   00     233.48  993.7    222.66    -1.15    -9999
KERGUELEN  170909 3600 030000-040000   00     233.39  993.9    223.03    -0.99    -9999
KERGUELEN  170909 3600 040000-050000   00     234.14  993.9    223.69    -0.69    -9999
KERGUELEN  170909 3600 050000-060000   00     234.59  994.0    224.38    -0.39    -9999
KERGUELEN  170909 3600 060000-070000   00     235.26  994.2    225.33     0.03    -9999
KERGUELEN  170909 3600 070000-080000   00     233.10  994.3    223.31    -0.86    -9999
KERGUELEN  170909 3600 080000-090000   00     233.33  993.6    222.40    -1.26    -9999
KERGUELEN  170909 3600 090000-100000   00     234.32  993.0    222.32    -1.30    -9999
KERGUELEN  170909 3600 100000-110000   00     234.44  992.6    221.78    -1.54    -9999
KERGUELEN  170909 3600 110000-120000   00     234.59  991.8    220.54    -2.09    -9999
KERGUELEN  170909 3600 120000-130000   00     236.53  990.4    220.04    -2.32    -9999
KERGUELEN  170909 3600 130000-140000   00     239.46  988.4    219.52    -2.55    -9999
KERGUELEN  170909 3600 140000-150000   00     246.12  985.3    220.24    -2.23    -9999
KERGUELEN  170909 3600 150000-160000   00     252.92  981.9    220.72    -2.01    -9999
KERGUELEN  170909 3600 160000-170000   00     253.31  981.8    220.83    -1.96    -9999
KERGUELEN  170909 3600 170000-180000   00     250.18  983.4    220.83    -1.96    -9999
KERGUELEN  170909 3600 180000-190000   00     245.18  985.7    220.08    -2.29    -9999
KERGUELEN  170909 3600 190000-200000   00     243.24  987.5    221.34    -1.74    -9999
KERGUELEN  170909 3600 200000-210000   00     240.63  989.1    221.66    -1.60    -9999
KERGUELEN  170909 3600 210000-220000   00     235.89  990.8    220.11    -2.28    -9999
KERGUELEN  170909 3600 220000-230000   00     236.78  991.6    222.33    -1.30    -9999
KERGUELEN  170909 3600 230000-240000   00     238.31  992.3    224.87    -0.17    -9999
KERGUELEN  170910 3600 000000-010000   00     236.06  993.5    224.91    -0.15    -9999
KERGUELEN  170910 3600 010000-020000   00     233.81  994.4    224.16    -0.48    -9999
KERGUELEN  170910 3600 020000-030000   00     232.51  995.2    224.40    -0.38    -9999
KERGUELEN  170910 3600 030000-040000   00     235.24  995.4    227.38     0.95    -9999
KERGUELEN  170910 3600 040000-050000   00     233.88  995.9    226.83     0.70    -9999
KERGUELEN  170910 3600 050000-060000   00     232.66  996.7    227.04     0.79    -9999
KERGUELEN  170910 3600 060000-070000   00     233.10  997.1    228.13     1.28    -9999
KERGUELEN  170910 3600 070000-080000   00     235.00  997.1    230.01     2.11    -9999
KERGUELEN  170910 3600 080000-090000   00     233.99  997.2    229.29     1.79    -9999
KERGUELEN  170910 3600 090000-100000   00     232.66  997.4    228.28     1.34    -9999
KERGUELEN  170910 3600 100000-110000   00     229.21  998.1    226.08     0.37    -9999
KERGUELEN  170910 3600 110000-120000   00     228.92  998.0    225.58     0.15    -9999
KERGUELEN  170910 300  120000-120500   00     229.33  997.9    225.93     0.30    -9999
KERGUELEN  170910 300  120500-121000   00     233.60  997.9    230.14     2.17    -9999
KERGUELEN  170910 300  121000-121500   00     227.73  998.0    224.45    -0.36    -9999
KERGUELEN  170910 300  121500-122000   00     228.67  998.0    225.46     0.09    -9999
KERGUELEN  170910 300  122000-122500   00     228.93  998.0    225.67     0.19    -9999
KERGUELEN  170910 300  122500-123000   00     229.20  997.9    225.80     0.24    -9999
KERGUELEN  170910 300  123000-123500   00     230.67  997.9    227.11     0.82    -9999
KERGUELEN  170910 300  123500-124000   00     231.73  997.9    228.25     1.33    -9999
KERGUELEN  170910 300  124000-124500   00     232.00  998.0    228.65     1.51    -9999
KERGUELEN  170910 300  124500-125000   00     230.80  998.1    227.61     1.04    -9999
KERGUELEN  170910 300  125000-125500   00     227.87  998.3    225.12    -0.06    -9999
KERGUELEN  170910 300  125500-130000   00     230.40  998.3    227.53     1.01    -9999
KERGUELEN  170910 300  130000-130500   00     231.73  998.3    228.90     1.62    -9999
KERGUELEN  170910 300  130500-131000   00     230.00  998.1    226.91     0.74    -9999
KERGUELEN  170910 300  131000-131500   00     229.07  998.0    225.72     0.21    -9999
KERGUELEN  170910 300  131500-132000   00     229.47  997.9    226.02     0.34    -9999
KERGUELEN  170910 300  132000-132500   00     227.07  997.9    223.65    -0.71    -9999
KERGUELEN  170910 300  132500-133000   00     230.27  997.9    226.80     0.69    -9999
KERGUELEN  170910 300  133000-133500   00     230.00  997.8    226.41     0.51    -9999
KERGUELEN  170910 300  133500-134000   00     227.07  997.8    223.47    -0.79    -9999
KERGUELEN  170910 300  134000-134500   00     229.47  997.7    225.61     0.16    -9999
KERGUELEN  170910 300  134500-135000   00     228.93  997.7    225.17    -0.03    -9999
KERGUELEN  170910 300  135000-135500   00     231.07  997.6    227.00     0.77    -9999
KERGUELEN  170910 300  135500-140000   00     229.60  997.6    225.69     0.20    -9999
KERGUELEN  170910 300  140000-140500   00     228.53  997.5    224.37    -0.39    -9999
KERGUELEN  170910 300  140500-141000   00     230.40  997.4    226.11     0.38    -9999
KERGUELEN  170910 300  141000-141500   00     229.73  997.4    225.32     0.03    -9999
KERGUELEN  170910 300  141500-142000   00     228.93  997.2    224.31    -0.42    -9999
KERGUELEN  170910 300  142000-142500   00     230.00  997.1    225.13    -0.06    -9999
KERGUELEN  170910 300  142500-143000   00     231.20  997.2    226.58     0.59    -9999
KERGUELEN  170910 300  143000-143500   00     230.93  997.2    226.27     0.45    -9999
KERGUELEN  170910 300  143500-144000   00     228.93  997.2    224.36    -0.40    -9999
KERGUELEN  170910 300  144000-144500   00     227.87  997.2    223.27    -0.88    -9999
KERGUELEN  170910 300  144500-145000   00     231.07  997.1    226.17     0.41    -9999
KERGUELEN  170910 300  145000-145500   00     231.60  997.0    226.60     0.60    -9999
KERGUELEN  170910 300  145500-150000   00     230.00  997.0    224.99    -0.12    -9999
KERGUELEN  170910 300  150000-150500   00     232.13  997.0    227.03     0.79    -9999
KERGUELEN  170910 300  150500-151000   00     230.80  997.2    226.05     0.35    -9999
KERGUELEN  170910 300  151000-151500   00     229.87  997.2    225.18    -0.03    -9999
KERGUELEN  170910 300  151500-152000   00     230.40  997.2    225.75     0.22    -9999
KERGUELEN  170910 300  152000-152500   00     230.13  997.1    225.21    -0.02    -9999
KERGUELEN  170910 300  152500-153000   00     229.20  997.1    224.30    -0.42    -9999
KERGUELEN  170910 300  153000-153500   00     229.73  997.0    224.73    -0.23    -9999
KERGUELEN  170910 300  153500-154000   00     229.47  997.1    224.61    -0.29    -9999
KERGUELEN  170910 300  154000-154500   00     232.00  997.0    226.90     0.73    -9999
KERGUELEN  170910 300  154500-155000   00     229.47  996.8    224.15    -0.49    -9999
KERGUELEN  170910 300  155000-155500   00     229.47  996.8    224.20    -0.47    -9999
KERGUELEN  170910 300  155500-160000   00     229.73  996.8    224.46    -0.35    -9999
KERGUELEN  170910 300  160000-160500   00     229.87  996.7    224.41    -0.37    -0.76
KERGUELEN  170910 300  160500-161000   00     230.40  996.8    225.06    -0.08    -0.48
KERGUELEN  170910 300  161000-161500   00     229.33  996.8    223.93    -0.59    -1.01
KERGUELEN  170910 300  161500-162000   00     230.80  996.6    225.05    -0.09    -0.52
KERGUELEN  170910 300  162000-162500   00     231.73  996.6    225.96     0.31    -0.14
KERGUELEN  170910 300  162500-163000   00     233.47  996.5    227.55     1.02     0.56
KERGUELEN  170910 300  163000-163500   00     228.53  996.6    222.84    -1.07    -1.54
KERGUELEN  170910 300  163500-164000   00     233.07  996.7    227.49     0.99     0.50
KERGUELEN  170910 300  164000-164500   00     235.33  996.5    229.37     1.83     1.33
KERGUELEN  170910 300  164500-165000   00     235.87  996.4    229.75     2.00     1.49
KERGUELEN  170910 300  165000-165500   00     240.53  996.4    234.20     3.97     3.44
KERGUELEN  170910 300  165500-170000   00     240.80  996.2    234.13     3.94     3.40
KERGUELEN  170910 300  170000-170500   00     239.47  996.0    232.51     3.22     2.66
KERGUELEN  170910 300  170500-171000   00     240.93  996.0    233.89     3.83     3.26
KERGUELEN  170910 300  171000-171500   00     241.47  995.8    233.98     3.87     3.29
KERGUELEN  170910 300  171500-172000   00     242.93  995.6    235.16     4.40     3.80
KERGUELEN  170910 300  172000-172500   00     242.00  995.5    234.02     3.89     3.28
KERGUELEN  170910 300  172500-173000   00     243.60  995.5    235.62     4.60     3.98
KERGUELEN  170910 300  173000-173500   00     239.60  995.5    231.65     2.84     2.20
KERGUELEN  170910 300  173500-174000   00     241.07  995.4    233.02     3.45     2.80
KERGUELEN  170910 300  174000-174500   00     241.73  995.3    233.48     3.65     2.99
KERGUELEN  170910 300  174500-175000   00     242.67  995.2    234.08     3.92     3.24
KERGUELEN  170910 300  175000-175500   00     244.67  995.0    235.69     4.64     3.95
KERGUELEN  170910 300  175500-180000   00     241.73  995.1    233.10     3.49     2.78
KERGUELEN  170910 300  180000-180500   00     241.07  995.1    232.51     3.22     2.50
KERGUELEN  170910 300  180500-181000   00     240.80  995.2    232.34     3.15     2.42
KERGUELEN  170910 300  181000-181500   00     243.47  995.1    234.82     4.25     3.50
KERGUELEN  170910 300  181500-182000   00     239.73  995.1    231.17     2.63     1.87
KERGUELEN  170910 300  182000-182500   00     245.07  995.1    236.27     4.89     4.12
KERGUELEN  170910 300  182500-183000   00     243.47  994.9    234.44     4.08     3.29
KERGUELEN  170910 300  183000-183500   00     242.93  994.8    233.69     3.75     2.95
KERGUELEN  170910 300  183500-184000   00     243.60  994.6    234.00     3.88     3.07
KERGUELEN  170910 300  184000-184500   00     243.73  994.6    234.03     3.90     3.07
KERGUELEN  170910 300  184500-185000   00     243.20  994.6    233.57     3.69     2.85
KERGUELEN  170910 300  185000-185500   00     242.80  994.4    232.95     3.42     2.57
KERGUELEN  170910 300  185500-190000   00     244.13  994.3    233.95     3.86     2.99
KERGUELEN  170910 300  190000-190500   00     243.60  994.0    233.01     3.44     2.56
KERGUELEN  170910 300  190500-191000   00     241.07  994.0    230.50     2.33     1.44
KERGUELEN  170910 300  191000-191500   00     242.93  994.1    232.47     3.20     2.29
KERGUELEN  170910 300  191500-192000   00     241.73  994.0    231.13     2.61     1.69
KERGUELEN  170910 300  192000-192500   00     241.60  993.6    230.40     2.29     1.36
KERGUELEN  170910 300  192500-193000   00     242.00  993.5    230.55     2.35     1.40
KERGUELEN  170910 300  193000-193500   00     244.27  993.4    232.52     3.23     2.27
KERGUELEN  170910 300  193500-194000   00     242.13  993.3    230.26     2.22     1.25
KERGUELEN  170910 300  194000-194500   00     242.93  993.6    231.58     2.81     1.82
KERGUELEN  170910 300  194500-195000   00     240.53  993.8    229.57     1.92     0.92
KERGUELEN  170910 300  195000-195500   00     240.80  993.6    229.64     1.95     0.94
KERGUELEN  170910 300  195500-200000   00     243.60  993.5    232.03     3.01     1.98
KERGUELEN  170910 300  200000-200500   00     241.87  993.1    229.72     1.99     0.95
KERGUELEN  170910 300  200500-201000   00     242.93  993.0    230.55     2.35     1.30
KERGUELEN  170910 300  201000-201500   00     244.53  992.9    231.88     2.94     1.87
KERGUELEN  170910 300  201500-202000   00     242.00  992.5    228.79     1.57     0.49
KERGUELEN  170910 300  202000-202500   00     242.13  992.4    228.77     1.56     0.47
KERGUELEN  170910 300  202500-203000   00     244.27  992.3    230.65     2.40     1.29
KERGUELEN  170910 300  203000-203500   00     244.27  992.0    230.14     2.17     1.05
KERGUELEN  170910 300  203500-204000   00     246.53  991.9    231.94     2.97     1.84
KERGUELEN  170910 300  204000-204500   00     248.13  991.6    232.98     3.43     2.28
KERGUELEN  170910 300  204500-205000   00     247.60  991.5    232.29     3.12     1.96
KERGUELEN  170910 300  205000-205500   00     248.27  991.1    232.30     3.13     1.96
KERGUELEN  170910 300  205500-210000   00     248.93  991.0    232.69     3.30     2.11
KERGUELEN  170910 300  210000-210500   00     247.60  991.0    231.35     2.71     1.51
KERGUELEN  170910 300  210500-211000   00     247.20  990.9    230.89     2.50     1.29
KERGUELEN  170910 300  211000-211500   00     249.33  990.8    232.69     3.30     2.08
KERGUELEN  170910 300  211500-212000   00     248.67  990.6    231.65     2.84     1.60
KERGUELEN  170910 300  212000-212500   00     250.93  990.4    233.52     3.67     2.42
KERGUELEN  170910 300  212500-213000   00     250.13  990.1    232.26     3.11     1.85
KERGUELEN  170910 300  213000-213500   00     251.33  989.9    233.00     3.44     2.16
KERGUELEN  170910 300  213500-214000   00     250.80  989.8    232.22     3.09     1.80
KERGUELEN  170910 300  214000-214500   00     251.20  989.5    232.08     3.03     1.73
KERGUELEN  170910 300  214500-215000   00     248.93  989.5    230.08     2.14     0.82
KERGUELEN  170910 300  215000-215500   00     251.07  989.5    232.00     3.00     1.67
KERGUELEN  170910 300  215500-220000   00     248.80  989.1    229.21     1.76     0.42
KERGUELEN  170910 300  220000-220500   00     251.20  988.7    230.81     2.47     1.12
KERGUELEN  170910 300  220500-221000   00     250.80  988.5    229.98     2.10     0.73
KERGUELEN  170910 300  221000-221500   00     252.40  988.3    231.22     2.65     1.27
KERGUELEN  170910 300  221500-222000   00     252.53  988.3    231.24     2.66     1.27
KERGUELEN  170910 300  222000-222500   00     254.00  988.3    232.54     3.24     1.83
KERGUELEN  170910 300  222500-223000   00     252.80  988.1    231.16     2.62     1.20
KERGUELEN  170910 300  223000-223500   00     253.20  987.9    231.25     2.66     1.23
KERGUELEN  170910 300  223500-224000   00     253.20  987.7    230.83     2.48     1.03
KERGUELEN  170910 300  224000-224500   00     252.67  987.6    230.25     2.22     0.76
KERGUELEN  170910 300  224500-225000   00     254.93  987.6    232.26     3.11     1.64
KERGUELEN  170910 300  225000-225500   00     251.20  987.4    228.45     1.42    -0.06
KERGUELEN  170910 300  225500-230000   00     252.40  987.3    229.35     1.82     0.32
KERGUELEN  170910 300  230000-230500   00     252.80  987.3    229.72     1.98     0.47
KERGUELEN  170910 300  230500-231000   00     255.87  987.1    232.22     3.09     1.57
KERGUELEN  170910 300  231000-231500   00     254.67  986.9    230.71     2.43     0.89
KERGUELEN  170910 300  231500-232000   00     255.87  986.8    231.61     2.82     1.27
KERGUELEN  170910 300  232000-232500   00     256.27  986.7    231.84     2.92     1.36
KERGUELEN  170910 300  232500-233000   00     256.13  986.4    231.29     2.68     1.11
KERGUELEN  170910 300  233000-233500   00     256.40  986.4    231.44     2.75     1.16
KERGUELEN  170910 300  233500-234000   00     256.67  986.3    231.45     2.75     1.15
KERGUELEN  170910 300  234000-234500   00     254.80  986.2    229.58     1.92     0.31
KERGUELEN  170910 300  234500-235000   00     254.40  986.1    229.17     1.74     0.12
KERGUELEN  170910 300  235000-235500   00     256.27  986.0    230.67     2.41     0.77
KERGUELEN  170910 300  235500-240000   00     257.73  985.9    231.80     2.91     1.26
KERGUELEN  170911 300  000000-000500   00     258.13  985.5    231.50     2.78     1.12
KERGUELEN  170911 300  000500-001000   00     255.20  985.2    228.32     1.36    -0.32
KERGUELEN  170911 300  001000-001500   00     256.13  985.1    228.97     1.65    -0.04
KERGUELEN  170911 300  001500-002000   00     256.53  984.9    228.91     1.62    -0.08
KERGUELEN  170911 300  002000-002500   00     260.00  984.7    231.63     2.83     1.12
KERGUELEN  170911 300  002500-003000   00     258.80  984.6    230.42     2.29     0.56
KERGUELEN  170911 300  003000-003500   00     257.60  984.5    229.17     1.74     0.00
KERGUELEN  170911 300  003500-004000   00     260.13  984.4    231.23     2.66     0.91
KERGUELEN  170911 300  004000-004500   00     258.40  984.1    229.23     1.77     0.01
KERGUELEN  170911 300  004500-005000   00     260.13  984.0    230.53     2.35     0.57
KERGUELEN  170911 300  005000-005500   00     261.33  983.7    231.08     2.59     0.80
KERGUELEN  170911 300  005500-010000   00     261.47  983.5    230.83     2.48     0.68
KERGUELEN  170911 300  010000-010500   00     260.13  983.4    229.51     1.89     0.08
KERGUELEN  170911 300  010500-011000   00     262.13  983.1    230.76     2.45     0.62
KERGUELEN  170911 300  011000-011500   00     260.00  982.9    228.56     1.47    -0.37
KERGUELEN  170911 300  011500-012000   00     261.47  983.0    230.08     2.14     0.29
KERGUELEN  170911 300  012000-012500   00     261.73  982.6    229.48     1.88     0.01
KERGUELEN  170911 300  012500-013000   00     263.60  982.5    231.03     2.56     0.68
KERGUELEN  170911 300  013000-013500   00     261.87  982.4    229.28     1.79    -0.10
KERGUELEN  170911 300  013500-014000   00     263.73  982.0    230.21     2.20     0.30
KERGUELEN  170911 300  014000-014500   00     262.80  981.7    228.93     1.63    -0.29
KERGUELEN  170911 300  014500-015000   00     263.87  981.5    229.49     1.88    -0.05
KERGUELEN  170911 300  015000-015500   00     264.93  981.2    229.91     2.07     0.13
KERGUELEN  170911 300  015500-020000   00     264.80  981.1    229.61     1.93    -0.02
KERGUELEN  170911 300  020000-020500   00     267.47  980.5    230.89     2.50     0.53
KERGUELEN  170911 300  020500-021000   00     264.40  980.3    227.97     1.20    -0.78
KERGUELEN  170911 300  021000-021500   00     264.80  980.2    227.99     1.22    -0.77
KERGUELEN  170911 300  021500-022000   00     267.87  980.1    230.44     2.30     0.30
KERGUELEN  170911 300  022000-022500   00     269.47  980.0    231.77     2.90     0.89
KERGUELEN  170911 300  022500-023000   00     268.13  979.8    230.16     2.18     0.15
KERGUELEN  170911 300  023000-023500   00     266.53  979.8    228.79     1.57    -0.47
KERGUELEN  170911 300  023500-024000   00     266.27  979.7    228.42     1.41    -0.64
KERGUELEN  170911 300  024000-024500   00     267.60  979.8    229.84     2.04    -0.02
KERGUELEN  170911 300  024500-025000   00     265.47  980.2    228.65     1.51    -0.57
KERGUELEN  170911 300  025000-025500   00     266.40  980.5    229.97     2.09     0.00
KERGUELEN  170911 300  025500-030000   00     265.47  980.3    228.89     1.61    -0.49
KERGUELEN  170911 300  030000-030500   00     268.53  980.0    230.88     2.50     0.39
KERGUELEN  170911 300  030500-031000   00     266.27  979.8    228.70     1.53    -0.60
KERGUELEN  170911 300  031000-031500   00     269.60  979.8    231.51     2.78     0.64
KERGUELEN  170911 300  031500-032000   00     267.33  979.7    229.38     1.83    -0.32
KERGUELEN  170911 300  032000-032500   00     267.07  979.8    229.34     1.81    -0.35
KERGUELEN  170911 300  032500-033000   00     270.00  979.9    231.95     2.97     0.79
KERGUELEN  170911 300  033000-033500   00     268.13  979.9    230.44     2.30     0.11
KERGUELEN  170911 300  033500-034000   00     270.27  979.7    231.80     2.91     0.71
KERGUELEN  170911 300  034000-034500   00     270.53  979.2    231.24     2.66     0.45
KERGUELEN  170911 300  034500-035000   00     269.73  979.0    230.27     2.23     0.01
KERGUELEN  170911 300  035000-035500   00     272.13  978.6    231.57     2.81     0.57
KERGUELEN  170911 300  035500-040000   00     270.00  978.4    229.34     1.82    -0.43
KERGUELEN  170911 300  040000-040500   00     270.93  978.3    230.04     2.13    -0.13
KERGUELEN  170911 300  040500-041000   00     271.20  978.3    230.22     2.21    -9999
KERGUELEN  170911 300  041000-041500   00     272.53  978.2    231.12     2.60    -9999
KERGUELEN  170911 300  041500-042000   00     273.87  978.1    232.16     3.06    -9999
KERGUELEN  170911 300  042000-042500   00     270.67  978.1    229.40     1.84    -9999
KERGUELEN  170911 300  042500-043000   00     270.93  978.3    229.99     2.11    -9999
KERGUELEN  170911 300  043000-043500   00     270.80  978.8    230.76     2.45    -9999
KERGUELEN  170911 300  043500-044000   00     268.67  978.8    228.99     1.66    -9999
KERGUELEN  170911 300  044000-044500   00     271.87  978.7    231.58     2.81    -9999
KERGUELEN  170911 300  044500-045000   00     271.87  978.8    231.72     2.87    -9999
KERGUELEN  170911 300  045000-045500   00     270.93  978.9    231.11     2.60    -9999
KERGUELEN  170911 300  045500-050000   00     268.27  979.3    229.39     1.84    -9999
KERGUELEN  170911 300  050000-050500   00     265.73  979.4    227.41     0.96    -9999
KERGUELEN  170911 300  050500-051000   00     272.00  979.3    232.58     3.26    -9999
KERGUELEN  170911 300  051000-051500   00     269.33  979.4    230.54     2.35    -9999
KERGUELEN  170911 300  051500-052000   00     270.67  979.3    231.49     2.77    -9999
KERGUELEN  170911 300  052000-052500   00     269.07  979.2    230.03     2.12    -9999
KERGUELEN  170911 300  052500-053000   00     268.67  979.2    229.69     1.97    -9999
KERGUELEN  170911 300  053000-053500   00     271.33  979.4    232.20     3.09    -9999
KERGUELEN  170911 300  053500-054000   00     273.07  979.3    233.54     3.68    -9999
KERGUELEN  170911 300  054000-054500   00     271.07  979.3    231.93     2.96    -9999
KERGUELEN  170911 300  054500-055000   00     269.87  979.4    231.04     2.57    -9999
KERGUELEN  170911 300  055000-055500   00     270.53  979.4    231.56     2.80    -9999
KERGUELEN  170911 300  055500-060000   00     267.87  979.5    229.42     1.85    -9999
KERGUELEN  170911 300  060000-060500   00     269.07  979.7    230.87     2.49    -9999
KERGUELEN  170911 300  060500-061000   00     269.47  979.8    231.35     2.71    -9999
KERGUELEN  170911 300  061000-061500   00     267.60  980.1    230.31     2.24    -9999
KERGUELEN  170911 300  061500-062000   00     268.13  980.3    231.09     2.59    -9999
KERGUELEN  170911 300  062000-062500   00     268.00  980.3    231.07     2.58    -9999
KERGUELEN  170911 300  062500-063000   00     267.07  980.2    230.08     2.14    -9999
KERGUELEN  170911 300  063000-063500   00     269.07  980.3    231.94     2.97    -9999
KERGUELEN  170911 300  063500-064000   00     268.93  980.4    232.02     3.00    -9999
KERGUELEN  170911 300  064000-064500   00     266.40  980.7    230.29     2.24    -9999
KERGUELEN  170911 300  064500-065000   00     267.87  980.6    231.47     2.76    -9999
KERGUELEN  170911 300  065000-065500   00     267.33  980.6    230.96     2.54    -9999
KERGUELEN  170911 300  065500-070000   00     266.53  980.6    230.22     2.21    -9999
KERGUELEN  170911 300  070000-070500   00     266.13  980.7    230.11     2.16    -9999
KERGUELEN  170911 300  070500-071000   00     266.13  980.9    230.44     2.30    -9999
KERGUELEN  170911 300  071000-071500   00     265.07  981.0    229.65     1.95    -9999
KERGUELEN  170911 300  071500-072000   00     266.67  981.1    231.18     2.63    -9999
KERGUELEN  170911 300  072000-072500   00     268.67  981.0    232.77     3.34    -9999
KERGUELEN  170911 300  072500-073000   00     268.13  981.0    232.26     3.11    -9999
KERGUELEN  170911 300  073000-073500   00     267.07  981.0    231.34     2.70    -9999
KERGUELEN  170911 300  073500-074000   00     267.33  980.9    231.48     2.76    -9999
KERGUELEN  170911 300  074000-074500   00     267.47  980.9    231.50     2.77    -9999
KERGUELEN  170911 300  074500-075000   00     266.13  981.0    230.53     2.34    -9999
KERGUELEN  170911 300  075000-075500   00     265.87  981.0    230.44     2.30    -9999
KERGUELEN  170911 300  075500-080000   00     268.67  981.2    233.15     3.51    -9999
KERGUELEN  170911 300  080000-080500   00     267.07  981.3    231.85     2.93    -9999
KERGUELEN  170911 300  080500-081000   00     264.80  981.3    230.02     2.12    -9999
KERGUELEN  170911 300  081000-081500   00     266.80  981.4    231.81     2.91    -9999
KERGUELEN  170911 300  081500-082000   00     264.67  981.5    230.19     2.19    -9999
KERGUELEN  170911 300  082000-082500   00     268.13  981.6    233.34     3.59    -9999
KERGUELEN  170911 300  082500-083000   00     266.80  981.6    232.23     3.10    -9999
KERGUELEN  170911 300  083000-083500   00     267.60  981.5    232.83     3.37    -9999
KERGUELEN  170911 300  083500-084000   00     267.07  981.6    232.46     3.20    -9999
KERGUELEN  170911 300  084000-084500   00     267.47  981.6    232.81     3.35    -9999
KERGUELEN  170911 300  084500-085000   00     264.13  981.6    229.86     2.05    -9999
KERGUELEN  170911 300  085000-085500   00     266.40  981.7    232.07     3.03    -9999
KERGUELEN  170911 300  085500-090000   00     265.20  981.8    231.16     2.62    -9999
KERGUELEN  170911 300  090000-090500   00     264.40  981.7    230.33     2.25    -9999
KERGUELEN  170911 300  090500-091000   00     266.93  981.8    232.67     3.29    -9999
KERGUELEN  170911 300  091000-091500   00     266.93  981.7    232.53     3.23    -9999
KERGUELEN  170911 300  091500-092000   00     268.27  981.7    233.65     3.73    -9999
KERGUELEN  170911 300  092000-092500   00     265.87  981.7    231.51     2.78    -9999
KERGUELEN  170911 300  092500-093000   00     265.20  981.7    230.93     2.52    -9999
KERGUELEN  170911 300  093000-093500   00     267.47  981.7    232.95     3.42    -9999
KERGUELEN  170911 300  093500-094000   00     263.47  981.8    229.61     1.93    -9999
KERGUELEN  170911 300  094000-094500   00     265.47  981.7    231.31     2.69    -9999
KERGUELEN  170911 300  094500-095000   00     267.07  981.8    232.79     3.35    -9999
KERGUELEN  170911 300  095000-095500   00     264.27  981.8    230.40     2.28    -9999
KERGUELEN  170911 300  095500-100000   00     267.07  981.9    233.03     3.45    -9999
KERGUELEN  170911 300  100000-100500   00     266.00  981.9    232.14     3.06    -9999
KERGUELEN  170911 300  100500-101000   00     265.20  981.9    231.44     2.75    -9999
KERGUELEN  170911 300  101000-101500   00     264.67  982.2    231.35     2.71    -9999
KERGUELEN  170911 300  101500-102000   00     265.20  982.1    231.77     2.89    -9999
KERGUELEN  170911 300  102000-102500   00     264.93  982.4    231.96     2.98    -9999
KERGUELEN  170911 300  102500-103000   00     263.20  982.1    229.88     2.06    -9999
KERGUELEN  170911 300  103000-103500   00     266.13  981.7    231.88     2.94    -9999
KERGUELEN  170911 300  103500-104000   00     264.13  981.7    230.14     2.17    -9999
KERGUELEN  170911 300  104000-104500   00     264.27  981.7    230.21     2.20    -9999
KERGUELEN  170911 300  104500-105000   00     263.07  981.7    229.12     1.72    -9999
KERGUELEN  170911 300  105000-105500   00     265.47  981.5    230.93     2.52    -9999
KERGUELEN  170911 300  105500-110000   00     266.40  981.6    231.84     2.92    -9999
KERGUELEN  170911 300  110000-110500   00     266.00  981.5    231.44     2.75    -9999
KERGUELEN  170911 300  110500-111000   00     264.67  981.4    230.05     2.13    -9999
KERGUELEN  170911 300  111000-111500   00     265.07  981.4    230.44     2.30    -9999
KERGUELEN  170911 300  111500-112000   00     262.93  981.4    228.49     1.44    -9999
KERGUELEN  170911 300  112000-112500   00     265.20  981.3    230.37     2.27    -9999
KERGUELEN  170911 300  112500-113000   00     268.80  981.2    233.26     3.56    -9999
KERGUELEN  170911 300  113000-113500   00     264.40  981.3    229.54     1.90    -9999
KERGUELEN  170911 300  113500-114000   00     264.00  981.1    229.00     1.67    -9999
KERGUELEN  170911 300  114000-114500   00     263.73  981.2    228.91     1.63    -9999
KERGUELEN  170911 300  114500-115000   00     264.93  981.4    230.19     2.19    -9999
KERGUELEN  170911 300  115000-115500   00     267.47  981.4    232.43     3.19    -9999
KERGUELEN  170911 300  115500-120000   00     265.20  981.5    230.60     2.38    -9999
KERGUELEN  170911 3600 120000-130000   00     264.89  981.5    230.41     2.29    -9999
KERGUELEN  170911 3600 130000-140000   00     262.98  981.8    229.34     1.81    -9999
KERGUELEN  170911 3600 140000-150000   00     259.91  982.8    228.24     1.33    -9999
KERGUELEN  170911 3600 150000-160000   00     259.32  983.0    228.16     1.29    -9999
KERGUELEN  170911 3600 160000-170000   00     259.03  983.6    228.84     1.59    -9999
KERGUELEN  170911 3600 170000-180000   00     256.67  984.2    227.94     1.19    -9999
KERGUELEN  170911 3600 180000-190000   00     255.61  984.7    227.79     1.13    -9999
KERGUELEN  170911 3600 190000-200000   00     253.02  985.5    226.90     0.73    -9999
KERGUELEN  170911 3600 200000-210000   00     252.56  986.0    227.23     0.88    -9999
KERGUELEN  170911 3600 210000-220000   00     252.41  986.4    227.91     1.18    -9999
KERGUELEN  170911 3600 220000-230000   00     251.99  987.3    229.00     1.66    -9999
KERGUELEN  170911 3600 230000-240000   00     249.98  988.0    228.43     1.41    -9999
*
COMMENT UNIVERISTY OF OULU: FILE GENERATED FROM DATABASE AND OBTAINED FROM
COMMENT https://gle.oulu.fi at 2025-01-11 16:21:59 +00:00
COMMENT FOR HISTORICAL/ORIGINAL TEXT FILES SEE https://gle.oulu.fi/txtarchive/
COMMENT ORIGINAL AT https://gle.oulu.fi/txtarchive/GLE72/C072KERG_cor.DAT
COMMENT DETRENDED DATA SHOW -9999 IF EQUAL TO INC% COLUMN 