TIXIE-BAY  LATITUDE    71.6      LONGITUDE     128.9     ALTITUDE    0 M
TIXIE-BAY  INSTRUMENT   18NM64    NEUTRON MONITOR     	
TIXIE-BAY  STANDARD PRESSURE    1000    mb     COEFFICIENT   -0.72     % / mb
TIXIE-BAY  PRE-INCREASE BASELINE TIME INTERVAL    170910    140000-160000   UT
TIXIE-BAY  PRE-INCREASE AVERAGE COUNTING RATE    101.33      COUNTS PER SECOND
TIXIE-BAY  TIME INTERVALS    300         3600     
TIXIE-BAY  SCALE FACTORS     1           1        
STATION    YYMMDD  SEC   TIME (UT)   CODE    UNCORR. PRESS.    CORR.    % INC.	DETRENDED
                         INTERVAL    TD      C/S     (mb)      C/S
TIXIE-BAY  170909 3600 000000-010000   00      97.67 1015.1    100.50    -0.83    -9999
TIXIE-BAY  170909 3600 010000-020000   00      96.76 1015.4     99.78    -1.53    -9999
TIXIE-BAY  170909 3600 020000-030000   00      97.30 1015.7    100.59    -0.74    -9999
TIXIE-BAY  170909 3600 030000-040000   00      97.05 1016.0    100.51    -0.82    -9999
TIXIE-BAY  170909 3600 040000-050000   00      96.46 1016.3    100.14    -1.18    -9999
TIXIE-BAY  170909 3600 050000-060000   00      95.78 1016.7     99.70    -1.62    -9999
TIXIE-BAY  170909 3600 060000-070000   00      95.34 1016.9     99.45    -1.86    -9999
TIXIE-BAY  170909 3600 070000-080000   00      94.18 1017.2     98.44    -2.85    -9999
TIXIE-BAY  170909 3600 080000-090000   00      94.49 1017.5     98.94    -2.37    -9999
TIXIE-BAY  170909 3600 090000-100000   00      94.39 1017.9     99.11    -2.20    -9999
TIXIE-BAY  170909 3600 100000-110000   00      94.77 1018.2     99.76    -1.56    -9999
TIXIE-BAY  170909 3600 110000-120000   00      94.92 1018.6    100.17    -1.15    -9999
TIXIE-BAY  170909 3600 120000-130000   00      94.21 1019.0     99.73    -1.58    -9999
TIXIE-BAY  170909 3600 130000-140000   00      94.18 1019.3     99.89    -1.43    -9999
TIXIE-BAY  170909 3600 140000-150000   00      93.66 1019.7     99.64    -1.68    -9999
TIXIE-BAY  170909 3600 150000-160000   00      93.62 1020.0     99.84    -1.47    -9999
TIXIE-BAY  170909 3600 160000-170000   00      93.75 1020.1    100.05    -1.27    -9999
TIXIE-BAY  170909 3600 170000-180000   00      93.65 1020.3    100.07    -1.25    -9999
TIXIE-BAY  170909 3600 180000-190000   00      94.13 1020.4    100.64    -0.68    -9999
TIXIE-BAY  170909 3600 190000-200000   00      94.05 1020.5    100.67    -0.66    -9999
TIXIE-BAY  170909 3600 200000-210000   00      94.24 1020.8    101.08    -0.25    -9999
TIXIE-BAY  170909 3600 210000-220000   00      94.04 1021.0    101.01    -0.32    -9999
TIXIE-BAY  170909 3600 220000-230000   00      94.22 1021.2    101.34     0.01    -9999
TIXIE-BAY  170909 3600 230000-240000   00      94.19 1021.3    101.41     0.07    -9999
TIXIE-BAY  170910 3600 000000-010000   00      94.29 1021.4    101.56     0.22    -9999
TIXIE-BAY  170910 3600 010000-020000   00      94.19 1021.5    101.53     0.19    -9999
TIXIE-BAY  170910 3600 020000-030000   00      94.60 1021.5    101.98     0.63    -9999
TIXIE-BAY  170910 3600 030000-040000   00      94.07 1021.6    101.45     0.11    -9999
TIXIE-BAY  170910 3600 040000-050000   00      94.09 1021.7    101.55     0.21    -9999
TIXIE-BAY  170910 3600 050000-060000   00      93.70 1021.6    101.10    -0.23    -9999
TIXIE-BAY  170910 3600 060000-070000   00      93.66 1021.6    101.03    -0.30    -9999
TIXIE-BAY  170910 3600 070000-080000   00      93.89 1021.6    101.23    -0.10    -9999
TIXIE-BAY  170910 3600 080000-090000   00      94.01 1021.5    101.32    -0.02    -9999
TIXIE-BAY  170910 3600 090000-100000   00      93.80 1021.4    101.05    -0.28    -9999
TIXIE-BAY  170910 3600 100000-110000   00      93.97 1021.5    101.27    -0.06    -9999
TIXIE-BAY  170910 3600 110000-120000   00      93.98 1021.4    101.19    -0.15    -9999
TIXIE-BAY  170910 300  120000-120500   00      93.36 1021.2    100.45    -0.87    -9999
TIXIE-BAY  170910 300  120500-121000   00      93.44 1021.3    100.61    -0.71    -9999
TIXIE-BAY  170910 300  121000-121500   00      93.41 1021.4    100.59    -0.74    -9999
TIXIE-BAY  170910 300  121500-122000   00      94.08 1021.4    101.31    -0.03    -9999
TIXIE-BAY  170910 300  122000-122500   00      93.97 1021.3    101.20    -0.13    -9999
TIXIE-BAY  170910 300  122500-123000   00      93.55 1021.3    100.69    -0.63    -9999
TIXIE-BAY  170910 300  123000-123500   00      93.55 1021.3    100.67    -0.66    -9999
TIXIE-BAY  170910 300  123500-124000   00      92.85 1021.3     99.92    -1.40    -9999
TIXIE-BAY  170910 300  124000-124500   00      95.25 1021.2    102.48     1.13    -9999
TIXIE-BAY  170910 300  124500-125000   00      94.19 1021.2    101.28    -0.05    -9999
TIXIE-BAY  170910 300  125000-125500   00      94.27 1021.1    101.31    -0.03    -9999
TIXIE-BAY  170910 300  125500-130000   00      94.83 1021.1    101.92     0.58    -9999
TIXIE-BAY  170910 300  130000-130500   00      94.19 1021.1    101.20    -0.13    -9999
TIXIE-BAY  170910 300  130500-131000   00      93.63 1021.1    100.64    -0.69    -9999
TIXIE-BAY  170910 300  131000-131500   00      95.04 1021.1    102.16     0.81    -9999
TIXIE-BAY  170910 300  131500-132000   00      93.65 1021.2    100.69    -0.63    -9999
TIXIE-BAY  170910 300  132000-132500   00      93.81 1021.1    100.85    -0.48    -9999
TIXIE-BAY  170910 300  132500-133000   00      93.01 1021.1    100.00    -1.32    -9999
TIXIE-BAY  170910 300  133000-133500   00      94.24 1021.1    101.31    -0.03    -9999
TIXIE-BAY  170910 300  133500-134000   00      93.25 1021.2    100.29    -1.03    -9999
TIXIE-BAY  170910 300  134000-134500   00      93.55 1021.1    100.56    -0.76    -9999
TIXIE-BAY  170910 300  134500-135000   00      93.39 1021.1    100.35    -0.97    -9999
TIXIE-BAY  170910 300  135000-135500   00      93.76 1021.1    100.75    -0.58    -9999
TIXIE-BAY  170910 300  135500-140000   00      94.27 1021.0    101.28    -0.05    -9999
TIXIE-BAY  170910 300  140000-140500   00      93.76 1021.0    100.72    -0.61    -9999
TIXIE-BAY  170910 300  140500-141000   00      95.17 1021.0    102.24     0.89    -9999
TIXIE-BAY  170910 300  141000-141500   00      94.35 1021.1    101.33     0.00    -9999
TIXIE-BAY  170910 300  141500-142000   00      94.05 1021.1    101.04    -0.29    -9999
TIXIE-BAY  170910 300  142000-142500   00      93.44 1021.0    100.35    -0.97    -9999
TIXIE-BAY  170910 300  142500-143000   00      94.80 1021.0    101.81     0.47    -9999
TIXIE-BAY  170910 300  143000-143500   00      94.35 1021.0    101.36     0.03    -9999
TIXIE-BAY  170910 300  143500-144000   00      95.01 1021.0    102.08     0.74    -9999
TIXIE-BAY  170910 300  144000-144500   00      94.05 1021.0    101.01    -0.32    -9999
TIXIE-BAY  170910 300  144500-145000   00      93.92 1021.0    100.85    -0.48    -9999
TIXIE-BAY  170910 300  145000-145500   00      94.64 1021.0    101.63     0.29    -9999
TIXIE-BAY  170910 300  145500-150000   00      94.69 1020.9    101.63     0.29    -9999
TIXIE-BAY  170910 300  150000-150500   00      94.03 1020.9    100.93    -0.40    -9999
TIXIE-BAY  170910 300  150500-151000   00      94.80 1021.0    101.79     0.45    -9999
TIXIE-BAY  170910 300  151000-151500   00      94.43 1021.0    101.41     0.08    -9999
TIXIE-BAY  170910 300  151500-152000   00      94.24 1021.0    101.23    -0.11    -9999
TIXIE-BAY  170910 300  152000-152500   00      93.49 1021.0    100.35    -0.97    -9999
TIXIE-BAY  170910 300  152500-153000   00      94.96 1021.0    101.95     0.60    -9999
TIXIE-BAY  170910 300  153000-153500   00      94.32 1020.9    101.28    -0.05    -9999
TIXIE-BAY  170910 300  153500-154000   00      94.69 1020.9    101.63     0.29    -9999
TIXIE-BAY  170910 300  154000-154500   00      94.53 1020.9    101.47     0.13    -9999
TIXIE-BAY  170910 300  154500-155000   00      94.19 1020.9    101.09    -0.24    -9999
TIXIE-BAY  170910 300  155000-155500   00      93.04 1020.8     99.79    -1.53    -9999
TIXIE-BAY  170910 300  155500-160000   00      96.05 1020.9    103.07     1.71    -9999
TIXIE-BAY  170910 300  160000-160500   00      92.24 1020.9     99.01    -2.29    -2.49
TIXIE-BAY  170910 300  160500-161000   00      94.21 1020.9    101.12    -0.21    -0.43
TIXIE-BAY  170910 300  161000-161500   00      95.39 1020.9    102.35     1.00     0.77
TIXIE-BAY  170910 300  161500-162000   00      96.24 1020.8    103.25     1.89     1.64
TIXIE-BAY  170910 300  162000-162500   00      94.67 1020.8    101.49     0.16    -0.10
TIXIE-BAY  170910 300  162500-163000   00      94.43 1020.8    101.25    -0.08    -0.36
TIXIE-BAY  170910 300  163000-163500   00      95.71 1020.8    102.64     1.29     1.00
TIXIE-BAY  170910 300  163500-164000   00      96.91 1020.8    103.92     2.55     2.24
TIXIE-BAY  170910 300  164000-164500   00      96.72 1020.8    103.71     2.34     2.02
TIXIE-BAY  170910 300  164500-165000   00      97.87 1020.8    104.96     3.58     3.24
TIXIE-BAY  170910 300  165000-165500   00      98.88 1020.8    106.05     4.66     4.31
TIXIE-BAY  170910 300  165500-170000   00      97.84 1020.8    104.91     3.53     3.16
TIXIE-BAY  170910 300  170000-170500   00      97.55 1020.8    104.61     3.24     2.86
TIXIE-BAY  170910 300  170500-171000   00      97.68 1020.8    104.77     3.39     2.99
TIXIE-BAY  170910 300  171000-171500   00      98.03 1020.8    105.15     3.76     3.35
TIXIE-BAY  170910 300  171500-172000   00      98.88 1020.8    106.08     4.68     4.25
TIXIE-BAY  170910 300  172000-172500   00      97.39 1020.8    104.48     3.10     2.66
TIXIE-BAY  170910 300  172500-173000   00      96.64 1020.9    103.71     2.34     1.88
TIXIE-BAY  170910 300  173000-173500   00      98.24 1020.9    105.41     4.02     3.55
TIXIE-BAY  170910 300  173500-174000   00      96.96 1020.9    104.03     2.66     2.17
TIXIE-BAY  170910 300  174000-174500   00      96.91 1020.9    104.00     2.63     2.13
TIXIE-BAY  170910 300  174500-175000   00      98.40 1020.9    105.65     4.26     3.75
TIXIE-BAY  170910 300  175000-175500   00      99.12 1020.9    106.43     5.03     4.50
TIXIE-BAY  170910 300  175500-180000   00      97.47 1021.0    104.64     3.26     2.72
TIXIE-BAY  170910 300  180000-180500   00      97.95 1021.0    105.15     3.76     3.20
TIXIE-BAY  170910 300  180500-181000   00      96.03 1020.9    103.07     1.71     1.14
TIXIE-BAY  170910 300  181000-181500   00      98.05 1020.9    105.23     3.84     3.26
TIXIE-BAY  170910 300  181500-182000   00      97.15 1020.9    104.27     2.89     2.29
TIXIE-BAY  170910 300  182000-182500   00      96.99 1020.8    104.03     2.66     2.05
TIXIE-BAY  170910 300  182500-183000   00      98.16 1020.8    105.25     3.87     3.24
TIXIE-BAY  170910 300  183000-183500   00      98.11 1020.7    105.20     3.81     3.17
TIXIE-BAY  170910 300  183500-184000   00      97.73 1020.7    104.75     3.37     2.72
TIXIE-BAY  170910 300  184000-184500   00      97.71 1020.7    104.72     3.34     2.67
TIXIE-BAY  170910 300  184500-185000   00      98.56 1020.7    105.63     4.24     3.56
TIXIE-BAY  170910 300  185000-185500   00      97.28 1020.7    104.27     2.89     2.20
TIXIE-BAY  170910 300  185500-190000   00      96.88 1020.7    103.79     2.42     1.71
TIXIE-BAY  170910 300  190000-190500   00      97.33 1020.7    104.32     2.95     2.23
TIXIE-BAY  170910 300  190500-191000   00      97.04 1020.7    103.95     2.58     1.85
TIXIE-BAY  170910 300  191000-191500   00      97.92 1020.6    104.91     3.53     2.79
TIXIE-BAY  170910 300  191500-192000   00      98.91 1020.6    105.89     4.50     3.74
TIXIE-BAY  170910 300  192000-192500   00      98.56 1020.6    105.52     4.13     3.36
TIXIE-BAY  170910 300  192500-193000   00      97.57 1020.6    104.48     3.10     2.32
TIXIE-BAY  170910 300  193000-193500   00      98.61 1020.5    105.55     4.16     3.36
TIXIE-BAY  170910 300  193500-194000   00      97.92 1020.6    104.85     3.47     2.66
TIXIE-BAY  170910 300  194000-194500   00      98.08 1020.6    105.01     3.63     2.81
TIXIE-BAY  170910 300  194500-195000   00      97.07 1020.6    103.95     2.58     1.75
TIXIE-BAY  170910 300  195000-195500   00      98.72 1020.6    105.71     4.31     3.46
TIXIE-BAY  170910 300  195500-200000   00      98.03 1020.5    104.93     3.55     2.69
TIXIE-BAY  170910 300  200000-200500   00      95.92 1020.5    102.64     1.29     0.42
TIXIE-BAY  170910 300  200500-201000   00      97.57 1020.5    104.43     3.05     2.17
TIXIE-BAY  170910 300  201000-201500   00      98.11 1020.5    105.04     3.66     2.77
TIXIE-BAY  170910 300  201500-202000   00      97.15 1020.5    103.97     2.60     1.69
TIXIE-BAY  170910 300  202000-202500   00      97.60 1020.5    104.43     3.05     2.13
TIXIE-BAY  170910 300  202500-203000   00      96.27 1020.5    103.07     1.71     0.78
TIXIE-BAY  170910 300  203000-203500   00      94.99 1020.6    101.73     0.39    -0.55
TIXIE-BAY  170910 300  203500-204000   00      97.23 1020.7    104.16     2.79     1.84
TIXIE-BAY  170910 300  204000-204500   00      98.37 1020.7    105.39     4.00     3.03
TIXIE-BAY  170910 300  204500-205000   00      97.55 1020.7    104.51     3.13     2.15
TIXIE-BAY  170910 300  205000-205500   00      98.27 1020.7    105.31     3.92     2.93
TIXIE-BAY  170910 300  205500-210000   00      97.09 1020.7    104.03     2.66     1.66
TIXIE-BAY  170910 300  210000-210500   00      97.25 1020.7    104.24     2.87     1.86
TIXIE-BAY  170910 300  210500-211000   00      96.13 1020.8    103.07     1.71     0.69
TIXIE-BAY  170910 300  211000-211500   00      98.37 1020.8    105.49     4.10     3.07
TIXIE-BAY  170910 300  211500-212000   00      95.44 1020.8    102.32     0.97    -0.08
TIXIE-BAY  170910 300  212000-212500   00      95.79 1020.7    102.67     1.31     0.25
TIXIE-BAY  170910 300  212500-213000   00      96.53 1020.7    103.47     2.10     1.03
TIXIE-BAY  170910 300  213000-213500   00      96.85 1020.8    103.87     2.50     1.42
TIXIE-BAY  170910 300  213500-214000   00      97.09 1020.8    104.11     2.74     1.65
TIXIE-BAY  170910 300  214000-214500   00      98.03 1020.8    105.15     3.76     2.66
TIXIE-BAY  170910 300  214500-215000   00      96.85 1020.8    103.84     2.47     1.36
TIXIE-BAY  170910 300  215000-215500   00      96.56 1020.7    103.49     2.13     1.01
TIXIE-BAY  170910 300  215500-220000   00      97.44 1020.7    104.43     3.05     1.92
TIXIE-BAY  170910 300  220000-220500   00      97.33 1020.8    104.37     3.00     1.86
TIXIE-BAY  170910 300  220500-221000   00      97.65 1020.8    104.75     3.37     2.22
TIXIE-BAY  170910 300  221000-221500   00      96.85 1020.8    103.89     2.52     1.36
TIXIE-BAY  170910 300  221500-222000   00      95.57 1020.8    102.53     1.18     0.01
TIXIE-BAY  170910 300  222000-222500   00      97.28 1020.9    104.37     3.00     1.82
TIXIE-BAY  170910 300  222500-223000   00      97.07 1020.9    104.16     2.79     1.60
TIXIE-BAY  170910 300  223000-223500   00      96.08 1020.8    103.07     1.71     0.51
TIXIE-BAY  170910 300  223500-224000   00      96.13 1020.9    103.17     1.81     0.60
TIXIE-BAY  170910 300  224000-224500   00      95.92 1020.9    102.93     1.58     0.36
TIXIE-BAY  170910 300  224500-225000   00      95.52 1020.9    102.51     1.16    -0.07
TIXIE-BAY  170910 300  225000-225500   00      97.07 1020.9    104.11     2.74     1.50
TIXIE-BAY  170910 300  225500-230000   00      96.83 1020.9    103.92     2.55     1.30
TIXIE-BAY  170910 300  230000-230500   00      95.84 1020.9    102.85     1.50     0.24
TIXIE-BAY  170910 300  230500-231000   00      96.96 1021.0    104.13     2.76     1.49
TIXIE-BAY  170910 300  231000-231500   00      95.55 1021.1    102.64     1.29     0.01
TIXIE-BAY  170910 300  231500-232000   00      96.11 1021.1    103.28     1.92     0.63
TIXIE-BAY  170910 300  232000-232500   00      96.59 1021.0    103.73     2.37     1.07
TIXIE-BAY  170910 300  232500-233000   00      97.25 1021.0    104.45     3.08     1.77
TIXIE-BAY  170910 300  233000-233500   00      96.08 1021.0    103.20     1.84     0.52
TIXIE-BAY  170910 300  233500-234000   00      96.19 1021.0    103.33     1.97     0.64
TIXIE-BAY  170910 300  234000-234500   00      96.24 1021.0    103.36     2.00     0.66
TIXIE-BAY  170910 300  234500-235000   00      95.15 1021.1    102.24     0.89    -0.46
TIXIE-BAY  170910 300  235000-235500   00      96.43 1021.0    103.60     2.24     0.88
TIXIE-BAY  170910 300  235500-240000   00      97.15 1021.1    104.37     3.00     1.63
TIXIE-BAY  170911 300  000000-000500   00      96.24 1021.1    103.39     2.03     0.66
TIXIE-BAY  170911 300  000500-001000   00      97.01 1021.1    104.27     2.89     1.51
TIXIE-BAY  170911 300  001000-001500   00      96.67 1021.1    103.89     2.52     1.13
TIXIE-BAY  170911 300  001500-002000   00      98.40 1021.1    105.76     4.37     2.97
TIXIE-BAY  170911 300  002000-002500   00      96.16 1021.0    103.31     1.95     0.54
TIXIE-BAY  170911 300  002500-003000   00      96.11 1021.0    103.17     1.81     0.39
TIXIE-BAY  170911 300  003000-003500   00      96.72 1020.9    103.81     2.45     1.02
TIXIE-BAY  170911 300  003500-004000   00      95.73 1020.9    102.75     1.39    -0.04
TIXIE-BAY  170911 300  004000-004500   00      97.52 1020.9    104.67     3.29     1.85
TIXIE-BAY  170911 300  004500-005000   00      95.52 1020.8    102.48     1.13    -0.32
TIXIE-BAY  170911 300  005000-005500   00      97.07 1020.8    104.13     2.76     1.30
TIXIE-BAY  170911 300  005500-010000   00      97.23 1020.8    104.24     2.87     1.40
TIXIE-BAY  170911 300  010000-010500   00      95.15 1020.7    102.00     0.66    -0.81
TIXIE-BAY  170911 300  010500-011000   00      97.25 1020.7    104.21     2.84     1.36
TIXIE-BAY  170911 300  011000-011500   00      97.01 1020.6    103.92     2.55     1.06
TIXIE-BAY  170911 300  011500-012000   00      97.71 1020.6    104.67     3.29     1.79
TIXIE-BAY  170911 300  012000-012500   00      97.73 1020.6    104.67     3.29     1.78
TIXIE-BAY  170911 300  012500-013000   00      97.89 1020.6    104.85     3.47     1.96
TIXIE-BAY  170911 300  013000-013500   00      96.11 1020.6    102.88     1.53     0.01
TIXIE-BAY  170911 300  013500-014000   00      97.01 1020.6    103.89     2.52     0.99
TIXIE-BAY  170911 300  014000-014500   00      97.36 1020.6    104.27     2.89     1.35
TIXIE-BAY  170911 300  014500-015000   00      97.57 1020.6    104.48     3.10     1.56
TIXIE-BAY  170911 300  015000-015500   00      95.68 1020.6    102.48     1.13    -0.42
TIXIE-BAY  170911 300  015500-020000   00      96.48 1020.7    103.36     2.00     0.44
TIXIE-BAY  170911 300  020000-020500   00      96.69 1020.6    103.57     2.21     0.64
TIXIE-BAY  170911 300  020500-021000   00      96.51 1020.6    103.41     2.05     0.48
TIXIE-BAY  170911 300  021000-021500   00      96.61 1020.7    103.52     2.16     0.58
TIXIE-BAY  170911 300  021500-022000   00      96.32 1020.6    103.12     1.76     0.17
TIXIE-BAY  170911 300  022000-022500   00      96.56 1020.5    103.36     2.00     0.41
TIXIE-BAY  170911 300  022500-023000   00      97.81 1020.5    104.69     3.31     1.71
TIXIE-BAY  170911 300  023000-023500   00      94.45 1020.5    101.09    -0.24    -1.85
TIXIE-BAY  170911 300  023500-024000   00      97.12 1020.6    103.95     2.58     0.97
TIXIE-BAY  170911 300  024000-024500   00      95.79 1020.6    102.53     1.18    -0.44
TIXIE-BAY  170911 300  024500-025000   00      97.49 1020.6    104.40     3.03     1.40
TIXIE-BAY  170911 300  025000-025500   00      96.69 1020.6    103.55     2.18     0.55
TIXIE-BAY  170911 300  025500-030000   00      96.03 1020.5    102.77     1.42    -0.22
TIXIE-BAY  170911 300  030000-030500   00      96.77 1020.5    103.52     2.16     0.51
TIXIE-BAY  170911 300  030500-031000   00      96.35 1020.5    103.09     1.74     0.09
TIXIE-BAY  170911 300  031000-031500   00      96.11 1020.5    102.83     1.47    -0.19
TIXIE-BAY  170911 300  031500-032000   00      96.27 1020.5    103.01     1.66     0.00
TIXIE-BAY  170911 300  032000-032500   00      95.73 1020.5    102.40     1.05    -0.62
TIXIE-BAY  170911 300  032500-033000   00      97.33 1020.5    104.13     2.76     1.08
TIXIE-BAY  170911 300  033000-033500   00      96.56 1020.5    103.31     1.95     0.27
TIXIE-BAY  170911 300  033500-034000   00      95.55 1020.5    102.27     0.92    -0.77
TIXIE-BAY  170911 300  034000-034500   00      97.09 1020.5    103.92     2.55     0.86
TIXIE-BAY  170911 300  034500-035000   00      97.49 1020.5    104.35     2.97     1.27
TIXIE-BAY  170911 300  035000-035500   00      96.69 1020.5    103.44     2.08     0.38
TIXIE-BAY  170911 300  035500-040000   00      97.39 1020.5    104.24     2.87     1.16
TIXIE-BAY  170911 300  040000-040500   00      96.88 1020.5    103.68     2.31     0.60
TIXIE-BAY  170911 300  040500-041000   00      95.01 1020.5    101.71     0.37    -1.35
TIXIE-BAY  170911 300  041000-041500   00      98.21 1020.5    105.12     3.74     2.01
TIXIE-BAY  170911 300  041500-042000   00      96.29 1020.5    103.04     1.68    -0.05
TIXIE-BAY  170911 300  042000-042500   00      97.47 1020.5    104.32     2.95     1.21
TIXIE-BAY  170911 300  042500-043000   00      95.79 1020.5    102.51     1.16    -0.58
TIXIE-BAY  170911 300  043000-043500   00      96.05 1020.5    102.80     1.45    -0.30
TIXIE-BAY  170911 300  043500-044000   00      96.13 1020.5    102.88     1.53    -0.22
TIXIE-BAY  170911 300  044000-044500   00      97.71 1020.5    104.51     3.13     1.37
TIXIE-BAY  170911 300  044500-045000   00      95.95 1020.4    102.59     1.24    -0.52
TIXIE-BAY  170911 300  045000-045500   00      97.17 1020.4    103.89     2.52     0.75
TIXIE-BAY  170911 300  045500-050000   00      95.73 1020.3    102.35     1.00    -0.77
TIXIE-BAY  170911 300  050000-050500   00      97.23 1020.3    103.89     2.52     0.75
TIXIE-BAY  170911 300  050500-051000   00      97.15 1020.3    103.81     2.45     0.67
TIXIE-BAY  170911 300  051000-051500   00      96.16 1020.3    102.72     1.37    -0.41
TIXIE-BAY  170911 300  051500-052000   00      95.79 1020.3    102.32     0.97    -0.82
TIXIE-BAY  170911 300  052000-052500   00      96.56 1020.3    103.15     1.79     0.00
TIXIE-BAY  170911 300  052500-053000   00      97.15 1020.2    103.73     2.37     0.57
TIXIE-BAY  170911 300  053000-053500   00      96.37 1020.2    102.91     1.55    -0.25
TIXIE-BAY  170911 300  053500-054000   00      97.07 1020.2    103.68     2.31     0.51
TIXIE-BAY  170911 300  054000-054500   00      96.24 1020.2    102.72     1.37    -0.44
TIXIE-BAY  170911 300  054500-055000   00      96.21 1020.1    102.69     1.34    -0.47
TIXIE-BAY  170911 300  055000-055500   00      96.37 1020.1    102.80     1.45    -0.37
TIXIE-BAY  170911 300  055500-060000   00      96.53 1020.1    102.99     1.63    -0.19
TIXIE-BAY  170911 300  060000-060500   00      97.17 1020.1    103.65     2.29     0.47
TIXIE-BAY  170911 300  060500-061000   00      96.93 1020.0    103.39     2.03     0.20
TIXIE-BAY  170911 300  061000-061500   00      96.16 1020.0    102.53     1.18    -0.65
TIXIE-BAY  170911 300  061500-062000   00      96.19 1020.0    102.56     1.21    -0.62
TIXIE-BAY  170911 300  062000-062500   00      95.95 1020.0    102.29     0.95    -0.89
TIXIE-BAY  170911 300  062500-063000   00      97.84 1019.9    104.27     2.89     1.05
TIXIE-BAY  170911 300  063000-063500   00      97.84 1019.9    104.27     2.89     1.05
TIXIE-BAY  170911 300  063500-064000   00      95.23 1019.9    101.41     0.08    -1.77
TIXIE-BAY  170911 300  064000-064500   00      96.24 1019.9    102.56     1.21    -0.64
TIXIE-BAY  170911 300  064500-065000   00      95.12 1019.8    101.25    -0.08    -1.93
TIXIE-BAY  170911 300  065000-065500   00      96.69 1019.8    102.96     1.60    -0.26
TIXIE-BAY  170911 300  065500-070000   00      97.63 1019.8    103.92     2.55     0.69
TIXIE-BAY  170911 300  070000-070500   00      97.28 1019.8    103.57     2.21     0.35
TIXIE-BAY  170911 300  070500-071000   00      96.21 1019.8    102.40     1.05    -0.82
TIXIE-BAY  170911 300  071000-071500   00      96.35 1019.8    102.56     1.21    -0.66
TIXIE-BAY  170911 300  071500-072000   00      95.41 1019.8    101.57     0.24    -1.63
TIXIE-BAY  170911 300  072000-072500   00      98.11 1019.7    104.37     3.00     1.13
TIXIE-BAY  170911 300  072500-073000   00      98.99 1019.7    105.31     3.92     2.04
TIXIE-BAY  170911 300  073000-073500   00      96.64 1019.7    102.83     1.47    -0.41
TIXIE-BAY  170911 300  073500-074000   00      97.68 1019.7    103.89     2.52     0.64
TIXIE-BAY  170911 300  074000-074500   00      97.04 1019.7    103.20     1.84    -0.04
TIXIE-BAY  170911 300  074500-075000   00      97.89 1019.7    104.13     2.76     0.87
TIXIE-BAY  170911 300  075000-075500   00      97.79 1019.7    104.00     2.63     0.74
TIXIE-BAY  170911 300  075500-080000   00      96.80 1019.7    102.96     1.60    -0.29
TIXIE-BAY  170911 300  080000-080500   00      96.45 1019.7    102.59     1.24    -0.65
TIXIE-BAY  170911 300  080500-081000   00      97.97 1019.7    104.19     2.81    -9999
TIXIE-BAY  170911 300  081000-081500   00      95.68 1019.7    101.81     0.47    -9999
TIXIE-BAY  170911 300  081500-082000   00      96.53 1019.7    102.67     1.31    -9999
TIXIE-BAY  170911 300  082000-082500   00      96.37 1019.7    102.53     1.18    -9999
TIXIE-BAY  170911 300  082500-083000   00      96.11 1019.7    102.24     0.89    -9999
TIXIE-BAY  170911 300  083000-083500   00      97.12 1019.7    103.33     1.97    -9999
TIXIE-BAY  170911 300  083500-084000   00      96.05 1019.7    102.21     0.87    -9999
TIXIE-BAY  170911 300  084000-084500   00      95.65 1019.7    101.76     0.42    -9999
TIXIE-BAY  170911 300  084500-085000   00      95.20 1019.7    101.31    -0.03    -9999
TIXIE-BAY  170911 300  085000-085500   00      96.77 1019.7    103.01     1.66    -9999
TIXIE-BAY  170911 300  085500-090000   00      96.29 1019.7    102.48     1.13    -9999
TIXIE-BAY  170911 300  090000-090500   00      96.64 1019.8    102.88     1.53    -9999
TIXIE-BAY  170911 300  090500-091000   00      96.11 1019.8    102.29     0.95    -9999
TIXIE-BAY  170911 300  091000-091500   00      97.28 1019.8    103.57     2.21    -9999
TIXIE-BAY  170911 300  091500-092000   00      96.21 1019.8    102.43     1.08    -9999
TIXIE-BAY  170911 300  092000-092500   00      96.80 1019.8    103.09     1.74    -9999
TIXIE-BAY  170911 300  092500-093000   00      95.65 1019.8    101.84     0.50    -9999
TIXIE-BAY  170911 300  093000-093500   00      96.03 1019.8    102.24     0.89    -9999
TIXIE-BAY  170911 300  093500-094000   00      95.79 1019.8    102.00     0.66    -9999
TIXIE-BAY  170911 300  094000-094500   00      96.37 1019.8    102.64     1.29    -9999
TIXIE-BAY  170911 300  094500-095000   00      96.99 1019.8    103.25     1.89    -9999
TIXIE-BAY  170911 300  095000-095500   00      95.87 1019.8    102.08     0.74    -9999
TIXIE-BAY  170911 300  095500-100000   00      96.69 1019.8    102.93     1.58    -9999
TIXIE-BAY  170911 300  100000-100500   00      96.32 1019.8    102.51     1.16    -9999
TIXIE-BAY  170911 300  100500-101000   00      95.41 1019.8    101.55     0.21    -9999
TIXIE-BAY  170911 300  101000-101500   00      96.93 1019.7    103.17     1.81    -9999
TIXIE-BAY  170911 300  101500-102000   00      96.05 1019.8    102.21     0.87    -9999
TIXIE-BAY  170911 300  102000-102500   00      95.15 1019.7    101.28    -0.05    -9999
TIXIE-BAY  170911 300  102500-103000   00      95.87 1019.7    102.03     0.68    -9999
TIXIE-BAY  170911 300  103000-103500   00      97.25 1019.7    103.49     2.13    -9999
TIXIE-BAY  170911 300  103500-104000   00      95.97 1019.7    102.08     0.74    -9999
TIXIE-BAY  170911 300  104000-104500   00      96.13 1019.7    102.32     0.97    -9999
TIXIE-BAY  170911 300  104500-105000   00      96.69 1019.8    102.93     1.58    -9999
TIXIE-BAY  170911 300  105000-105500   00      96.99 1019.8    103.25     1.89    -9999
TIXIE-BAY  170911 300  105500-110000   00      97.28 1019.7    103.49     2.13    -9999
TIXIE-BAY  170911 300  110000-110500   00      96.37 1019.7    102.53     1.18    -9999
TIXIE-BAY  170911 300  110500-111000   00      94.45 1019.7    100.51    -0.82    -9999
TIXIE-BAY  170911 300  111000-111500   00      96.35 1019.7    102.48     1.13    -9999
TIXIE-BAY  170911 300  111500-112000   00      94.64 1019.7    100.64    -0.69    -9999
TIXIE-BAY  170911 300  112000-112500   00      94.96 1019.7    100.99    -0.34    -9999
TIXIE-BAY  170911 300  112500-113000   00      95.65 1019.7    101.76     0.42    -9999
TIXIE-BAY  170911 300  113000-113500   00      95.97 1019.7    102.05     0.71    -9999
TIXIE-BAY  170911 300  113500-114000   00      96.11 1019.6    102.19     0.84    -9999
TIXIE-BAY  170911 300  114000-114500   00      95.23 1019.6    101.25    -0.08    -9999
TIXIE-BAY  170911 300  114500-115000   00      94.83 1019.6    100.77    -0.55    -9999
TIXIE-BAY  170911 300  115000-115500   00      95.73 1019.6    101.76     0.42    -9999
TIXIE-BAY  170911 300  115500-120000   00      96.35 1019.5    102.37     1.02    -9999
TIXIE-BAY  170911 3600 120000-130000   00      96.34 1019.3    102.18     0.84    -9999
TIXIE-BAY  170911 3600 130000-140000   00      96.19 1019.2    101.94     0.60    -9999
TIXIE-BAY  170911 3600 140000-150000   00      96.25 1019.1    101.96     0.62    -9999
TIXIE-BAY  170911 3600 150000-160000   00      96.63 1018.9    102.25     0.90    -9999
TIXIE-BAY  170911 3600 160000-170000   00      96.68 1018.8    102.20     0.85    -9999
TIXIE-BAY  170911 3600 170000-180000   00      97.00 1018.7    102.47     1.12    -9999
TIXIE-BAY  170911 3600 180000-190000   00      97.26 1018.5    102.59     1.24    -9999
TIXIE-BAY  170911 3600 190000-200000   00      97.01 1018.5    102.36     1.01    -9999
TIXIE-BAY  170911 3600 200000-210000   00      97.07 1018.8    102.57     1.22    -9999
TIXIE-BAY  170911 3600 210000-220000   00      97.16 1018.9    102.79     1.44    -9999
TIXIE-BAY  170911 3600 220000-230000   00      96.90 1019.0    102.54     1.19    -9999
TIXIE-BAY  170911 3600 230000-240000   00      97.22 1019.0    102.89     1.53    -9999
*
COMMENT UNIVERISTY OF OULU: FILE GENERATED FROM DATABASE AND OBTAINED FROM
COMMENT https://gle.oulu.fi at 2025-01-11 16:21:59 +00:00
COMMENT FOR HISTORICAL/ORIGINAL TEXT FILES SEE https://gle.oulu.fi/txtarchive/
COMMENT ORIGINAL AT https://gle.oulu.fi/txtarchive/GLE72/C072TXBY_cor.DAT
COMMENT DETRENDED DATA SHOW -9999 IF EQUAL TO INC% COLUMN 