MAGADAN    LATITUDE    60.1      LONGITUDE     151       ALTITUDE    0 M
MAGADAN    INSTRUMENT   18NM64    NEUTRON MONITOR     	
MAGADAN    STANDARD PRESSURE    982     mb     COEFFICIENT   -0.74     % / mb
MAGADAN    PRE-INCREASE BASELINE TIME INTERVAL    170910    140000-160000   UT
MAGADAN    PRE-INCREASE AVERAGE COUNTING RATE    179.16      COUNTS PER SECOND
MAGADAN    TIME INTERVALS    300         3600     
MAGADAN    SCALE FACTORS     1           1        
STATION    YYMMDD  SEC   TIME (UT)   CODE    UNCORR. PRESS.    CORR.    % INC.	DETRENDED
                         INTERVAL    TD      C/S     (mb)      C/S
MAGADAN    170909 3600 000000-010000   00     163.37  990.3    175.91    -1.82    -9999
MAGADAN    170909 3600 010000-020000   00     163.06  990.6    176.01    -1.76    -9999
MAGADAN    170909 3600 020000-030000   00     161.80  991.0    175.12    -2.25    -9999
MAGADAN    170909 3600 030000-040000   00     161.72  991.2    175.33    -2.14    -9999
MAGADAN    170909 3600 040000-050000   00     160.83  991.1    174.26    -2.74    -9999
MAGADAN    170909 3600 050000-060000   00     160.04  991.3    173.58    -3.11    -9999
MAGADAN    170909 3600 060000-070000   00     159.84  991.3    173.37    -3.23    -9999
MAGADAN    170909 3600 070000-080000   00     161.00  991.6    174.98    -2.33    -9999
MAGADAN    170909 3600 080000-090000   00     161.34  992.0    175.86    -1.84    -9999
MAGADAN    170909 3600 090000-100000   00     160.23  992.4    175.15    -2.24    -9999
MAGADAN    170909 3600 100000-110000   00     159.79  992.5    174.87    -2.40    -9999
MAGADAN    170909 3600 110000-120000   00     159.54  992.7    174.77    -2.45    -9999
MAGADAN    170909 3600 120000-130000   00     160.00  992.7    175.28    -2.16    -9999
MAGADAN    170909 3600 130000-140000   00     159.73  992.3    174.57    -2.56    -9999
MAGADAN    170909 3600 140000-150000   00     161.71  992.1    176.40    -1.54    -9999
MAGADAN    170909 3600 150000-160000   00     161.86  991.8    176.24    -1.63    -9999
MAGADAN    170909 3600 160000-170000   00     162.88  991.5    176.96    -1.23    -9999
MAGADAN    170909 3600 170000-180000   00     164.23  991.2    178.07    -0.61    -9999
MAGADAN    170909 3600 180000-190000   00     163.80  990.9    177.17    -1.11    -9999
MAGADAN    170909 3600 190000-200000   00     164.84  990.7    178.04    -0.62    -9999
MAGADAN    170909 3600 200000-210000   00     165.42  990.4    178.31    -0.47    -9999
MAGADAN    170909 3600 210000-220000   00     166.39  990.0    178.87    -0.16    -9999
MAGADAN    170909 3600 220000-230000   00     167.45  989.6    179.48     0.18    -9999
MAGADAN    170909 3600 230000-240000   00     168.71  989.1    180.10     0.53    -9999
MAGADAN    170910 3600 000000-010000   00     169.47  988.3    179.87     0.40    -9999
MAGADAN    170910 3600 010000-020000   00     169.35  987.5    178.74    -0.23    -9999
MAGADAN    170910 3600 020000-030000   00     169.56  986.8    178.01    -0.64    -9999
MAGADAN    170910 3600 030000-040000   00     170.40  986.0    177.90    -0.70    -9999
MAGADAN    170910 3600 040000-050000   00     171.38  985.3    178.05    -0.62    -9999
MAGADAN    170910 3600 050000-060000   00     171.64  984.9    177.86    -0.72    -9999
MAGADAN    170910 3600 060000-070000   00     172.78  984.8    178.79    -0.20    -9999
MAGADAN    170910 3600 070000-080000   00     171.14  984.7    177.08    -1.16    -9999
MAGADAN    170910 3600 080000-090000   00     172.00  985.0    178.25    -0.51    -9999
MAGADAN    170910 3600 090000-100000   00     170.38  985.3    176.96    -1.23    -9999
MAGADAN    170910 3600 100000-110000   00     170.60  985.6    177.60    -0.87    -9999
MAGADAN    170910 3600 110000-120000   00     170.30  985.9    177.71    -0.81    -9999
MAGADAN    170910 300  120000-120500   00     169.87  986.1    177.46    -0.95    -9999
MAGADAN    170910 300  120500-121000   00     169.73  986.1    177.36    -1.00    -9999
MAGADAN    170910 300  121000-121500   00     169.55  986.1    177.21    -1.09    -9999
MAGADAN    170910 300  121500-122000   00     169.64  986.2    177.39    -0.98    -9999
MAGADAN    170910 300  122000-122500   00     168.63  986.2    176.36    -1.56    -9999
MAGADAN    170910 300  122500-123000   00     170.88  986.3    178.76    -0.22    -9999
MAGADAN    170910 300  123000-123500   00     171.86  986.3    179.84     0.38    -9999
MAGADAN    170910 300  123500-124000   00     169.42  986.3    177.34    -1.01    -9999
MAGADAN    170910 300  124000-124500   00     169.35  986.3    177.26    -1.06    -9999
MAGADAN    170910 300  124500-125000   00     168.86  986.4    176.77    -1.33    -9999
MAGADAN    170910 300  125000-125500   00     170.20  986.4    178.20    -0.54    -9999
MAGADAN    170910 300  125500-130000   00     171.01  986.4    179.12    -0.02    -9999
MAGADAN    170910 300  130000-130500   00     169.34  986.5    177.42    -0.97    -9999
MAGADAN    170910 300  130500-131000   00     170.87  986.5    179.06    -0.05    -9999
MAGADAN    170910 300  131000-131500   00     167.82  986.5    175.90    -1.82    -9999
MAGADAN    170910 300  131500-132000   00     171.37  986.6    179.66     0.28    -9999
MAGADAN    170910 300  132000-132500   00     168.27  986.6    176.44    -1.52    -9999
MAGADAN    170910 300  132500-133000   00     169.18  986.6    177.44    -0.96    -9999
MAGADAN    170910 300  133000-133500   00     168.41  986.6    176.65    -1.40    -9999
MAGADAN    170910 300  133500-134000   00     169.25  986.7    177.58    -0.88    -9999
MAGADAN    170910 300  134000-134500   00     169.44  986.7    177.82    -0.75    -9999
MAGADAN    170910 300  134500-135000   00     168.76  986.7    177.13    -1.13    -9999
MAGADAN    170910 300  135000-135500   00     170.35  986.8    178.85    -0.17    -9999
MAGADAN    170910 300  135500-140000   00     169.98  986.8    178.48    -0.38    -9999
MAGADAN    170910 300  140000-140500   00     170.14  986.8    178.63    -0.29    -9999
MAGADAN    170910 300  140500-141000   00     171.59  986.8    180.16     0.56    -9999
MAGADAN    170910 300  141000-141500   00     170.66  986.8    179.25     0.05    -9999
MAGADAN    170910 300  141500-142000   00     171.16  986.8    179.79     0.35    -9999
MAGADAN    170910 300  142000-142500   00     169.93  986.8    178.49    -0.37    -9999
MAGADAN    170910 300  142500-143000   00     169.77  986.8    178.31    -0.47    -9999
MAGADAN    170910 300  143000-143500   00     168.89  986.8    177.40    -0.98    -9999
MAGADAN    170910 300  143500-144000   00     171.20  986.9    179.86     0.39    -9999
MAGADAN    170910 300  144000-144500   00     169.64  986.9    178.24    -0.51    -9999
MAGADAN    170910 300  144500-145000   00     170.32  986.9    178.98    -0.10    -9999
MAGADAN    170910 300  145000-145500   00     169.58  986.9    178.22    -0.52    -9999
MAGADAN    170910 300  145500-150000   00     170.99  986.9    179.74     0.32    -9999
MAGADAN    170910 300  150000-150500   00     171.05  986.9    179.80     0.36    -9999
MAGADAN    170910 300  150500-151000   00     169.12  986.9    177.79    -0.76    -9999
MAGADAN    170910 300  151000-151500   00     171.32  987.0    180.17     0.57    -9999
MAGADAN    170910 300  151500-152000   00     170.82  987.0    179.67     0.29    -9999
MAGADAN    170910 300  152000-152500   00     171.23  987.0    180.12     0.54    -9999
MAGADAN    170910 300  152500-153000   00     169.78  987.1    178.64    -0.29    -9999
MAGADAN    170910 300  153000-153500   00     170.06  987.1    179.03    -0.07    -9999
MAGADAN    170910 300  153500-154000   00     169.94  987.2    178.95    -0.12    -9999
MAGADAN    170910 300  154000-154500   00     169.73  987.2    178.76    -0.22    -9999
MAGADAN    170910 300  154500-155000   00     169.92  987.2    178.98    -0.10    -9999
MAGADAN    170910 300  155000-155500   00     171.28  987.2    180.46     0.73    -9999
MAGADAN    170910 300  155500-160000   00     171.13  987.3    180.33     0.66    -9999
MAGADAN    170910 300  160000-160500   00     171.76  987.3    181.00     1.03     0.79
MAGADAN    170910 300  160500-161000   00     173.31  987.3    182.67     1.96     1.70
MAGADAN    170910 300  161000-161500   00     168.78  987.3    177.94    -0.68    -0.97
MAGADAN    170910 300  161500-162000   00     170.38  987.4    179.71     0.31    -0.01
MAGADAN    170910 300  162000-162500   00     172.72  987.4    182.21     1.70     1.36
MAGADAN    170910 300  162500-163000   00     172.13  987.5    181.65     1.39     1.02
MAGADAN    170910 300  163000-163500   00     173.07  987.5    182.70     1.98     1.59
MAGADAN    170910 300  163500-164000   00     173.97  987.5    183.67     2.52     2.10
MAGADAN    170910 300  164000-164500   00     173.52  987.6    183.25     2.28     1.83
MAGADAN    170910 300  164500-165000   00     174.38  987.6    184.20     2.81     2.34
MAGADAN    170910 300  165000-165500   00     173.32  987.6    183.08     2.19     1.69
MAGADAN    170910 300  165500-170000   00     174.67  987.6    184.48     2.97     2.45
MAGADAN    170910 300  170000-170500   00     174.65  987.6    184.51     2.99     2.44
MAGADAN    170910 300  170500-171000   00     173.97  987.6    183.79     2.59     2.01
MAGADAN    170910 300  171000-171500   00     172.73  987.6    182.51     1.87     1.27
MAGADAN    170910 300  171500-172000   00     173.91  987.7    183.76     2.57     1.94
MAGADAN    170910 300  172000-172500   00     173.70  987.7    183.58     2.47     1.82
MAGADAN    170910 300  172500-173000   00     175.05  987.7    185.05     3.29     2.61
MAGADAN    170910 300  173000-173500   00     174.95  987.8    185.00     3.26     2.56
MAGADAN    170910 300  173500-174000   00     174.37  987.8    184.39     2.92     2.19
MAGADAN    170910 300  174000-174500   00     174.81  987.7    184.84     3.17     2.42
MAGADAN    170910 300  174500-175000   00     172.46  987.7    182.32     1.77     0.99
MAGADAN    170910 300  175000-175500   00     175.39  987.7    185.45     3.51     2.70
MAGADAN    170910 300  175500-180000   00     173.50  987.8    183.48     2.41     1.58
MAGADAN    170910 300  180000-180500   00     173.96  987.8    184.00     2.70     1.84
MAGADAN    170910 300  180500-181000   00     174.52  987.8    184.62     3.05     2.17
MAGADAN    170910 300  181000-181500   00     174.19  987.8    184.28     2.86     1.95
MAGADAN    170910 300  181500-182000   00     172.98  987.9    183.04     2.17     1.24
MAGADAN    170910 300  182000-182500   00     173.49  987.9    183.65     2.51     1.55
MAGADAN    170910 300  182500-183000   00     170.94  988.0    181.01     1.03     0.05
MAGADAN    170910 300  183000-183500   00     171.73  988.0    181.93     1.55     0.54
MAGADAN    170910 300  183500-184000   00     172.97  988.1    183.30     2.31     1.28
MAGADAN    170910 300  184000-184500   00     173.26  988.1    183.64     2.50     1.44
MAGADAN    170910 300  184500-185000   00     173.52  988.1    183.94     2.67     1.59
MAGADAN    170910 300  185000-185500   00     171.02  988.1    181.35     1.22     0.11
MAGADAN    170910 300  185500-190000   00     172.83  988.2    183.32     2.33     1.20
MAGADAN    170910 300  190000-190500   00     172.60  988.2    183.15     2.23     1.07
MAGADAN    170910 300  190500-191000   00     171.80  988.3    182.33     1.77     0.59
MAGADAN    170910 300  191000-191500   00     173.15  988.3    183.80     2.59     1.38
MAGADAN    170910 300  191500-192000   00     173.69  988.3    184.37     2.91     1.68
MAGADAN    170910 300  192000-192500   00     172.42  988.3    183.08     2.19     0.93
MAGADAN    170910 300  192500-193000   00     172.16  988.4    182.88     2.08     0.80
MAGADAN    170910 300  193000-193500   00     170.96  988.5    181.69     1.41     0.10
MAGADAN    170910 300  193500-194000   00     170.23  988.5    180.96     1.01    -0.32
MAGADAN    170910 300  194000-194500   00     172.66  988.5    183.51     2.43     1.07
MAGADAN    170910 300  194500-195000   00     171.51  988.5    182.29     1.75     0.37
MAGADAN    170910 300  195000-195500   00     170.30  988.5    181.09     1.08    -0.33
MAGADAN    170910 300  195500-200000   00     170.11  988.6    180.91     0.98    -0.45
MAGADAN    170910 300  200000-200500   00     172.23  988.6    183.20     2.25     0.79
MAGADAN    170910 300  200500-201000   00     169.74  988.6    180.57     0.79    -0.69
MAGADAN    170910 300  201000-201500   00     173.92  988.6    185.03     3.28     1.77
MAGADAN    170910 300  201500-202000   00     172.21  988.7    183.32     2.33     0.80
MAGADAN    170910 300  202000-202500   00     169.96  988.7    180.98     1.02    -0.53
MAGADAN    170910 300  202500-203000   00     172.74  988.7    183.95     2.67     1.09
MAGADAN    170910 300  203000-203500   00     171.79  988.8    182.97     2.13     0.53
MAGADAN    170910 300  203500-204000   00     170.87  988.8    182.02     1.60    -0.03
MAGADAN    170910 300  204000-204500   00     170.83  988.8    181.99     1.58    -0.07
MAGADAN    170910 300  204500-205000   00     171.81  988.8    183.10     2.20     0.52
MAGADAN    170910 300  205000-205500   00     172.34  988.9    183.73     2.55     0.85
MAGADAN    170910 300  205500-210000   00     171.01  988.9    182.36     1.79     0.06
MAGADAN    170910 300  210000-210500   00     170.10  988.9    181.42     1.26    -0.49
MAGADAN    170910 300  210500-211000   00     173.09  989.0    184.66     3.07     1.30
MAGADAN    170910 300  211000-211500   00     171.18  989.0    182.69     1.97     0.17
MAGADAN    170910 300  211500-212000   00     172.74  989.1    184.42     2.94     1.12
MAGADAN    170910 300  212000-212500   00     170.61  989.1    182.19     1.69    -0.16
MAGADAN    170910 300  212500-213000   00     171.78  989.1    183.43     2.38     0.51
MAGADAN    170910 300  213000-213500   00     171.96  989.1    183.63     2.50     0.61
MAGADAN    170910 300  213500-214000   00     170.11  989.2    181.72     1.43    -0.49
MAGADAN    170910 300  214000-214500   00     170.96  989.2    182.68     1.97     0.03
MAGADAN    170910 300  214500-215000   00     172.12  989.2    183.93     2.66     0.69
MAGADAN    170910 300  215000-215500   00     170.49  989.2    182.22     1.71    -0.28
MAGADAN    170910 300  215500-220000   00     171.98  989.3    183.88     2.64     0.63
MAGADAN    170910 300  220000-220500   00     171.78  989.4    183.75     2.56     0.52
MAGADAN    170910 300  220500-221000   00     171.87  989.4    183.93     2.67     0.61
MAGADAN    170910 300  221000-221500   00     171.87  989.4    183.95     2.68     0.59
MAGADAN    170910 300  221500-222000   00     171.97  989.4    184.07     2.74     0.63
MAGADAN    170910 300  222000-222500   00     170.30  989.4    182.24     1.72    -0.41
MAGADAN    170910 300  222500-223000   00     169.91  989.4    181.77     1.46    -0.70
MAGADAN    170910 300  223000-223500   00     170.37  989.3    182.23     1.72    -0.46
MAGADAN    170910 300  223500-224000   00     171.82  989.3    183.72     2.55     0.35
MAGADAN    170910 300  224000-224500   00     171.14  989.3    182.97     2.13    -0.10
MAGADAN    170910 300  224500-225000   00     172.25  989.3    184.17     2.80     0.55
MAGADAN    170910 300  225000-225500   00     168.76  989.3    180.44     0.71    -1.57
MAGADAN    170910 300  225500-230000   00     170.17  989.3    182.01     1.59    -0.71
MAGADAN    170910 300  230000-230500   00     169.92  989.4    181.79     1.47    -0.85
MAGADAN    170910 300  230500-231000   00     171.15  989.4    183.10     2.20    -0.15
MAGADAN    170910 300  231000-231500   00     171.11  989.4    183.05     2.17    -0.20
MAGADAN    170910 300  231500-232000   00     172.04  989.4    184.03     2.72     0.33
MAGADAN    170910 300  232000-232500   00     172.68  989.4    184.73     3.11     0.69
MAGADAN    170910 300  232500-233000   00     172.69  989.3    184.64     3.06     0.62
MAGADAN    170910 300  233000-233500   00     173.36  989.3    185.33     3.45     0.99
MAGADAN    170910 300  233500-234000   00     169.58  989.3    181.32     1.21    -1.28
MAGADAN    170910 300  234000-234500   00     171.70  989.3    183.58     2.47    -0.04
MAGADAN    170910 300  234500-235000   00     172.36  989.3    184.31     2.87     0.34
MAGADAN    170910 300  235000-235500   00     172.10  989.3    183.99     2.70     0.15
MAGADAN    170910 300  235500-240000   00     172.16  989.3    184.04     2.73     0.15
MAGADAN    170911 300  000000-000500   00     173.20  989.3    185.17     3.36     0.76
MAGADAN    170911 300  000500-001000   00     172.47  989.2    184.33     2.89    -9999
MAGADAN    170911 300  001000-001500   00     170.20  989.2    181.89     1.53    -9999
MAGADAN    170911 300  001500-002000   00     170.46  989.2    182.16     1.68    -9999
MAGADAN    170911 300  002000-002500   00     170.74  989.2    182.44     1.83    -9999
MAGADAN    170911 300  002500-003000   00     170.86  989.2    182.52     1.88    -9999
MAGADAN    170911 300  003000-003500   00     174.88  989.1    186.74     4.23    -9999
MAGADAN    170911 300  003500-004000   00     170.33  989.1    181.85     1.50    -9999
MAGADAN    170911 300  004000-004500   00     171.83  989.1    183.48     2.42    -9999
MAGADAN    170911 300  004500-005000   00     172.96  989.1    184.71     3.10    -9999
MAGADAN    170911 300  005000-005500   00     170.98  989.1    182.59     1.91    -9999
MAGADAN    170911 300  005500-010000   00     173.59  989.1    185.37     3.47    -9999
MAGADAN    170911 300  010000-010500   00     173.97  989.1    185.76     3.69    -9999
MAGADAN    170911 300  010500-011000   00     171.21  989.1    182.81     2.04    -9999
MAGADAN    170911 300  011000-011500   00     171.33  989.1    182.90     2.09    -9999
MAGADAN    170911 300  011500-012000   00     173.47  989.1    185.17     3.36    -9999
MAGADAN    170911 300  012000-012500   00     169.73  989.1    181.16     1.12    -9999
MAGADAN    170911 300  012500-013000   00     173.41  989.1    185.10     3.32    -9999
MAGADAN    170911 300  013000-013500   00     171.66  989.1    183.21     2.26    -9999
MAGADAN    170911 300  013500-014000   00     172.53  989.0    184.09     2.75    -9999
MAGADAN    170911 300  014000-014500   00     171.34  989.0    182.77     2.01    -9999
MAGADAN    170911 300  014500-015000   00     172.84  988.9    184.28     2.86    -9999
MAGADAN    170911 300  015000-015500   00     173.38  988.9    184.81     3.15    -9999
MAGADAN    170911 300  015500-020000   00     172.30  988.8    183.63     2.50    -9999
MAGADAN    170911 300  020000-020500   00     171.26  988.8    182.49     1.86    -9999
MAGADAN    170911 300  020500-021000   00     173.38  988.8    184.69     3.09    -9999
MAGADAN    170911 300  021000-021500   00     169.04  988.8    180.06     0.51    -9999
MAGADAN    170911 300  021500-022000   00     171.02  988.7    182.11     1.65    -9999
MAGADAN    170911 300  022000-022500   00     175.49  988.6    186.76     4.24    -9999
MAGADAN    170911 300  022500-023000   00     169.54  988.6    180.43     0.71    -9999
MAGADAN    170911 300  023000-023500   00     172.44  988.6    183.51     2.43    -9999
MAGADAN    170911 300  023500-024000   00     172.85  988.6    183.91     2.65    -9999
MAGADAN    170911 300  024000-024500   00     170.99  988.6    181.88     1.52    -9999
MAGADAN    170911 300  024500-025000   00     171.38  988.5    182.20     1.70    -9999
MAGADAN    170911 300  025000-025500   00     172.54  988.4    183.35     2.34    -9999
MAGADAN    170911 300  025500-030000   00     172.61  988.4    183.36     2.34    -9999
MAGADAN    170911 300  030000-030500   00     170.94  988.3    181.50     1.31    -9999
MAGADAN    170911 300  030500-031000   00     172.57  988.3    183.18     2.24    -9999
MAGADAN    170911 300  031000-031500   00     173.12  988.2    183.63     2.50    -9999
MAGADAN    170911 300  031500-032000   00     174.68  988.1    185.10     3.32    -9999
MAGADAN    170911 300  032000-032500   00     173.16  988.0    183.38     2.36    -9999
MAGADAN    170911 300  032500-033000   00     169.94  987.9    179.92     0.43    -9999
MAGADAN    170911 300  033000-033500   00     174.68  987.9    184.94     3.23    -9999
MAGADAN    170911 300  033500-034000   00     171.39  987.9    181.39     1.24    -9999
MAGADAN    170911 300  034000-034500   00     172.89  987.8    182.85     2.06    -9999
MAGADAN    170911 300  034500-035000   00     173.12  987.7    182.99     2.14    -9999
MAGADAN    170911 300  035000-035500   00     176.07  987.6    186.03     3.84    -9999
MAGADAN    170911 300  035500-040000   00     175.54  987.5    185.33     3.45    -9999
MAGADAN    170911 300  040000-040500   00     174.39  987.5    184.02     2.71    -9999
MAGADAN    170911 300  040500-041000   00     170.64  987.5    180.15     0.55    -9999
MAGADAN    170911 300  041000-041500   00     172.58  987.5    182.13     1.66    -9999
MAGADAN    170911 300  041500-042000   00     172.52  987.4    182.01     1.59    -9999
MAGADAN    170911 300  042000-042500   00     173.58  987.4    183.11     2.21    -9999
MAGADAN    170911 300  042500-043000   00     172.23  987.4    181.60     1.36    -9999
MAGADAN    170911 300  043000-043500   00     175.42  987.3    184.89     3.20    -9999
MAGADAN    170911 300  043500-044000   00     172.31  987.3    181.63     1.38    -9999
MAGADAN    170911 300  044000-044500   00     170.99  987.4    180.28     0.63    -9999
MAGADAN    170911 300  044500-045000   00     173.01  987.4    182.49     1.86    -9999
MAGADAN    170911 300  045000-045500   00     172.43  987.5    181.94     1.55    -9999
MAGADAN    170911 300  045500-050000   00     171.23  987.5    180.73     0.88    -9999
MAGADAN    170911 300  050000-050500   00     170.26  987.5    179.73     0.32    -9999
MAGADAN    170911 300  050500-051000   00     174.75  987.5    184.43     2.94    -9999
MAGADAN    170911 300  051000-051500   00     173.49  987.5    183.15     2.23    -9999
MAGADAN    170911 300  051500-052000   00     171.81  987.6    181.46     1.29    -9999
MAGADAN    170911 300  052000-052500   00     172.75  987.7    182.52     1.88    -9999
MAGADAN    170911 300  052500-053000   00     172.99  987.6    182.78     2.02    -9999
MAGADAN    170911 300  053000-053500   00     172.14  987.7    181.91     1.54    -9999
MAGADAN    170911 300  053500-054000   00     172.21  987.7    182.02     1.60    -9999
MAGADAN    170911 300  054000-054500   00     170.48  987.7    180.21     0.59    -9999
MAGADAN    170911 300  054500-055000   00     171.48  987.7    181.21     1.14    -9999
MAGADAN    170911 300  055000-055500   00     171.34  987.6    181.03     1.04    -9999
MAGADAN    170911 300  055500-060000   00     173.66  987.6    183.45     2.40    -9999
MAGADAN    170911 300  060000-060500   00     170.25  987.6    179.86     0.39    -9999
MAGADAN    170911 300  060500-061000   00     172.53  987.6    182.26     1.73    -9999
MAGADAN    170911 300  061000-061500   00     170.69  987.6    180.34     0.66    -9999
MAGADAN    170911 300  061500-062000   00     173.69  987.7    183.56     2.46    -9999
MAGADAN    170911 300  062000-062500   00     172.67  987.7    182.54     1.89    -9999
MAGADAN    170911 300  062500-063000   00     172.16  987.8    182.04     1.61    -9999
MAGADAN    170911 300  063000-063500   00     172.31  987.8    182.20     1.70    -9999
MAGADAN    170911 300  063500-064000   00     170.46  987.7    180.24     0.60    -9999
MAGADAN    170911 300  064000-064500   00     171.23  987.8    181.07     1.07    -9999
MAGADAN    170911 300  064500-065000   00     172.58  987.8    182.55     1.89    -9999
MAGADAN    170911 300  065000-065500   00     172.78  987.8    182.79     2.03    -9999
MAGADAN    170911 300  065500-070000   00     170.53  987.9    180.45     0.72    -9999
MAGADAN    170911 300  070000-070500   00     171.07  987.9    181.07     1.07    -9999
MAGADAN    170911 300  070500-071000   00     170.61  988.0    180.70     0.86    -9999
MAGADAN    170911 300  071000-071500   00     172.30  988.0    182.57     1.91    -9999
MAGADAN    170911 300  071500-072000   00     170.99  988.1    181.26     1.17    -9999
MAGADAN    170911 300  072000-072500   00     172.80  988.2    183.28     2.30    -9999
MAGADAN    170911 300  072500-073000   00     169.55  988.3    179.92     0.43    -9999
MAGADAN    170911 300  073000-073500   00     173.03  988.3    183.67     2.52    -9999
MAGADAN    170911 300  073500-074000   00     169.45  988.3    179.92     0.43    -9999
MAGADAN    170911 300  074000-074500   00     172.03  988.4    182.75     2.00    -9999
MAGADAN    170911 300  074500-075000   00     169.38  988.4    180.00     0.47    -9999
MAGADAN    170911 300  075000-075500   00     170.41  988.5    181.18     1.13    -9999
MAGADAN    170911 300  075500-080000   00     170.23  988.6    181.08     1.07    -9999
MAGADAN    170911 300  080000-080500   00     171.82  988.7    182.90     2.09    -9999
MAGADAN    170911 300  080500-081000   00     170.39  988.8    181.52     1.32    -9999
MAGADAN    170911 300  081000-081500   00     168.77  988.9    179.95     0.44    -9999
MAGADAN    170911 300  081500-082000   00     169.62  989.0    180.97     1.01    -9999
MAGADAN    170911 300  082000-082500   00     170.14  989.0    181.57     1.35    -9999
MAGADAN    170911 300  082500-083000   00     169.96  989.0    181.37     1.24    -9999
MAGADAN    170911 300  083000-083500   00     169.50  989.1    180.92     0.98    -9999
MAGADAN    170911 300  083500-084000   00     170.65  989.1    182.24     1.72    -9999
MAGADAN    170911 300  084000-084500   00     170.43  989.2    182.14     1.67    -9999
MAGADAN    170911 300  084500-085000   00     170.78  989.3    182.60     1.92    -9999
MAGADAN    170911 300  085000-085500   00     168.82  989.3    180.57     0.79    -9999
MAGADAN    170911 300  085500-090000   00     167.71  989.4    179.42     0.15    -9999
MAGADAN    170911 300  090000-090500   00     170.02  989.4    181.96     1.56    -9999
MAGADAN    170911 300  090500-091000   00     167.50  989.5    179.33     0.10    -9999
MAGADAN    170911 300  091000-091500   00     167.90  989.5    179.80     0.36    -9999
MAGADAN    170911 300  091500-092000   00     167.62  989.6    179.60     0.25    -9999
MAGADAN    170911 300  092000-092500   00     168.45  989.6    180.55     0.78    -9999
MAGADAN    170911 300  092500-093000   00     167.91  989.6    179.99     0.46    -9999
MAGADAN    170911 300  093000-093500   00     169.67  989.7    181.93     1.55    -9999
MAGADAN    170911 300  093500-094000   00     168.63  989.7    180.89     0.97    -9999
MAGADAN    170911 300  094000-094500   00     169.87  989.8    182.28     1.74    -9999
MAGADAN    170911 300  094500-095000   00     168.31  989.9    180.68     0.85    -9999
MAGADAN    170911 300  095000-095500   00     169.09  989.9    181.57     1.35    -9999
MAGADAN    170911 300  095500-100000   00     167.83  989.9    180.26     0.62    -9999
MAGADAN    170911 300  100000-100500   00     168.24  990.0    180.75     0.89    -9999
MAGADAN    170911 300  100500-101000   00     169.68  990.0    182.32     1.76    -9999
MAGADAN    170911 300  101000-101500   00     168.81  990.0    181.39     1.25    -9999
MAGADAN    170911 300  101500-102000   00     167.36  990.0    179.91     0.42    -9999
MAGADAN    170911 300  102000-102500   00     166.56  990.1    179.11    -0.03    -9999
MAGADAN    170911 300  102500-103000   00     169.21  990.1    181.95     1.56    -9999
MAGADAN    170911 300  103000-103500   00     168.82  990.1    181.54     1.33    -9999
MAGADAN    170911 300  103500-104000   00     168.75  990.1    181.46     1.29    -9999
MAGADAN    170911 300  104000-104500   00     166.83  990.1    179.44     0.16    -9999
MAGADAN    170911 300  104500-105000   00     168.48  990.1    181.24     1.16    -9999
MAGADAN    170911 300  105000-105500   00     168.20  990.2    181.02     1.04    -9999
MAGADAN    170911 300  105500-110000   00     169.16  990.2    182.10     1.64    -9999
MAGADAN    170911 300  110000-110500   00     167.31  990.3    180.21     0.59    -9999
MAGADAN    170911 300  110500-111000   00     166.83  990.4    179.81     0.37    -9999
MAGADAN    170911 300  111000-111500   00     166.62  990.5    179.69     0.30    -9999
MAGADAN    170911 300  111500-112000   00     168.71  990.5    181.91     1.53    -9999
MAGADAN    170911 300  112000-112500   00     167.76  990.5    180.87     0.96    -9999
MAGADAN    170911 300  112500-113000   00     168.89  990.5    182.15     1.67    -9999
MAGADAN    170911 300  113000-113500   00     167.38  990.6    180.69     0.86    -9999
MAGADAN    170911 300  113500-114000   00     165.54  990.7    178.78    -0.21    -9999
MAGADAN    170911 300  114000-114500   00     168.87  990.7    182.35     1.78    -9999
MAGADAN    170911 300  114500-115000   00     168.37  990.7    181.80     1.47    -9999
MAGADAN    170911 300  115000-115500   00     168.70  990.7    182.23     1.71    -9999
MAGADAN    170911 300  115500-120000   00     166.61  990.8    180.04     0.49    -9999
MAGADAN    170911 3600 120000-130000   00     167.05  991.0    180.82     0.93    -9999
MAGADAN    170911 3600 130000-140000   00     166.32  991.3    180.45     0.72    -9999
MAGADAN    170911 3600 140000-150000   00     166.60  991.5    180.94     1.00    -9999
MAGADAN    170911 3600 150000-160000   00     167.14  991.7    181.79     1.47    -9999
MAGADAN    170911 3600 160000-170000   00     166.59  991.9    181.51     1.31    -9999
MAGADAN    170911 3600 170000-180000   00     167.31  992.0    182.43     1.83    -9999
MAGADAN    170911 3600 180000-190000   00     166.01  992.4    181.55     1.34    -9999
MAGADAN    170911 3600 190000-200000   00     166.41  992.7    182.34     1.78    -9999
MAGADAN    170911 3600 200000-210000   00     166.97  992.9    183.26     2.29    -9999
MAGADAN    170911 3600 210000-220000   00     165.84  992.9    181.96     1.56    -9999
MAGADAN    170911 3600 220000-230000   00     167.45  992.7    183.49     2.42    -9999
MAGADAN    170911 3600 230000-240000   00     167.24  992.4    182.80     2.03    -9999
*
COMMENT UNIVERISTY OF OULU: FILE GENERATED FROM DATABASE AND OBTAINED FROM
COMMENT https://gle.oulu.fi at 2025-01-11 16:21:59 +00:00
COMMENT FOR HISTORICAL/ORIGINAL TEXT FILES SEE https://gle.oulu.fi/txtarchive/
COMMENT ORIGINAL AT https://gle.oulu.fi/txtarchive/GLE72/C072MGDN_cor.DAT
COMMENT DETRENDED DATA SHOW -9999 IF EQUAL TO INC% COLUMN 