ALMA-ATA-B LATITUDE    43.14     LONGITUDE     76.6      ALTITUDE    3340 M
ALMA-ATA-B INSTRUMENT   18NM64    NEUTRON MONITOR     
ALMA-ATA-B STANDARD PRESSURE    675     MB     COEFFICIENT   -0.72     % / MB
ALMA-ATA-B PRE-INCREASE BASELINE TIME INTERVAL    170910    140000-160000   UT
ALMA-ATA-B PRE-INCREASE AVERAGE COUNTING RATE  1,410.05      COUNTS PER SECOND
ALMA-ATA-B TIME INTERVALS    300         3600     
ALMA-ATA-B SCALE FACTORS     1           1        
STATION    YYMMDD  SEC   TIME (UT)   CODE    UNCORR. PRESS.    CORR.    % INC.	DETRENDED
                         INTERVAL    TD      C/S     (MB)      C/S
ALMA-ATA-B 170909 3600 000000-010000   00    1275.15  683.3   1393.50    -1.17    -9999
ALMA-ATA-B 170909 3600 010000-020000   00    1274.92  683.5   1394.49    -1.10    -9999
ALMA-ATA-B 170909 3600 020000-030000   00    1267.35  683.6   1387.15    -1.62    -9999
ALMA-ATA-B 170909 3600 030000-040000   00    1262.93  683.8   1384.23    -1.83    -9999
ALMA-ATA-B 170909 3600 040000-050000   00    1257.08  683.8   1378.86    -2.21    -9999
ALMA-ATA-B 170909 3600 050000-060000   00    1259.54  683.9   1382.02    -1.99    -9999
ALMA-ATA-B 170909 3600 060000-070000   00    1259.04  683.9   1381.29    -2.04    -9999
ALMA-ATA-B 170909 3600 070000-080000   00    1261.80  683.9   1384.31    -1.83    -9999
ALMA-ATA-B 170909 3600 080000-090000   00    1261.42  683.8   1383.58    -1.88    -9999
ALMA-ATA-B 170909 3600 090000-100000   00    1260.77  683.9   1383.35    -1.89    -9999
ALMA-ATA-B 170909 3600 100000-110000   00    1260.39  684.0   1383.32    -1.90    -9999
ALMA-ATA-B 170909 3600 110000-120000   00    1259.04  684.1   1383.46    -1.89    -9999
ALMA-ATA-B 170909 3600 120000-130000   00    1254.31  684.5   1382.30    -1.97    -9999
ALMA-ATA-B 170909 3600 130000-140000   00    1252.06  684.8   1382.40    -1.96    -9999
ALMA-ATA-B 170909 3600 140000-150000   00    1250.62  685.1   1383.78    -1.86    -9999
ALMA-ATA-B 170909 3600 150000-160000   00    1254.96  684.8   1385.78    -1.72    -9999
ALMA-ATA-B 170909 3600 160000-170000   00    1262.79  684.5   1391.43    -1.32    -9999
ALMA-ATA-B 170909 3600 170000-180000   00    1270.98  684.3   1398.67    -0.81    -9999
ALMA-ATA-B 170909 3600 180000-190000   00    1280.42  684.0   1405.87    -0.30    -9999
ALMA-ATA-B 170909 3600 190000-200000   00    1284.61  683.6   1406.45    -0.26    -9999
ALMA-ATA-B 170909 3600 200000-210000   00    1288.78  683.3   1407.60    -0.17    -9999
ALMA-ATA-B 170909 3600 210000-220000   00    1289.62  682.9   1404.73    -0.38    -9999
ALMA-ATA-B 170909 3600 220000-230000   00    1293.00  682.7   1406.46    -0.25    -9999
ALMA-ATA-B 170909 3600 230000-240000   00    1293.95  682.4   1405.13    -0.35    -9999
ALMA-ATA-B 170910 3600 000000-010000   00    1296.24  682.4   1407.25    -0.20    -9999
ALMA-ATA-B 170910 3600 010000-020000   00    1291.10  682.5   1402.17    -0.56    -9999
ALMA-ATA-B 170910 3600 020000-030000   00    1293.10  682.4   1403.58    -0.46    -9999
ALMA-ATA-B 170910 3600 030000-040000   00    1296.41  682.3   1406.56    -0.25    -9999
ALMA-ATA-B 170910 3600 040000-050000   00    1300.76  682.4   1411.73     0.12    -9999
ALMA-ATA-B 170910 3600 050000-060000   00    1302.65  682.2   1411.97     0.14    -9999
ALMA-ATA-B 170910 3600 060000-070000   00    1308.87  682.0   1416.59     0.46    -9999
ALMA-ATA-B 170910 3600 070000-080000   00    1303.53  681.9   1410.16     0.01    -9999
ALMA-ATA-B 170910 3600 080000-090000   00    1302.29  681.9   1408.61    -0.10    -9999
ALMA-ATA-B 170910 3600 090000-100000   00    1297.35  681.9   1403.05    -0.50    -9999
ALMA-ATA-B 170910 3600 100000-110000   00    1298.74  682.1   1406.35    -0.26    -9999
ALMA-ATA-B 170910 3600 110000-120000   00    1298.76  681.9   1405.09    -0.35    -9999
ALMA-ATA-B 170910 300  120000-120500   00    1295.96  682.2   1405.26    -0.34    -9999
ALMA-ATA-B 170910 300  120500-121000   00    1291.02  682.3   1400.64    -0.67    -9999
ALMA-ATA-B 170910 300  121000-121500   00    1300.96  682.3   1411.76     0.12    -9999
ALMA-ATA-B 170910 300  121500-122000   00    1297.88  682.4   1408.92    -0.08    -9999
ALMA-ATA-B 170910 300  122000-122500   00    1293.18  682.4   1404.00    -0.43    -9999
ALMA-ATA-B 170910 300  122500-123000   00    1296.74  682.3   1407.22    -0.20    -9999
ALMA-ATA-B 170910 300  123000-123500   00    1296.22  682.3   1406.68    -0.24    -9999
ALMA-ATA-B 170910 300  123500-124000   00    1296.28  682.3   1406.64    -0.24    -9999
ALMA-ATA-B 170910 300  124000-124500   00    1290.78  682.3   1400.72    -0.66    -9999
ALMA-ATA-B 170910 300  124500-125000   00    1291.08  682.4   1401.62    -0.60    -9999
ALMA-ATA-B 170910 300  125000-125500   00    1281.58  682.4   1391.12    -1.34    -9999
ALMA-ATA-B 170910 300  125500-130000   00    1302.28  682.4   1413.52     0.25    -9999
ALMA-ATA-B 170910 300  130000-130500   00    1293.42  682.4   1404.34    -0.40    -9999
ALMA-ATA-B 170910 300  130500-131000   00    1296.20  682.4   1407.34    -0.19    -9999
ALMA-ATA-B 170910 300  131000-131500   00    1292.92  682.5   1404.10    -0.42    -9999
ALMA-ATA-B 170910 300  131500-132000   00    1299.92  682.4   1411.38     0.09    -9999
ALMA-ATA-B 170910 300  132000-132500   00    1295.14  682.5   1406.70    -0.24    -9999
ALMA-ATA-B 170910 300  132500-133000   00    1294.92  682.5   1407.04    -0.21    -9999
ALMA-ATA-B 170910 300  133000-133500   00    1294.46  682.6   1406.98    -0.22    -9999
ALMA-ATA-B 170910 300  133500-134000   00    1286.18  682.6   1397.90    -0.86    -9999
ALMA-ATA-B 170910 300  134000-134500   00    1302.72  682.6   1416.36     0.45    -9999
ALMA-ATA-B 170910 300  134500-135000   00    1289.66  682.6   1402.10    -0.56    -9999
ALMA-ATA-B 170910 300  135000-135500   00    1288.76  682.6   1401.10    -0.63    -9999
ALMA-ATA-B 170910 300  135500-140000   00    1285.96  682.7   1398.46    -0.82    -9999
ALMA-ATA-B 170910 300  140000-140500   00    1288.78  682.7   1401.84    -0.58    -9999
ALMA-ATA-B 170910 300  140500-141000   00    1293.64  682.6   1406.64    -0.24    -9999
ALMA-ATA-B 170910 300  141000-141500   00    1294.44  682.7   1407.68    -0.17    -9999
ALMA-ATA-B 170910 300  141500-142000   00    1296.26  682.7   1409.86    -0.01    -9999
ALMA-ATA-B 170910 300  142000-142500   00    1290.02  682.7   1403.24    -0.48    -9999
ALMA-ATA-B 170910 300  142500-143000   00    1293.40  682.7   1406.98    -0.22    -9999
ALMA-ATA-B 170910 300  143000-143500   00    1296.30  682.7   1410.28     0.02    -9999
ALMA-ATA-B 170910 300  143500-144000   00    1298.78  682.7   1412.72     0.19    -9999
ALMA-ATA-B 170910 300  144000-144500   00    1289.58  682.5   1400.94    -0.65    -9999
ALMA-ATA-B 170910 300  144500-145000   00    1294.02  682.3   1404.14    -0.42    -9999
ALMA-ATA-B 170910 300  145000-145500   00    1306.42  682.3   1417.34     0.52    -9999
ALMA-ATA-B 170910 300  145500-150000   00    1298.68  682.4   1409.46    -0.04    -9999
ALMA-ATA-B 170910 300  150000-150500   00    1299.84  682.3   1410.64     0.04    -9999
ALMA-ATA-B 170910 300  150500-151000   00    1291.28  682.4   1401.82    -0.58    -9999
ALMA-ATA-B 170910 300  151000-151500   00    1304.32  682.5   1416.52     0.46    -9999
ALMA-ATA-B 170910 300  151500-152000   00    1297.12  682.5   1409.10    -0.07    -9999
ALMA-ATA-B 170910 300  152000-152500   00    1297.62  682.5   1409.92    -0.01    -9999
ALMA-ATA-B 170910 300  152500-153000   00    1298.78  682.5   1411.34     0.09    -9999
ALMA-ATA-B 170910 300  153000-153500   00    1296.48  682.5   1408.70    -0.10    -9999
ALMA-ATA-B 170910 300  153500-154000   00    1300.34  682.5   1413.00     0.21    -9999
ALMA-ATA-B 170910 300  154000-154500   00    1303.88  682.5   1416.78     0.48    -9999
ALMA-ATA-B 170910 300  154500-155000   00    1300.56  682.5   1413.18     0.22    -9999
ALMA-ATA-B 170910 300  155000-155500   00    1306.64  682.5   1419.62     0.68    -9999
ALMA-ATA-B 170910 300  155500-160000   00    1306.58  682.5   1419.36     0.66    -9999
ALMA-ATA-B 170910 300  160000-160500   00    1298.38  682.5   1410.78     0.05    -9999
ALMA-ATA-B 170910 300  160500-161000   00    1306.14  682.5   1419.32     0.66    -9999
ALMA-ATA-B 170910 300  161000-161500   00    1296.10  682.5   1408.36    -0.12    -9999
ALMA-ATA-B 170910 300  161500-162000   00    1311.48  682.5   1424.94     1.06    -9999
ALMA-ATA-B 170910 300  162000-162500   00    1312.06  682.5   1425.62     1.10    -9999
ALMA-ATA-B 170910 300  162500-163000   00    1298.74  682.6   1411.50     0.10    -9999
ALMA-ATA-B 170910 300  163000-163500   00    1294.70  682.5   1407.02    -0.21    -9999
ALMA-ATA-B 170910 300  163500-164000   00    1300.56  682.6   1413.52     0.25    -9999
ALMA-ATA-B 170910 300  164000-164500   00    1300.28  682.6   1413.44     0.24    -9999
ALMA-ATA-B 170910 300  164500-165000   00    1301.64  682.6   1414.78     0.34    -9999
ALMA-ATA-B 170910 300  165000-165500   00    1303.46  682.5   1416.42     0.45    -9999
ALMA-ATA-B 170910 300  165500-170000   00    1301.04  682.6   1413.96     0.28    -9999
ALMA-ATA-B 170910 300  170000-170500   00    1296.74  682.6   1409.36    -0.05    -9999
ALMA-ATA-B 170910 300  170500-171000   00    1295.78  682.6   1408.34    -0.12    -9999
ALMA-ATA-B 170910 300  171000-171500   00    1305.90  682.6   1419.46     0.67    -9999
ALMA-ATA-B 170910 300  171500-172000   00    1298.82  682.6   1411.86     0.13    -9999
ALMA-ATA-B 170910 300  172000-172500   00    1300.94  682.6   1414.06     0.28    -9999
ALMA-ATA-B 170910 300  172500-173000   00    1299.40  682.6   1412.26     0.16    -9999
ALMA-ATA-B 170910 300  173000-173500   00    1308.26  682.5   1421.42     0.81    -9999
ALMA-ATA-B 170910 300  173500-174000   00    1304.54  682.5   1417.14     0.50    -9999
ALMA-ATA-B 170910 300  174000-174500   00    1300.62  682.6   1413.46     0.24    -9999
ALMA-ATA-B 170910 300  174500-175000   00    1303.68  682.6   1417.02     0.49    -9999
ALMA-ATA-B 170910 300  175000-175500   00    1305.28  682.6   1418.78     0.62    -9999
ALMA-ATA-B 170910 300  175500-180000   00    1299.18  682.5   1411.80     0.12    -9999
ALMA-ATA-B 170910 300  180000-180500   00    1304.70  682.5   1417.32     0.52    -9999
ALMA-ATA-B 170910 300  180500-181000   00    1295.06  682.5   1406.42    -0.26    -9999
ALMA-ATA-B 170910 300  181000-181500   00    1299.96  682.5   1411.76     0.12    -9999
ALMA-ATA-B 170910 300  181500-182000   00    1306.56  682.4   1418.74     0.62    -9999
ALMA-ATA-B 170910 300  182000-182500   00    1306.32  682.4   1418.46     0.60    -9999
ALMA-ATA-B 170910 300  182500-183000   00    1296.04  682.5   1407.88    -0.15    -9999
ALMA-ATA-B 170910 300  183000-183500   00    1297.78  682.5   1409.70    -0.02    -9999
ALMA-ATA-B 170910 300  183500-184000   00    1297.52  682.5   1409.26    -0.06    -9999
ALMA-ATA-B 170910 300  184000-184500   00    1306.72  682.4   1418.70     0.61    -9999
ALMA-ATA-B 170910 300  184500-185000   00    1301.22  682.3   1411.98     0.14    -9999
ALMA-ATA-B 170910 300  185000-185500   00    1314.44  682.3   1425.90     1.12    -9999
ALMA-ATA-B 170910 300  185500-190000   00    1309.76  682.3   1420.32     0.73    -9999
ALMA-ATA-B 170910 300  190000-190500   00    1300.64  682.2   1409.90    -0.01    -9999
ALMA-ATA-B 170910 300  190500-191000   00    1311.96  682.1   1421.48     0.81    -9999
ALMA-ATA-B 170910 300  191000-191500   00    1305.82  682.0   1414.02     0.28    -9999
ALMA-ATA-B 170910 300  191500-192000   00    1304.06  682.0   1411.36     0.09    -9999
ALMA-ATA-B 170910 300  192000-192500   00    1311.80  681.8   1418.54     0.60    -9999
ALMA-ATA-B 170910 300  192500-193000   00    1311.32  681.8   1417.28     0.51    -9999
ALMA-ATA-B 170910 300  193000-193500   00    1306.34  681.7   1411.26     0.09    -9999
ALMA-ATA-B 170910 300  193500-194000   00    1311.88  681.7   1417.02     0.49    -9999
ALMA-ATA-B 170910 300  194000-194500   00    1311.38  681.7   1416.10     0.43    -9999
ALMA-ATA-B 170910 300  194500-195000   00    1310.92  681.7   1415.54     0.39    -9999
ALMA-ATA-B 170910 300  195000-195500   00    1306.14  681.7   1410.96     0.06    -9999
ALMA-ATA-B 170910 300  195500-200000   00    1310.78  681.8   1416.70     0.47    -9999
ALMA-ATA-B 170910 300  200000-200500   00    1308.80  681.8   1414.64     0.33    -9999
ALMA-ATA-B 170910 300  200500-201000   00    1313.16  681.8   1419.88     0.70    -9999
ALMA-ATA-B 170910 300  201000-201500   00    1309.76  681.9   1416.72     0.47    -9999
ALMA-ATA-B 170910 300  201500-202000   00    1310.80  681.9   1418.16     0.58    -9999
ALMA-ATA-B 170910 300  202000-202500   00    1319.86  681.9   1427.96     1.27    -9999
ALMA-ATA-B 170910 300  202500-203000   00    1305.12  681.9   1411.78     0.12    -9999
ALMA-ATA-B 170910 300  203000-203500   00    1312.68  681.9   1419.66     0.68    -9999
ALMA-ATA-B 170910 300  203500-204000   00    1310.06  681.8   1416.56     0.46    -9999
ALMA-ATA-B 170910 300  204000-204500   00    1311.88  681.8   1418.42     0.59    -9999
ALMA-ATA-B 170910 300  204500-205000   00    1307.06  681.8   1412.46     0.17    -9999
ALMA-ATA-B 170910 300  205000-205500   00    1313.42  681.8   1419.38     0.66    -9999
ALMA-ATA-B 170910 300  205500-210000   00    1316.60  681.7   1422.32     0.87    -9999
ALMA-ATA-B 170910 300  210000-210500   00    1311.50  681.7   1416.56     0.46    -9999
ALMA-ATA-B 170910 300  210500-211000   00    1320.04  681.7   1425.42     1.09    -9999
ALMA-ATA-B 170910 300  211000-211500   00    1314.12  681.6   1418.62     0.61    -9999
ALMA-ATA-B 170910 300  211500-212000   00    1319.36  681.5   1423.64     0.96    -9999
ALMA-ATA-B 170910 300  212000-212500   00    1305.36  681.6   1408.82    -0.09    -9999
ALMA-ATA-B 170910 300  212500-213000   00    1319.52  681.6   1424.26     1.01    -9999
ALMA-ATA-B 170910 300  213000-213500   00    1311.14  681.5   1414.48     0.31    -9999
ALMA-ATA-B 170910 300  213500-214000   00    1318.26  681.5   1421.56     0.82    -9999
ALMA-ATA-B 170910 300  214000-214500   00    1315.02  681.4   1417.60     0.54    -9999
ALMA-ATA-B 170910 300  214500-215000   00    1316.82  681.4   1419.14     0.64    -9999
ALMA-ATA-B 170910 300  215000-215500   00    1318.48  681.3   1419.98     0.70    -9999
ALMA-ATA-B 170910 300  215500-220000   00    1311.84  681.2   1412.12     0.15    -9999
ALMA-ATA-B 170910 300  220000-220500   00    1327.92  681.2   1429.10     1.35    -9999
ALMA-ATA-B 170910 300  220500-221000   00    1317.68  681.3   1418.86     0.63    -9999
ALMA-ATA-B 170910 300  221000-221500   00    1313.70  681.3   1415.56     0.39    -9999
ALMA-ATA-B 170910 300  221500-222000   00    1319.54  681.4   1422.72     0.90    -9999
ALMA-ATA-B 170910 300  222000-222500   00    1319.22  681.5   1422.68     0.90    -9999
ALMA-ATA-B 170910 300  222500-223000   00    1320.34  681.5   1424.22     1.01    -9999
ALMA-ATA-B 170910 300  223000-223500   00    1316.90  681.5   1420.06     0.71    -9999
ALMA-ATA-B 170910 300  223500-224000   00    1322.80  681.4   1425.62     1.10    -9999
ALMA-ATA-B 170910 300  224000-224500   00    1313.82  681.3   1415.30     0.37    -9999
ALMA-ATA-B 170910 300  224500-225000   00    1319.50  681.2   1419.98     0.70    -9999
ALMA-ATA-B 170910 300  225000-225500   00    1326.14  681.1   1426.52     1.17    -9999
ALMA-ATA-B 170910 300  225500-230000   00    1318.96  681.0   1418.26     0.58    -9999
ALMA-ATA-B 170910 300  230000-230500   00    1330.12  681.2   1431.12     1.49    -9999
ALMA-ATA-B 170910 300  230500-231000   00    1323.14  681.2   1423.70     0.97    -9999
ALMA-ATA-B 170910 300  231000-231500   00    1324.88  681.2   1426.20     1.15    -9999
ALMA-ATA-B 170910 300  231500-232000   00    1323.38  681.3   1425.24     1.08    -9999
ALMA-ATA-B 170910 300  232000-232500   00    1325.90  681.3   1428.18     1.29    -9999
ALMA-ATA-B 170910 300  232500-233000   00    1319.04  681.3   1420.58     0.75    -9999
ALMA-ATA-B 170910 300  233000-233500   00    1315.20  681.3   1416.28     0.44    -9999
ALMA-ATA-B 170910 300  233500-234000   00    1327.28  681.2   1428.56     1.31    -9999
ALMA-ATA-B 170910 300  234000-234500   00    1322.60  681.2   1423.46     0.95    -9999
ALMA-ATA-B 170910 300  234500-235000   00    1308.00  681.1   1407.30    -0.19    -9999
ALMA-ATA-B 170910 300  235000-235500   00    1319.88  681.2   1420.22     0.72    -9999
ALMA-ATA-B 170910 300  235500-240000   00    1315.48  681.2   1415.50     0.39    -9999
ALMA-ATA-B 170911 300  000000-000500   00    1320.66  681.2   1421.10     0.78    -9999
ALMA-ATA-B 170911 300  000500-001000   00    1312.04  681.2   1411.80     0.12    -9999
ALMA-ATA-B 170911 300  001000-001500   00    1320.96  681.3   1422.20     0.86    -9999
ALMA-ATA-B 170911 300  001500-002000   00    1316.88  681.2   1417.82     0.55    -9999
ALMA-ATA-B 170911 300  002000-002500   00    1316.12  681.3   1417.46     0.53    -9999
ALMA-ATA-B 170911 300  002500-003000   00    1315.12  681.4   1417.02     0.49    -9999
ALMA-ATA-B 170911 300  003000-003500   00    1307.20  681.4   1408.66    -0.10    -9999
ALMA-ATA-B 170911 300  003500-004000   00    1313.86  681.4   1416.30     0.44    -9999
ALMA-ATA-B 170911 300  004000-004500   00    1314.68  681.4   1416.90     0.49    -9999
ALMA-ATA-B 170911 300  004500-005000   00    1316.90  681.4   1419.26     0.65    -9999
ALMA-ATA-B 170911 300  005000-005500   00    1319.30  681.4   1421.74     0.83    -9999
ALMA-ATA-B 170911 300  005500-010000   00    1322.40  681.4   1425.22     1.08    -9999
ALMA-ATA-B 170911 300  010000-010500   00    1315.96  681.3   1417.90     0.56    -9999
ALMA-ATA-B 170911 300  010500-011000   00    1320.34  681.3   1422.10     0.85    -9999
ALMA-ATA-B 170911 300  011000-011500   00    1315.06  681.3   1416.34     0.45    -9999
ALMA-ATA-B 170911 300  011500-012000   00    1320.62  681.3   1422.48     0.88    -9999
ALMA-ATA-B 170911 300  012000-012500   00    1309.92  681.3   1410.92     0.06    -9999
ALMA-ATA-B 170911 300  012500-013000   00    1323.00  681.3   1424.84     1.05    -9999
ALMA-ATA-B 170911 300  013000-013500   00    1312.68  681.3   1413.44     0.24    -9999
ALMA-ATA-B 170911 300  013500-014000   00    1312.46  681.3   1413.30     0.23    -9999
ALMA-ATA-B 170911 300  014000-014500   00    1319.90  681.3   1421.32     0.80    -9999
ALMA-ATA-B 170911 300  014500-015000   00    1320.56  681.3   1422.06     0.85    -9999
ALMA-ATA-B 170911 300  015000-015500   00    1325.44  681.3   1427.20     1.22    -9999
ALMA-ATA-B 170911 300  015500-020000   00    1310.90  681.3   1411.82     0.13    -9999
ALMA-ATA-B 170911 300  020000-020500   00    1316.20  681.3   1417.58     0.53    -9999
ALMA-ATA-B 170911 300  020500-021000   00    1318.96  681.3   1420.80     0.76    -9999
ALMA-ATA-B 170911 300  021000-021500   00    1310.76  681.3   1412.18     0.15    -9999
ALMA-ATA-B 170911 300  021500-022000   00    1312.16  681.4   1414.06     0.28    -9999
ALMA-ATA-B 170911 300  022000-022500   00    1315.82  681.3   1417.70     0.54    -9999
ALMA-ATA-B 170911 300  022500-023000   00    1320.04  681.3   1421.86     0.84    -9999
ALMA-ATA-B 170911 300  023000-023500   00    1321.90  681.3   1423.88     0.98    -9999
ALMA-ATA-B 170911 300  023500-024000   00    1311.54  681.3   1412.94     0.21    -9999
ALMA-ATA-B 170911 300  024000-024500   00    1315.64  681.3   1417.26     0.51    -9999
ALMA-ATA-B 170911 300  024500-025000   00    1317.92  681.3   1419.86     0.70    -9999
ALMA-ATA-B 170911 300  025000-025500   00    1323.06  681.4   1426.04     1.13    -9999
ALMA-ATA-B 170911 300  025500-030000   00    1311.12  681.4   1412.74     0.19    -9999
ALMA-ATA-B 170911 300  030000-030500   00    1312.80  681.4   1415.00     0.35    -9999
ALMA-ATA-B 170911 300  030500-031000   00    1316.92  681.5   1420.10     0.71    -9999
ALMA-ATA-B 170911 300  031000-031500   00    1316.54  681.5   1419.56     0.67    -9999
ALMA-ATA-B 170911 300  031500-032000   00    1315.48  681.5   1419.20     0.65    -9999
ALMA-ATA-B 170911 300  032000-032500   00    1315.26  681.6   1419.48     0.67    -9999
ALMA-ATA-B 170911 300  032500-033000   00    1315.84  681.6   1420.18     0.72    -9999
ALMA-ATA-B 170911 300  033000-033500   00    1315.98  681.6   1420.50     0.74    -9999
ALMA-ATA-B 170911 300  033500-034000   00    1319.30  681.6   1424.46     1.02    -9999
ALMA-ATA-B 170911 300  034000-034500   00    1310.70  681.7   1415.42     0.38    -9999
ALMA-ATA-B 170911 300  034500-035000   00    1312.78  681.8   1418.56     0.60    -9999
ALMA-ATA-B 170911 300  035000-035500   00    1318.66  681.8   1424.88     1.05    -9999
ALMA-ATA-B 170911 300  035500-040000   00    1304.86  681.7   1409.86    -0.01    -9999
ALMA-ATA-B 170911 300  040000-040500   00    1319.38  681.7   1425.62     1.10    -9999
ALMA-ATA-B 170911 300  040500-041000   00    1310.34  681.7   1415.56     0.39    -9999
ALMA-ATA-B 170911 300  041000-041500   00    1307.06  681.8   1412.70     0.19    -9999
ALMA-ATA-B 170911 300  041500-042000   00    1316.20  681.8   1422.34     0.87    -9999
ALMA-ATA-B 170911 300  042000-042500   00    1312.56  681.8   1418.78     0.62    -9999
ALMA-ATA-B 170911 300  042500-043000   00    1304.92  681.8   1410.64     0.04    -9999
ALMA-ATA-B 170911 300  043000-043500   00    1312.54  681.8   1419.02     0.64    -9999
ALMA-ATA-B 170911 300  043500-044000   00    1322.36  681.8   1429.42     1.37    -9999
ALMA-ATA-B 170911 300  044000-044500   00    1314.42  681.8   1420.78     0.76    -9999
ALMA-ATA-B 170911 300  044500-045000   00    1312.94  681.8   1419.64     0.68    -9999
ALMA-ATA-B 170911 300  045000-045500   00    1309.54  681.9   1416.26     0.44    -9999
ALMA-ATA-B 170911 300  045500-050000   00    1313.80  681.8   1420.46     0.74    -9999
ALMA-ATA-B 170911 300  050000-050500   00    1315.24  681.9   1422.40     0.88    -9999
ALMA-ATA-B 170911 300  050500-051000   00    1309.22  681.9   1416.36     0.45    -9999
ALMA-ATA-B 170911 300  051000-051500   00    1312.24  681.9   1419.48     0.67    -9999
ALMA-ATA-B 170911 300  051500-052000   00    1322.30  681.9   1430.32     1.44    -9999
ALMA-ATA-B 170911 300  052000-052500   00    1314.96  681.9   1422.54     0.89    -9999
ALMA-ATA-B 170911 300  052500-053000   00    1311.22  681.9   1418.32     0.59    -9999
ALMA-ATA-B 170911 300  053000-053500   00    1313.64  681.9   1420.70     0.76    -9999
ALMA-ATA-B 170911 300  053500-054000   00    1310.12  681.8   1416.76     0.48    -9999
ALMA-ATA-B 170911 300  054000-054500   00    1309.36  681.9   1416.30     0.44    -9999
ALMA-ATA-B 170911 300  054500-055000   00    1325.66  681.7   1432.56     1.60    -9999
ALMA-ATA-B 170911 300  055000-055500   00    1309.60  681.8   1416.06     0.43    -9999
ALMA-ATA-B 170911 300  055500-060000   00    1319.04  681.8   1426.24     1.15    -9999
ALMA-ATA-B 170911 300  060000-060500   00    1314.64  681.9   1421.60     0.82    -9999
ALMA-ATA-B 170911 300  060500-061000   00    1315.24  681.9   1422.16     0.86    -9999
ALMA-ATA-B 170911 300  061000-061500   00    1314.46  681.8   1420.62     0.75    -9999
ALMA-ATA-B 170911 300  061500-062000   00    1315.76  681.8   1422.62     0.89    -9999
ALMA-ATA-B 170911 300  062000-062500   00    1312.36  681.8   1419.06     0.64    -9999
ALMA-ATA-B 170911 300  062500-063000   00    1316.18  681.8   1422.84     0.91    -9999
ALMA-ATA-B 170911 300  063000-063500   00    1319.50  681.8   1426.72     1.18    -9999
ALMA-ATA-B 170911 300  063500-064000   00    1316.78  681.9   1424.04     0.99    -9999
ALMA-ATA-B 170911 300  064000-064500   00    1316.88  681.8   1423.74     0.97    -9999
ALMA-ATA-B 170911 300  064500-065000   00    1307.34  681.8   1413.46     0.24    -9999
ALMA-ATA-B 170911 300  065000-065500   00    1314.90  681.9   1422.30     0.87    -9999
ALMA-ATA-B 170911 300  065500-070000   00    1314.16  681.9   1421.64     0.82    -9999
ALMA-ATA-B 170911 300  070000-070500   00    1315.64  681.9   1423.30     0.94    -9999
ALMA-ATA-B 170911 300  070500-071000   00    1307.48  681.9   1414.72     0.33    -9999
ALMA-ATA-B 170911 300  071000-071500   00    1318.52  682.0   1426.74     1.18    -9999
ALMA-ATA-B 170911 300  071500-072000   00    1310.84  681.9   1418.30     0.59    -9999
ALMA-ATA-B 170911 300  072000-072500   00    1312.42  681.9   1419.80     0.69    -9999
ALMA-ATA-B 170911 300  072500-073000   00    1315.42  682.0   1423.44     0.95    -9999
ALMA-ATA-B 170911 300  073000-073500   00    1316.40  682.0   1425.00     1.06    -9999
ALMA-ATA-B 170911 300  073500-074000   00    1314.56  682.0   1422.58     0.89    -9999
ALMA-ATA-B 170911 300  074000-074500   00    1310.46  681.9   1417.86     0.55    -9999
ALMA-ATA-B 170911 300  074500-075000   00    1311.76  681.9   1419.40     0.66    -9999
ALMA-ATA-B 170911 300  075000-075500   00    1319.54  682.0   1428.00     1.27    -9999
ALMA-ATA-B 170911 300  075500-080000   00    1311.78  682.0   1420.44     0.74    -9999
ALMA-ATA-B 170911 300  080000-080500   00    1316.66  682.1   1426.00     1.13    -9999
ALMA-ATA-B 170911 300  080500-081000   00    1314.46  682.1   1423.64     0.96    -9999
ALMA-ATA-B 170911 300  081000-081500   00    1321.34  682.1   1431.26     1.50    -9999
ALMA-ATA-B 170911 300  081500-082000   00    1314.48  682.1   1423.82     0.98    -9999
ALMA-ATA-B 170911 300  082000-082500   00    1311.92  682.1   1420.82     0.76    -9999
ALMA-ATA-B 170911 300  082500-083000   00    1306.58  682.0   1414.80     0.34    -9999
ALMA-ATA-B 170911 300  083000-083500   00    1308.08  682.0   1416.06     0.43    -9999
ALMA-ATA-B 170911 300  083500-084000   00    1304.14  681.9   1410.86     0.06    -9999
ALMA-ATA-B 170911 300  084000-084500   00    1312.14  681.9   1419.12     0.64    -9999
ALMA-ATA-B 170911 300  084500-085000   00    1318.62  681.9   1426.44     1.16    -9999
ALMA-ATA-B 170911 300  085000-085500   00    1308.68  681.9   1415.86     0.41    -9999
ALMA-ATA-B 170911 300  085500-090000   00    1314.18  682.0   1422.64     0.89    -9999
ALMA-ATA-B 170911 300  090000-090500   00    1312.82  682.0   1420.84     0.77    -9999
ALMA-ATA-B 170911 300  090500-091000   00    1313.46  682.0   1421.68     0.83    -9999
ALMA-ATA-B 170911 300  091000-091500   00    1311.96  682.0   1420.06     0.71    -9999
ALMA-ATA-B 170911 300  091500-092000   00    1311.40  682.1   1420.62     0.75    -9999
ALMA-ATA-B 170911 300  092000-092500   00    1307.90  682.1   1416.90     0.49    -9999
ALMA-ATA-B 170911 300  092500-093000   00    1302.66  682.1   1411.16     0.08    -9999
ALMA-ATA-B 170911 300  093000-093500   00    1308.14  682.0   1416.14     0.43    -9999
ALMA-ATA-B 170911 300  093500-094000   00    1300.62  681.9   1407.34    -0.19    -9999
ALMA-ATA-B 170911 300  094000-094500   00    1304.20  682.1   1412.60     0.18    -9999
ALMA-ATA-B 170911 300  094500-095000   00    1317.52  682.2   1428.68     1.32    -9999
ALMA-ATA-B 170911 300  095000-095500   00    1309.76  682.3   1421.02     0.78    -9999
ALMA-ATA-B 170911 300  095500-100000   00    1314.02  682.3   1425.20     1.07    -9999
ALMA-ATA-B 170911 300  100000-100500   00    1315.20  682.2   1425.24     1.08    -9999
ALMA-ATA-B 170911 300  100500-101000   00    1302.92  682.0   1410.38     0.02    -9999
ALMA-ATA-B 170911 300  101000-101500   00    1307.54  682.0   1415.66     0.40    -9999
ALMA-ATA-B 170911 300  101500-102000   00    1307.60  682.2   1417.46     0.53    -9999
ALMA-ATA-B 170911 300  102000-102500   00    1304.86  682.2   1414.66     0.33    -9999
ALMA-ATA-B 170911 300  102500-103000   00    1307.98  682.2   1417.92     0.56    -9999
ALMA-ATA-B 170911 300  103000-103500   00    1302.64  682.3   1412.76     0.19    -9999
ALMA-ATA-B 170911 300  103500-104000   00    1306.26  682.3   1417.44     0.52    -9999
ALMA-ATA-B 170911 300  104000-104500   00    1307.18  682.3   1417.98     0.56    -9999
ALMA-ATA-B 170911 300  104500-105000   00    1318.30  682.4   1430.74     1.47    -9999
ALMA-ATA-B 170911 300  105000-105500   00    1300.36  682.5   1412.08     0.14    -9999
ALMA-ATA-B 170911 300  105500-110000   00    1311.94  682.5   1425.12     1.07    -9999
ALMA-ATA-B 170911 300  110000-110500   00    1301.40  682.5   1414.10     0.29    -9999
ALMA-ATA-B 170911 300  110500-111000   00    1299.36  682.6   1412.24     0.16    -9999
ALMA-ATA-B 170911 300  111000-111500   00    1304.04  682.5   1416.30     0.44    -9999
ALMA-ATA-B 170911 300  111500-112000   00    1301.88  682.5   1413.94     0.28    -9999
ALMA-ATA-B 170911 300  112000-112500   00    1305.58  682.5   1418.42     0.59    -9999
ALMA-ATA-B 170911 300  112500-113000   00    1305.70  682.4   1417.90     0.56    -9999
ALMA-ATA-B 170911 300  113000-113500   00    1294.86  682.6   1407.34    -0.19    -9999
ALMA-ATA-B 170911 300  113500-114000   00    1304.40  682.6   1417.58     0.53    -9999
ALMA-ATA-B 170911 300  114000-114500   00    1305.70  682.5   1418.60     0.61    -9999
ALMA-ATA-B 170911 300  114500-115000   00    1306.70  682.6   1420.06     0.71    -9999
ALMA-ATA-B 170911 300  115000-115500   00    1305.96  682.6   1419.70     0.68    -9999
ALMA-ATA-B 170911 300  115500-120000   00    1296.46  682.6   1409.60    -0.03    -9999
ALMA-ATA-B 170911 3600 120000-130000   00    1300.53  682.7   1415.27     0.37    -9999
ALMA-ATA-B 170911 3600 130000-140000   00    1299.35  682.8   1414.71     0.33    -9999
ALMA-ATA-B 170911 3600 140000-150000   00    1294.48  683.1   1412.48     0.17    -9999
ALMA-ATA-B 170911 3600 150000-160000   00    1297.50  683.1   1415.84     0.41    -9999
ALMA-ATA-B 170911 3600 160000-170000   00    1304.52  682.6   1418.19     0.58    -9999
ALMA-ATA-B 170911 3600 170000-180000   00    1307.82  682.3   1418.79     0.62    -9999
ALMA-ATA-B 170911 3600 180000-190000   00    1314.73  681.8   1421.36     0.80    -9999
ALMA-ATA-B 170911 3600 190000-200000   00    1317.52  681.5   1420.70     0.76    -9999
ALMA-ATA-B 170911 3600 200000-210000   00    1318.62  681.3   1420.82     0.76    -9999
ALMA-ATA-B 170911 3600 210000-220000   00    1318.14  681.4   1421.16     0.79    -9999
ALMA-ATA-B 170911 3600 220000-230000   00    1314.59  681.4   1416.87     0.48    -9999
ALMA-ATA-B 170911 3600 230000-240000   00    1315.48  681.3   1417.16     0.50    -9999
*
COMMENT UNIVERISTY OF OULU: FILE GENERATED FROM DATABASE AND OBTAINED FROM
COMMENT https://gle.oulu.fi at 2025-01-11 16:21:59 +00:00
COMMENT FOR HISTORICAL/ORIGINAL TEXT FILES SEE https://gle.oulu.fi/txtarchive/
COMMENT ORIGINAL AT https://gle.oulu.fi/txtarchive/GLE72/C072AATB.DAT
COMMENT DETRENDED DATA SHOW -9999 IF EQUAL TO INC% COLUMN 