JUNGFRAU   LATITUDE    46.55     LONGITUDE     7.98      ALTITUDE    3475 M
JUNGFRAU   INSTRUMENT   3-NM-64  NEUTRON MONITOR	
JUNGFRAU   STANDARD PRESSURE    642.5   MB     COEFFICIENT   -0.72     % / MB
JUNGFRAU   PRE-INCREASE BASELINE TIME INTERVAL    170910    140000-160000   UT
JUNGFRAU   PRE-INCREASE AVERAGE COUNTING RATE    161.21      COUNTS PER SECOND
JUNGFRAU   TIME INTERVALS    300         3600     
JUNGFRAU   SCALE FACTORS     1           1        
STATION    YYMMDD  SEC   TIME (UT)   CODE    UNCORR. PRESS.    CORR.    % INC.	DETRENDED
                         INTERVAL    TD      C/S     (MB)      C/S
JUNGFRAU   170909 3600 000000-010000   00     171.12  653.7    159.28    -1.20    -9999
JUNGFRAU   170909 3600 010000-020000   00     171.51  653.1    158.99    -1.38    -9999
JUNGFRAU   170909 3600 020000-030000   00     172.90  652.7    159.73    -0.92    -9999
JUNGFRAU   170909 3600 030000-040000   00     173.66  651.9    159.53    -1.04    -9999
JUNGFRAU   170909 3600 040000-050000   00     174.33  651.4    159.67    -0.96    -9999
JUNGFRAU   170909 3600 050000-060000   00     175.44  650.8    160.02    -0.74    -9999
JUNGFRAU   170909 3600 060000-070000   00     175.53  650.9    160.11    -0.68    -9999
JUNGFRAU   170909 3600 070000-080000   00     175.14  650.5    159.36    -1.15    -9999
JUNGFRAU   170909 3600 080000-090000   00     174.77  650.5    159.04    -1.35    -9999
JUNGFRAU   170909 3600 090000-100000   00     174.76  650.2    158.63    -1.60    -9999
JUNGFRAU   170909 3600 100000-110000   00     174.44  649.9    158.14    -1.91    -9999
JUNGFRAU   170909 3600 110000-120000   00     175.36  649.5    158.45    -1.71    -9999
JUNGFRAU   170909 3600 120000-130000   00     175.23  649.2    157.94    -2.03    -9999
JUNGFRAU   170909 3600 130000-140000   00     175.54  649.2    158.18    -1.88    -9999
JUNGFRAU   170909 3600 140000-150000   00     175.93  648.8    158.09    -1.94    -9999
JUNGFRAU   170909 3600 150000-160000   00     175.21  648.6    157.33    -2.41    -9999
JUNGFRAU   170909 3600 160000-170000   00     175.45  648.2    157.05    -2.58    -9999
JUNGFRAU   170909 3600 170000-180000   00     175.58  648.1    156.92    -2.66    -9999
JUNGFRAU   170909 3600 180000-190000   00     175.46  648.1    156.89    -2.68    -9999
JUNGFRAU   170909 3600 190000-200000   00     174.81  648.2    156.41    -2.98    -9999
JUNGFRAU   170909 3600 200000-210000   00     175.56  648.0    156.81    -2.73    -9999
JUNGFRAU   170909 3600 210000-220000   00     176.88  647.7    157.76    -2.14    -9999
JUNGFRAU   170909 3600 220000-230000   00     178.28  647.4    158.69    -1.57    -9999
JUNGFRAU   170909 3600 230000-240000   00     178.43  647.2    158.59    -1.63    -9999
JUNGFRAU   170910 3600 000000-010000   00     178.82  647.0    158.73    -1.54    -9999
JUNGFRAU   170910 3600 010000-020000   00     179.58  647.1    159.41    -1.12    -9999
JUNGFRAU   170910 3600 020000-030000   00     178.31  647.3    158.49    -1.69    -9999
JUNGFRAU   170910 3600 030000-040000   00     178.92  647.4    159.21    -1.24    -9999
JUNGFRAU   170910 3600 040000-050000   00     178.69  647.6    159.19    -1.26    -9999
JUNGFRAU   170910 3600 050000-060000   00     181.25  648.0    161.94     0.45    -9999
JUNGFRAU   170910 3600 060000-070000   00     180.82  648.3    161.93     0.45    -9999
JUNGFRAU   170910 3600 070000-080000   00     180.71  648.4    161.99     0.48    -9999
JUNGFRAU   170910 3600 080000-090000   00     180.11  648.8    161.88     0.42    -9999
JUNGFRAU   170910 3600 090000-100000   00     179.40  649.4    161.88     0.42    -9999
JUNGFRAU   170910 3600 100000-110000   00     179.22  649.5    161.87     0.41    -9999
JUNGFRAU   170910 3600 110000-120000   00     179.76  649.8    162.73     0.94    -9999
JUNGFRAU   170910 300  120000-120500   00     178.79  650.2    162.26     0.65    -9999
JUNGFRAU   170910 300  120500-121000   00     178.56  650.1    162.74     0.95    -9999
JUNGFRAU   170910 300  121000-121500   00     177.52  650.1    161.15    -0.04    -9999
JUNGFRAU   170910 300  121500-122000   00     181.03  650.2    164.36     1.95    -9999
JUNGFRAU   170910 300  122000-122500   00     179.78  650.2    163.25     1.26    -9999
JUNGFRAU   170910 300  122500-123000   00     179.06  650.3    162.65     0.89    -9999
JUNGFRAU   170910 300  123000-123500   00     176.79  650.4    160.68    -0.33    -9999
JUNGFRAU   170910 300  123500-124000   00     178.86  650.5    162.67     0.90    -9999
JUNGFRAU   170910 300  124000-124500   00     179.23  650.5    163.01     1.12    -9999
JUNGFRAU   170910 300  124500-125000   00     177.55  650.5    161.42     0.13    -9999
JUNGFRAU   170910 300  125000-125500   00     178.41  650.5    162.25     0.64    -9999
JUNGFRAU   170910 300  125500-130000   00     179.11  650.5    163.00     1.11    -9999
JUNGFRAU   170910 300  130000-130500   00     176.74  650.6    160.90    -0.20    -9999
JUNGFRAU   170910 300  130500-131000   00     178.26  650.5    162.21     0.62    -9999
JUNGFRAU   170910 300  131000-131500   00     177.30  650.5    161.36     0.09    -9999
JUNGFRAU   170910 300  131500-132000   00     178.41  650.6    162.48     0.79    -9999
JUNGFRAU   170910 300  132000-132500   00     179.37  650.6    163.42     1.37    -9999
JUNGFRAU   170910 300  132500-133000   00     176.75  650.8    161.21     0.00    -9999
JUNGFRAU   170910 300  133000-133500   00     177.16  650.8    161.47     0.16    -9999
JUNGFRAU   170910 300  133500-134000   00     179.19  650.7    163.13     1.19    -9999
JUNGFRAU   170910 300  134000-134500   00     175.90  650.7    160.26    -0.59    -9999
JUNGFRAU   170910 300  134500-135000   00     177.10  650.7    161.37     0.10    -9999
JUNGFRAU   170910 300  135000-135500   00     178.76  650.7    162.78     0.97    -9999
JUNGFRAU   170910 300  135500-140000   00     177.34  650.7    161.53     0.20    -9999
JUNGFRAU   170910 300  140000-140500   00     177.50  650.7    161.67     0.28    -9999
JUNGFRAU   170910 300  140500-141000   00     175.82  650.7    160.81    -0.25    -9999
JUNGFRAU   170910 300  141000-141500   00     175.14  650.7    159.50    -1.06    -9999
JUNGFRAU   170910 300  141500-142000   00     177.93  650.6    161.96     0.46    -9999
JUNGFRAU   170910 300  142000-142500   00     177.79  650.6    161.94     0.45    -9999
JUNGFRAU   170910 300  142500-143000   00     176.75  650.6    160.95    -0.16    -9999
JUNGFRAU   170910 300  143000-143500   00     176.08  650.6    160.35    -0.54    -9999
JUNGFRAU   170910 300  143500-144000   00     177.62  650.7    161.75     0.33    -9999
JUNGFRAU   170910 300  144000-144500   00     178.58  650.7    162.78     0.97    -9999
JUNGFRAU   170910 300  144500-145000   00     176.88  650.8    161.27     0.03    -9999
JUNGFRAU   170910 300  145000-145500   00     176.91  650.8    161.23     0.01    -9999
JUNGFRAU   170910 300  145500-150000   00     179.23  650.7    163.38     1.35    -9999
JUNGFRAU   170910 300  150000-150500   00     177.70  650.8    162.03     0.51    -9999
JUNGFRAU   170910 300  150500-151000   00     177.50  650.8    161.79     0.36    -9999
JUNGFRAU   170910 300  151000-151500   00     175.92  650.7    160.32    -0.56    -9999
JUNGFRAU   170910 300  151500-152000   00     176.84  650.9    161.35     0.09    -9999
JUNGFRAU   170910 300  152000-152500   00     175.77  651.0    160.53    -0.42    -9999
JUNGFRAU   170910 300  152500-153000   00     175.19  651.0    159.98    -0.76    -9999
JUNGFRAU   170910 300  153000-153500   00     176.75  650.9    161.19    -0.02    -9999
JUNGFRAU   170910 300  153500-154000   00     175.71  651.0    160.47    -0.46    -9999
JUNGFRAU   170910 300  154000-154500   00     176.13  650.9    160.68    -0.33    -9999
JUNGFRAU   170910 300  154500-155000   00     177.01  651.0    161.59     0.23    -9999
JUNGFRAU   170910 300  155000-155500   00     176.75  651.0    161.43     0.13    -9999
JUNGFRAU   170910 300  155500-160000   00     175.35  651.0    160.18    -0.64    -9999
JUNGFRAU   170910 300  160000-160500   00     175.67  651.1    160.43    -0.49    -9999
JUNGFRAU   170910 300  160500-161000   00     176.11  651.1    160.86    -0.22    -9999
JUNGFRAU   170910 300  161000-161500   00     177.01  651.2    161.91     0.43    -9999
JUNGFRAU   170910 300  161500-162000   00     176.49  651.2    162.02     0.50    -9999
JUNGFRAU   170910 300  162000-162500   00     176.53  651.2    161.44     0.14    -9999
JUNGFRAU   170910 300  162500-163000   00     176.54  651.2    161.30     0.05    -9999
JUNGFRAU   170910 300  163000-163500   00     178.08  651.2    162.78     0.97    -9999
JUNGFRAU   170910 300  163500-164000   00     178.49  651.2    163.18     1.22    -9999
JUNGFRAU   170910 300  164000-164500   00     177.55  651.2    162.45     0.76    -9999
JUNGFRAU   170910 300  164500-165000   00     175.78  651.2    160.74    -0.30    -9999
JUNGFRAU   170910 300  165000-165500   00     178.31  651.2    163.08     1.16    -9999
JUNGFRAU   170910 300  165500-170000   00     177.85  651.2    162.72     0.94    -9999
JUNGFRAU   170910 300  170000-170500   00     177.33  651.2    162.16     0.59    -9999
JUNGFRAU   170910 300  170500-171000   00     176.88  651.3    161.79     0.36    -9999
JUNGFRAU   170910 300  171000-171500   00     176.13  651.3    161.15    -0.04    -9999
JUNGFRAU   170910 300  171500-172000   00     177.55  651.2    162.33     0.69    -9999
JUNGFRAU   170910 300  172000-172500   00     175.84  651.3    160.83    -0.24    -9999
JUNGFRAU   170910 300  172500-173000   00     177.78  651.3    162.61     0.86    -9999
JUNGFRAU   170910 300  173000-173500   00     176.63  651.3    162.42     0.75    -9999
JUNGFRAU   170910 300  173500-174000   00     176.39  651.3    161.36     0.09    -9999
JUNGFRAU   170910 300  174000-174500   00     177.65  651.4    162.69     0.91    -9999
JUNGFRAU   170910 300  174500-175000   00     177.94  651.4    162.87     1.02    -9999
JUNGFRAU   170910 300  175000-175500   00     176.48  651.4    161.59     0.23    -9999
JUNGFRAU   170910 300  175500-180000   00     177.06  651.5    162.30     0.67    -9999
JUNGFRAU   170910 300  180000-180500   00     176.12  651.6    161.48     0.16    -9999
JUNGFRAU   170910 300  180500-181000   00     175.48  651.6    160.90    -0.20    -9999
JUNGFRAU   170910 300  181000-181500   00     176.62  651.6    161.97     0.47    -9999
JUNGFRAU   170910 300  181500-182000   00     177.23  651.7    162.67     0.90    -9999
JUNGFRAU   170910 300  182000-182500   00     177.00  651.7    162.42     0.74    -9999
JUNGFRAU   170910 300  182500-183000   00     174.26  651.8    160.71    -0.31    -9999
JUNGFRAU   170910 300  183000-183500   00     176.01  651.8    161.68     0.29    -9999
JUNGFRAU   170910 300  183500-184000   00     175.53  651.9    161.29     0.05    -9999
JUNGFRAU   170910 300  184000-184500   00     175.28  651.9    161.10    -0.07    -9999
JUNGFRAU   170910 300  184500-185000   00     173.63  652.0    159.69    -0.94    -9999
JUNGFRAU   170910 300  185000-185500   00     176.15  652.0    162.11     0.56    -9999
JUNGFRAU   170910 300  185500-190000   00     175.12  652.1    161.11    -0.07    -9999
JUNGFRAU   170910 300  190000-190500   00     175.63  652.1    161.63     0.26    -9999
JUNGFRAU   170910 300  190500-191000   00     176.59  652.1    162.58     0.85    -9999
JUNGFRAU   170910 300  191000-191500   00     174.43  652.1    160.51    -0.44    -9999
JUNGFRAU   170910 300  191500-192000   00     175.38  652.1    161.41     0.12    -9999
JUNGFRAU   170910 300  192000-192500   00     174.21  652.0    160.25    -0.60    -9999
JUNGFRAU   170910 300  192500-193000   00     175.18  652.0    161.19    -0.02    -9999
JUNGFRAU   170910 300  193000-193500   00     173.68  652.1    159.85    -0.84    -9999
JUNGFRAU   170910 300  193500-194000   00     174.47  652.0    160.47    -0.46    -9999
JUNGFRAU   170910 300  194000-194500   00     175.24  652.0    161.16    -0.03    -9999
JUNGFRAU   170910 300  194500-195000   00     174.64  652.0    160.58    -0.39    -9999
JUNGFRAU   170910 300  195000-195500   00     175.15  652.0    161.06    -0.09    -9999
JUNGFRAU   170910 300  195500-200000   00     176.13  652.0    162.00     0.49    -9999
JUNGFRAU   170910 300  200000-200500   00     175.79  652.0    161.70     0.30    -9999
JUNGFRAU   170910 300  200500-201000   00     175.68  652.0    161.64     0.27    -9999
JUNGFRAU   170910 300  201000-201500   00     176.54  652.0    162.35     0.70    -9999
JUNGFRAU   170910 300  201500-202000   00     175.81  652.0    161.73     0.32    -9999
JUNGFRAU   170910 300  202000-202500   00     174.31  652.1    160.46    -0.47    -9999
JUNGFRAU   170910 300  202500-203000   00     177.91  652.1    163.65     1.51    -9999
JUNGFRAU   170910 300  203000-203500   00     175.00  652.0    161.02    -0.12    -9999
JUNGFRAU   170910 300  203500-204000   00     175.21  652.0    161.91     0.43    -9999
JUNGFRAU   170910 300  204000-204500   00     174.00  652.0    159.93    -0.80    -9999
JUNGFRAU   170910 300  204500-205000   00     175.54  652.0    161.35     0.09    -9999
JUNGFRAU   170910 300  205000-205500   00     174.89  652.0    160.78    -0.27    -9999
JUNGFRAU   170910 300  205500-210000   00     174.97  652.0    160.92    -0.18    -9999
JUNGFRAU   170910 300  210000-210500   00     176.45  652.1    162.36     0.71    -9999
JUNGFRAU   170910 300  210500-211000   00     176.54  652.1    162.86     1.02    -9999
JUNGFRAU   170910 300  211000-211500   00     175.73  652.1    161.75     0.33    -9999
JUNGFRAU   170910 300  211500-212000   00     173.22  652.0    159.32    -1.18    -9999
JUNGFRAU   170910 300  212000-212500   00     177.89  652.1    163.79     1.60    -9999
JUNGFRAU   170910 300  212500-213000   00     176.91  652.0    162.84     1.01    -9999
JUNGFRAU   170910 300  213000-213500   00     174.98  652.1    161.05    -0.10    -9999
JUNGFRAU   170910 300  213500-214000   00     175.56  652.1    161.62     0.25    -9999
JUNGFRAU   170910 300  214000-214500   00     177.47  652.2    162.62     0.87    -9999
JUNGFRAU   170910 300  214500-215000   00     176.26  652.2    162.22     0.62    -9999
JUNGFRAU   170910 300  215000-215500   00     176.73  652.0    162.46     0.77    -9999
JUNGFRAU   170910 300  215500-220000   00     172.91  651.9    158.90    -1.44    -9999
JUNGFRAU   170910 300  220000-220500   00     176.46  651.9    161.11    -0.06    -9999
JUNGFRAU   170910 300  220500-221000   00     176.32  651.8    161.92     0.44    -9999
JUNGFRAU   170910 300  221000-221500   00     177.20  651.7    162.71     0.93    -9999
JUNGFRAU   170910 300  221500-222000   00     174.63  651.7    160.16    -0.66    -9999
JUNGFRAU   170910 300  222000-222500   00     177.34  651.7    162.80     0.98    -9999
JUNGFRAU   170910 300  222500-223000   00     177.87  651.6    163.22     1.25    -9999
JUNGFRAU   170910 300  223000-223500   00     176.19  651.7    161.67     0.28    -9999
JUNGFRAU   170910 300  223500-224000   00     177.74  651.8    163.25     1.26    -9999
JUNGFRAU   170910 300  224000-224500   00     175.83  651.9    161.52     0.19    -9999
JUNGFRAU   170910 300  224500-225000   00     177.70  651.9    163.39     1.35    -9999
JUNGFRAU   170910 300  225000-225500   00     177.86  651.9    163.42     1.37    -9999
JUNGFRAU   170910 300  225500-230000   00     176.98  651.9    162.70     0.92    -9999
JUNGFRAU   170910 300  230000-230500   00     174.47  651.9    160.32    -0.55    -9999
JUNGFRAU   170910 300  230500-231000   00     177.33  651.7    161.97     0.47    -9999
JUNGFRAU   170910 300  231000-231500   00     175.94  651.8    161.50     0.18    -9999
JUNGFRAU   170910 300  231500-232000   00     176.03  651.8    161.68     0.29    -9999
JUNGFRAU   170910 300  232000-232500   00     176.90  651.8    162.36     0.71    -9999
JUNGFRAU   170910 300  232500-233000   00     176.74  651.8    162.32     0.69    -9999
JUNGFRAU   170910 300  233000-233500   00     178.17  651.8    163.48     1.40    -9999
JUNGFRAU   170910 300  233500-234000   00     178.22  651.7    163.53     1.44    -9999
JUNGFRAU   170910 300  234000-234500   00     176.46  651.6    161.90     0.43    -9999
JUNGFRAU   170910 300  234500-235000   00     178.06  651.5    163.13     1.19    -9999
JUNGFRAU   170910 300  235000-235500   00     178.75  651.5    163.85     1.63    -9999
JUNGFRAU   170910 300  235500-240000   00     176.74  651.4    161.91     0.43    -9999
JUNGFRAU   170911 300  000000-000500   00     179.51  651.4    164.31     1.92    -9999
JUNGFRAU   170911 300  000500-001000   00     176.40  651.4    162.56     0.83    -9999
JUNGFRAU   170911 300  001000-001500   00     178.69  651.5    163.80     1.60    -9999
JUNGFRAU   170911 300  001500-002000   00     176.89  651.4    161.90     0.43    -9999
JUNGFRAU   170911 300  002000-002500   00     176.51  651.3    161.52     0.19    -9999
JUNGFRAU   170911 300  002500-003000   00     178.39  651.3    163.26     1.27    -9999
JUNGFRAU   170911 300  003000-003500   00     177.64  651.2    162.50     0.79    -9999
JUNGFRAU   170911 300  003500-004000   00     176.79  651.2    161.66     0.28    -9999
JUNGFRAU   170911 300  004000-004500   00     177.35  651.2    162.21     0.62    -9999
JUNGFRAU   170911 300  004500-005000   00     177.34  651.3    162.28     0.66    -9999
JUNGFRAU   170911 300  005000-005500   00     176.82  651.3    161.91     0.43    -9999
JUNGFRAU   170911 300  005500-010000   00     176.07  651.3    161.05    -0.10    -9999
JUNGFRAU   170911 300  010000-010500   00     178.36  651.3    163.18     1.22    -9999
JUNGFRAU   170911 300  010500-011000   00     179.04  651.3    163.86     1.64    -9999
JUNGFRAU   170911 300  011000-011500   00     176.79  651.3    161.79     0.35    -9999
JUNGFRAU   170911 300  011500-012000   00     175.71  651.4    160.92    -0.18    -9999
JUNGFRAU   170911 300  012000-012500   00     177.26  651.4    162.34     0.70    -9999
JUNGFRAU   170911 300  012500-013000   00     177.95  651.4    163.04     1.13    -9999
JUNGFRAU   170911 300  013000-013500   00     177.33  651.5    162.50     0.80    -9999
JUNGFRAU   170911 300  013500-014000   00     178.03  651.5    163.09     1.16    -9999
JUNGFRAU   170911 300  014000-014500   00     179.50  651.4    164.35     1.94    -9999
JUNGFRAU   170911 300  014500-015000   00     177.95  651.4    162.92     1.06    -9999
JUNGFRAU   170911 300  015000-015500   00     178.60  651.4    163.51     1.42    -9999
JUNGFRAU   170911 300  015500-020000   00     178.55  651.3    163.43     1.37    -9999
JUNGFRAU   170911 300  020000-020500   00     179.85  651.2    164.47     2.02    -9999
JUNGFRAU   170911 300  020500-021000   00     179.24  651.3    163.99     1.72    -9999
JUNGFRAU   170911 300  021000-021500   00     179.33  651.3    164.15     1.82    -9999
JUNGFRAU   170911 300  021500-022000   00     178.78  651.3    163.51     1.42    -9999
JUNGFRAU   170911 300  022000-022500   00     178.01  651.3    162.88     1.03    -9999
JUNGFRAU   170911 300  022500-023000   00     179.73  651.2    164.33     1.93    -9999
JUNGFRAU   170911 300  023000-023500   00     177.80  651.3    162.62     0.87    -9999
JUNGFRAU   170911 300  023500-024000   00     178.89  651.3    163.71     1.55    -9999
JUNGFRAU   170911 300  024000-024500   00     176.81  651.3    161.80     0.36    -9999
JUNGFRAU   170911 300  024500-025000   00     178.21  651.2    162.91     1.05    -9999
JUNGFRAU   170911 300  025000-025500   00     175.53  651.3    160.64    -0.36    -9999
JUNGFRAU   170911 300  025500-030000   00     177.66  651.3    162.68     0.91    -9999
JUNGFRAU   170911 300  030000-030500   00     179.61  651.3    164.24     1.88    -9999
JUNGFRAU   170911 300  030500-031000   00     177.72  651.2    162.42     0.75    -9999
JUNGFRAU   170911 300  031000-031500   00     177.73  651.2    162.54     0.82    -9999
JUNGFRAU   170911 300  031500-032000   00     176.76  651.2    161.65     0.27    -9999
JUNGFRAU   170911 300  032000-032500   00     178.60  651.3    163.37     1.33    -9999
JUNGFRAU   170911 300  032500-033000   00     177.65  651.3    162.61     0.87    -9999
JUNGFRAU   170911 300  033000-033500   00     177.52  651.3    162.45     0.77    -9999
JUNGFRAU   170911 300  033500-034000   00     178.20  651.3    163.11     1.17    -9999
JUNGFRAU   170911 300  034000-034500   00     179.95  651.3    164.29     1.91    -9999
JUNGFRAU   170911 300  034500-035000   00     177.22  651.2    162.08     0.54    -9999
JUNGFRAU   170911 300  035000-035500   00     177.37  651.2    162.21     0.62    -9999
JUNGFRAU   170911 300  035500-040000   00     178.02  651.2    162.74     0.95    -9999
JUNGFRAU   170911 300  040000-040500   00     178.63  651.1    163.24     1.26    -9999
JUNGFRAU   170911 300  040500-041000   00     177.18  651.1    161.91     0.43    -9999
JUNGFRAU   170911 300  041000-041500   00     177.96  651.1    161.82     0.37    -9999
JUNGFRAU   170911 300  041500-042000   00     177.94  651.0    162.51     0.80    -9999
JUNGFRAU   170911 300  042000-042500   00     177.90  651.0    162.46     0.77    -9999
JUNGFRAU   170911 300  042500-043000   00     178.62  651.0    163.08     1.16    -9999
JUNGFRAU   170911 300  043000-043500   00     178.14  650.9    162.48     0.79    -9999
JUNGFRAU   170911 300  043500-044000   00     181.65  651.0    165.91     2.91    -9999
JUNGFRAU   170911 300  044000-044500   00     178.81  651.0    163.30     1.29    -9999
JUNGFRAU   170911 300  044500-045000   00     180.20  651.0    164.54     2.06    -9999
JUNGFRAU   170911 300  045000-045500   00     179.25  650.9    163.45     1.38    -9999
JUNGFRAU   170911 300  045500-050000   00     180.31  650.9    164.55     2.07    -9999
JUNGFRAU   170911 300  050000-050500   00     178.88  650.9    163.20     1.23    -9999
JUNGFRAU   170911 300  050500-051000   00     177.89  650.9    162.23     0.63    -9999
JUNGFRAU   170911 300  051000-051500   00     180.63  650.8    164.06     1.77    -9999
JUNGFRAU   170911 300  051500-052000   00     178.89  650.9    163.18     1.22    -9999
JUNGFRAU   170911 300  052000-052500   00     178.55  650.8    162.88     1.04    -9999
JUNGFRAU   170911 300  052500-053000   00     178.35  650.8    162.60     0.86    -9999
JUNGFRAU   170911 300  053000-053500   00     179.06  650.9    163.38     1.34    -9999
JUNGFRAU   170911 300  053500-054000   00     179.70  650.9    163.90     1.67    -9999
JUNGFRAU   170911 300  054000-054500   00     178.67  650.9    163.13     1.19    -9999
JUNGFRAU   170911 300  054500-055000   00     176.58  651.0    160.64    -0.36    -9999
JUNGFRAU   170911 300  055000-055500   00     176.39  651.0    161.03    -0.11    -9999
JUNGFRAU   170911 300  055500-060000   00     177.14  651.0    161.73     0.32    -9999
JUNGFRAU   170911 300  060000-060500   00     176.72  651.0    161.45     0.15    -9999
JUNGFRAU   170911 300  060500-061000   00     178.72  651.0    163.23     1.25    -9999
JUNGFRAU   170911 300  061000-061500   00     178.04  651.0    162.53     0.82    -9999
JUNGFRAU   170911 300  061500-062000   00     178.58  650.9    163.07     1.15    -9999
JUNGFRAU   170911 300  062000-062500   00     178.67  650.9    162.98     1.09    -9999
JUNGFRAU   170911 300  062500-063000   00     177.16  650.9    161.57     0.22    -9999
JUNGFRAU   170911 300  063000-063500   00     178.73  650.8    163.03     1.12    -9999
JUNGFRAU   170911 300  063500-064000   00     180.05  650.8    164.18     1.84    -9999
JUNGFRAU   170911 300  064000-064500   00     178.58  650.7    162.76     0.96    -9999
JUNGFRAU   170911 300  064500-065000   00     180.08  650.8    164.20     1.85    -9999
JUNGFRAU   170911 300  065000-065500   00     179.77  650.8    163.90     1.66    -9999
JUNGFRAU   170911 300  065500-070000   00     180.49  650.8    164.53     2.06    -9999
JUNGFRAU   170911 300  070000-070500   00     179.39  650.7    163.49     1.41    -9999
JUNGFRAU   170911 300  070500-071000   00     179.91  650.8    163.96     1.71    -9999
JUNGFRAU   170911 300  071000-071500   00     181.52  650.8    165.50     2.66    -9999
JUNGFRAU   170911 300  071500-072000   00     179.52  650.9    163.76     1.58    -9999
JUNGFRAU   170911 300  072000-072500   00     178.34  650.9    162.63     0.88    -9999
JUNGFRAU   170911 300  072500-073000   00     181.26  650.9    165.41     2.60    -9999
JUNGFRAU   170911 300  073000-073500   00     180.25  650.8    164.43     1.99    -9999
JUNGFRAU   170911 300  073500-074000   00     179.39  650.8    163.56     1.45    -9999
JUNGFRAU   170911 300  074000-074500   00     181.02  650.9    165.10     2.41    -9999
JUNGFRAU   170911 300  074500-075000   00     180.54  650.9    164.72     2.18    -9999
JUNGFRAU   170911 300  075000-075500   00     180.04  650.7    164.04     1.75    -9999
JUNGFRAU   170911 300  075500-080000   00     179.58  650.7    163.70     1.54    -9999
JUNGFRAU   170911 300  080000-080500   00     181.93  650.6    165.60     2.72    -9999
JUNGFRAU   170911 300  080500-081000   00     176.57  650.5    160.68    -0.33    -9999
JUNGFRAU   170911 300  081000-081500   00     179.44  650.7    163.42     1.37    -9999
JUNGFRAU   170911 300  081500-082000   00     180.40  650.7    164.33     1.93    -9999
JUNGFRAU   170911 300  082000-082500   00     181.33  650.6    165.11     2.41    -9999
JUNGFRAU   170911 300  082500-083000   00     180.01  650.7    163.97     1.71    -9999
JUNGFRAU   170911 300  083000-083500   00     179.27  650.7    163.38     1.35    -9999
JUNGFRAU   170911 300  083500-084000   00     180.59  650.6    163.93     1.69    -9999
JUNGFRAU   170911 300  084000-084500   00     181.17  650.6    164.93     2.31    -9999
JUNGFRAU   170911 300  084500-085000   00     178.72  650.6    163.32     1.31    -9999
JUNGFRAU   170911 300  085000-085500   00     179.08  650.7    163.00     1.10    -9999
JUNGFRAU   170911 300  085500-090000   00     178.83  650.7    162.18     0.60    -9999
JUNGFRAU   170911 300  090000-090500   00     180.79  650.8    164.78     2.21    -9999
JUNGFRAU   170911 300  090500-091000   00     181.03  650.7    164.99     2.34    -9999
JUNGFRAU   170911 300  091000-091500   00     180.38  650.7    164.40     1.98    -9999
JUNGFRAU   170911 300  091500-092000   00     178.42  650.7    162.59     0.85    -9999
JUNGFRAU   170911 300  092000-092500   00     179.59  650.8    163.75     1.57    -9999
JUNGFRAU   170911 300  092500-093000   00     180.59  650.6    164.45     2.01    -9999
JUNGFRAU   170911 300  093000-093500   00     179.68  650.7    163.75     1.57    -9999
JUNGFRAU   170911 300  093500-094000   00     180.60  650.7    164.49     2.03    -9999
JUNGFRAU   170911 300  094000-094500   00     179.81  650.8    163.85     1.63    -9999
JUNGFRAU   170911 300  094500-095000   00     180.65  650.7    164.60     2.10    -9999
JUNGFRAU   170911 300  095000-095500   00     179.38  650.7    163.43     1.37    -9999
JUNGFRAU   170911 300  095500-100000   00     181.24  650.7    165.04     2.37    -9999
JUNGFRAU   170911 300  100000-100500   00     182.23  650.7    165.98     2.96    -9999
JUNGFRAU   170911 300  100500-101000   00     180.76  650.8    164.75     2.19    -9999
JUNGFRAU   170911 300  101000-101500   00     180.23  650.6    164.08     1.78    -9999
JUNGFRAU   170911 300  101500-102000   00     179.93  650.5    163.66     1.52    -9999
JUNGFRAU   170911 300  102000-102500   00     182.08  650.6    165.74     2.81    -9999
JUNGFRAU   170911 300  102500-103000   00     179.26  650.4    163.72     1.55    -9999
JUNGFRAU   170911 300  103000-103500   00     180.67  650.5    164.29     1.91    -9999
JUNGFRAU   170911 300  103500-104000   00     180.70  650.6    164.58     2.09    -9999
JUNGFRAU   170911 300  104000-104500   00     181.56  650.7    165.37     2.58    -9999
JUNGFRAU   170911 300  104500-105000   00     180.22  650.7    164.23     1.87    -9999
JUNGFRAU   170911 300  105000-105500   00     178.91  650.7    163.00     1.11    -9999
JUNGFRAU   170911 300  105500-110000   00     181.64  650.8    165.59     2.71    -9999
JUNGFRAU   170911 300  110000-110500   00     179.31  650.7    163.45     1.39    -9999
JUNGFRAU   170911 300  110500-111000   00     179.51  650.7    163.62     1.49    -9999
JUNGFRAU   170911 300  111000-111500   00     179.26  650.8    163.46     1.40    -9999
JUNGFRAU   170911 300  111500-112000   00     179.72  650.8    163.79     1.60    -9999
JUNGFRAU   170911 300  112000-112500   00     179.87  650.8    163.98     1.72    -9999
JUNGFRAU   170911 300  112500-113000   00     179.95  650.8    163.43     1.37    -9999
JUNGFRAU   170911 300  113000-113500   00     179.22  650.9    163.42     1.37    -9999
JUNGFRAU   170911 300  113500-114000   00     179.46  650.8    163.61     1.49    -9999
JUNGFRAU   170911 300  114000-114500   00     178.37  651.0    162.88     1.03    -9999
JUNGFRAU   170911 300  114500-115000   00     177.45  650.8    161.77     0.34    -9999
JUNGFRAU   170911 300  115000-115500   00     179.41  650.8    163.55     1.45    -9999
JUNGFRAU   170911 300  115500-120000   00     179.72  650.7    163.67     1.52    -9999
JUNGFRAU   170911 3600 120000-130000   00     179.50  650.7    163.43     1.37    -9999
JUNGFRAU   170911 3600 130000-140000   00     178.46  650.8    162.78     0.97    -9999
JUNGFRAU   170911 3600 140000-150000   00     178.57  650.8    162.77     0.96    -9999
JUNGFRAU   170911 3600 150000-160000   00     178.89  650.8    163.08     1.15    -9999
JUNGFRAU   170911 3600 160000-170000   00     178.81  650.8    162.98     1.09    -9999
JUNGFRAU   170911 3600 170000-180000   00     178.21  650.8    162.55     0.83    -9999
JUNGFRAU   170911 3600 180000-190000   00     177.17  651.1    161.89     0.42    -9999
JUNGFRAU   170911 3600 190000-200000   00     176.78  651.3    161.78     0.35    -9999
JUNGFRAU   170911 3600 200000-210000   00     176.99  651.4    162.06     0.53    -9999
JUNGFRAU   170911 3600 210000-220000   00     177.71  651.3    162.66     0.90    -9999
JUNGFRAU   170911 3600 220000-230000   00     178.68  651.1    163.27     1.27    -9999
JUNGFRAU   170911 3600 230000-240000   00     179.22  650.8    163.35     1.33    -9999
*
COMMENT UNIVERISTY OF OULU: FILE GENERATED FROM DATABASE AND OBTAINED FROM
COMMENT https://gle.oulu.fi at 2025-01-11 16:21:59 +00:00
COMMENT FOR HISTORICAL/ORIGINAL TEXT FILES SEE https://gle.oulu.fi/txtarchive/
COMMENT ORIGINAL AT https://gle.oulu.fi/txtarchive/GLE72/C072JUNG.DAT
COMMENT DETRENDED DATA SHOW -9999 IF EQUAL TO INC% COLUMN 