DOMB       LATITUDE    75.1      LONGITUDE     -123.38   ALTITUDE    3233 M
DOMB       INSTRUMENT   BARE  NEUTRON MONITOR
DOMB       STANDARD PRESSURE    650     MB     COEFFICIENT   -0.754    % / MB
DOMB       PRE-INCREASE BASELINE TIME INTERVAL    170910    140000-160000   UT
DOMB       PRE-INCREASE AVERAGE COUNTING RATE      4.87      COUNTS PER SECOND
DOMB       TIME INTERVALS    300         3600     
DOMB       SCALE FACTORS     1           1        
STATION    YYMMDD  SEC   TIME (UT)   CODE    UNCORR. PRESS.    CORR.    % INC.	DETRENDED
                         INTERVAL    TD      C/S     (MB)      C/S
DOMB       170909 3600 000000-010000   00       4.20  648.8      4.77    -2.10    -9999
DOMB       170909 3600 010000-020000   00       4.20  648.7      4.75    -2.45    -9999
DOMB       170909 3600 020000-030000   00       4.20  648.3      4.82    -1.08    -9999
DOMB       170909 3600 030000-040000   00       4.20  648.0      4.67    -4.16    -9999
DOMB       170909 3600 040000-050000   00       4.20  647.9      4.73    -2.80    -9999
DOMB       170909 3600 050000-060000   00       4.20  647.8      4.70    -3.48    -9999
DOMB       170909 3600 060000-070000   00       4.20  647.5      4.78    -1.78    -9999
DOMB       170909 3600 070000-080000   00       4.21  647.3      4.70    -3.48    -9999
DOMB       170909 3600 080000-090000   00       4.21  646.9      4.78    -1.78    -9999
DOMB       170909 3600 090000-100000   00       4.21  646.6      4.72    -3.13    -9999
DOMB       170909 3600 100000-110000   00       4.21  646.3      4.72    -3.13    -9999
DOMB       170909 3600 110000-120000   00       4.21  646.0      4.75    -2.45    -9999
DOMB       170909 3600 120000-130000   00       4.21  645.5      4.73    -2.80    -9999
DOMB       170909 3600 130000-140000   00       4.21  644.9      4.73    -2.80    -9999
DOMB       170909 3600 140000-150000   00       4.21  644.4      4.78    -1.78    -9999
DOMB       170909 3600 150000-160000   00       4.21  644.0      4.75    -2.45    -9999
DOMB       170909 3600 160000-170000   00       4.21  643.4      4.80    -1.43    -9999
DOMB       170909 3600 170000-180000   00       4.21  642.9      4.72    -3.13    -9999
DOMB       170909 3600 180000-190000   00       4.21  642.2      4.72    -3.13    -9999
DOMB       170909 3600 190000-200000   00       4.21  641.6      4.72    -3.13    -9999
DOMB       170909 3600 200000-210000   00       4.21  641.0      4.80    -1.43    -9999
DOMB       170909 3600 210000-220000   00       4.22  640.3      4.82    -1.08    -9999
DOMB       170909 3600 220000-230000   00       4.22  640.0      4.77    -2.10    -9999
DOMB       170909 3600 230000-240000   00       4.22  639.4      4.73    -2.80    -9999
DOMB       170910 3600 000000-010000   00       4.22  638.6      4.80    -1.43    -9999
DOMB       170910 3600 010000-020000   00       4.22  638.3      4.82    -1.08    -9999
DOMB       170910 3600 020000-030000   00       4.22  637.8      4.85    -0.40    -9999
DOMB       170910 3600 030000-040000   00       4.22  637.3      4.88     0.28    -9999
DOMB       170910 3600 040000-050000   00       4.22  636.9      4.80    -1.43    -9999
DOMB       170910 3600 050000-060000   00       4.22  636.4      4.78    -1.78    -9999
DOMB       170910 3600 060000-070000   00       4.22  636.0      4.85    -0.40    -9999
DOMB       170910 3600 070000-080000   00       4.22  635.7      4.83    -0.75    -9999
DOMB       170910 3600 080000-090000   00       4.22  635.4      4.83    -0.75    -9999
DOMB       170910 3600 090000-100000   00       4.22  635.1      4.82    -1.08    -9999
DOMB       170910 3600 100000-110000   00       4.22  634.9      4.85    -0.40    -9999
DOMB       170910 3600 110000-120000   00       4.22  634.5      4.78    -1.78    -9999
DOMB       170910 300  120000-120500   00       4.23  634.4      4.80    -1.43    -9999
DOMB       170910 300  120500-121000   00       4.23  634.4      4.80    -1.43    -9999
DOMB       170910 300  121000-121500   00       4.23  634.3      4.77    -2.10    -9999
DOMB       170910 300  121500-122000   00       4.23  634.3      4.85    -0.40    -9999
DOMB       170910 300  122000-122500   00       4.23  634.2      4.87    -0.05    -9999
DOMB       170910 300  122500-123000   00       4.23  634.2      5.07     4.06    -9999
DOMB       170910 300  123000-123500   00       4.23  634.1      4.73    -2.80    -9999
DOMB       170910 300  123500-124000   00       4.23  634.1      4.67    -4.16    -9999
DOMB       170910 300  124000-124500   00       4.23  634.0      4.83    -0.75    -9999
DOMB       170910 300  124500-125000   00       4.23  634.1      4.75    -2.45    -9999
DOMB       170910 300  125000-125500   00       4.23  634.1      4.95     1.65    -9999
DOMB       170910 300  125500-130000   00       4.23  634.0      4.70    -3.48    -9999
DOMB       170910 300  130000-130500   00       4.23  634.0      4.78    -1.78    -9999
DOMB       170910 300  130500-131000   00       4.23  634.0      4.83    -0.75    -9999
DOMB       170910 300  131000-131500   00       4.23  633.9      4.73    -2.80    -9999
DOMB       170910 300  131500-132000   00       4.23  633.9      4.78    -1.78    -9999
DOMB       170910 300  132000-132500   00       4.23  633.9      4.68    -3.83    -9999
DOMB       170910 300  132500-133000   00       4.23  633.9      4.68    -3.83    -9999
DOMB       170910 300  133000-133500   00       4.23  633.9      4.93     1.30    -9999
DOMB       170910 300  133500-134000   00       4.23  633.9      4.75    -2.45    -9999
DOMB       170910 300  134000-134500   00       4.23  633.9      4.93     1.30    -9999
DOMB       170910 300  134500-135000   00       4.23  633.9      4.92     0.98    -9999
DOMB       170910 300  135000-135500   00       4.23  633.9      4.85    -0.40    -9999
DOMB       170910 300  135500-140000   00       4.23  633.8      4.90     0.63    -9999
DOMB       170910 300  140000-140500   00       4.23  633.8      4.73    -2.80    -9999
DOMB       170910 300  140500-141000   00       4.23  633.7      4.98     2.33    -9999
DOMB       170910 300  141000-141500   00       4.23  633.7      4.62    -5.18    -9999
DOMB       170910 300  141500-142000   00       4.23  633.6      4.75    -2.45    -9999
DOMB       170910 300  142000-142500   00       4.23  633.6      4.93     1.30    -9999
DOMB       170910 300  142500-143000   00       4.23  633.5      4.92     0.98    -9999
DOMB       170910 300  143000-143500   00       4.23  633.5      5.02     3.03    -9999
DOMB       170910 300  143500-144000   00       4.23  633.4      4.92     0.98    -9999
DOMB       170910 300  144000-144500   00       4.23  633.4      4.78    -1.78    -9999
DOMB       170910 300  144500-145000   00       4.23  633.3      4.83    -0.75    -9999
DOMB       170910 300  145000-145500   00       4.23  633.3      4.75    -2.45    -9999
DOMB       170910 300  145500-150000   00       4.23  633.2      4.93     1.30    -9999
DOMB       170910 300  150000-150500   00       4.23  633.2      4.80    -1.43    -9999
DOMB       170910 300  150500-151000   00       4.23  633.2      4.97     2.00    -9999
DOMB       170910 300  151000-151500   00       4.23  633.1      4.92     0.98    -9999
DOMB       170910 300  151500-152000   00       4.23  633.1      4.88     0.28    -9999
DOMB       170910 300  152000-152500   00       4.23  633.2      4.93     1.30    -9999
DOMB       170910 300  152500-153000   00       4.23  633.1      4.87    -0.05    -9999
DOMB       170910 300  153000-153500   00       4.23  633.1      4.67    -4.16    -9999
DOMB       170910 300  153500-154000   00       4.23  633.1      4.83    -0.75    -9999
DOMB       170910 300  154000-154500   00       4.23  633.1      4.92     0.98    -9999
DOMB       170910 300  154500-155000   00       4.23  633.1      4.92     0.98    -9999
DOMB       170910 300  155000-155500   00       4.23  633.0      5.00     2.68    -9999
DOMB       170910 300  155500-160000   00       4.23  632.9      5.00     2.68    -9999
DOMB       170910 300  160000-160500   00       4.23  632.9      4.85    -0.40    -0.72
DOMB       170910 300  160500-161000   00       4.23  632.9      4.80    -1.43    -1.79
DOMB       170910 300  161000-161500   00       4.23  632.9      4.82    -1.08    -1.47
DOMB       170910 300  161500-162000   00       4.23  632.8      4.92     0.98     0.55
DOMB       170910 300  162000-162500   00       4.23  632.7      4.70    -3.48    -3.94
DOMB       170910 300  162500-163000   00       4.23  632.7      4.92     0.98     0.49
DOMB       170910 300  163000-163500   00       4.23  632.7      4.80    -1.43    -1.96
DOMB       170910 300  163500-164000   00       4.23  632.6      5.15     5.76     5.20
DOMB       170910 300  164000-164500   00       4.23  632.5      5.18     6.44     5.85
DOMB       170910 300  164500-165000   00       4.23  632.4      5.08     4.39     3.77
DOMB       170910 300  165000-165500   00       4.23  632.4      5.15     5.76     5.11
DOMB       170910 300  165500-170000   00       4.23  632.4      5.07     4.06     3.37
DOMB       170910 300  170000-170500   00       4.23  632.4      5.32     9.19     8.47
DOMB       170910 300  170500-171000   00       4.23  632.3      5.40    10.90    10.15
DOMB       170910 300  171000-171500   00       4.23  632.3      5.22     7.14     6.36
DOMB       170910 300  171500-172000   00       4.23  632.3      5.52    13.30    12.49
DOMB       170910 300  172000-172500   00       4.23  632.2      5.38    10.55     9.71
DOMB       170910 300  172500-173000   00       4.23  632.2      5.45    11.92    11.05
DOMB       170910 300  173000-173500   00       4.23  632.2      5.47    12.27    11.37
DOMB       170910 300  173500-174000   00       4.23  632.1      5.48    12.60    11.66
DOMB       170910 300  174000-174500   00       4.23  632.0      5.43    11.57    10.60
DOMB       170910 300  174500-175000   00       4.23  631.9      5.30     8.84     7.84
DOMB       170910 300  175000-175500   00       4.23  631.9      5.42    11.24    10.21
DOMB       170910 300  175500-180000   00       4.23  631.8      5.38    10.55     9.50
DOMB       170910 300  180000-180500   00       4.23  631.8      5.60    15.00    13.92
DOMB       170910 300  180500-181000   00       4.23  631.7      5.42    11.24    10.13
DOMB       170910 300  181000-181500   00       4.23  631.7      5.47    12.27    11.13
DOMB       170910 300  181500-182000   00       4.23  631.7      5.63    15.68    14.51
DOMB       170910 300  182000-182500   00       4.23  631.6      5.53    13.63    12.43
DOMB       170910 300  182500-183000   00       4.23  631.6      5.50    12.95    11.72
DOMB       170910 300  183000-183500   00       4.23  631.5      5.48    12.60    11.34
DOMB       170910 300  183500-184000   00       4.23  631.4      5.35     9.87     8.58
DOMB       170910 300  184000-184500   00       4.23  631.4      5.35     9.87     8.56
DOMB       170910 300  184500-185000   00       4.23  631.4      5.38    10.55     9.21
DOMB       170910 300  185000-185500   00       4.23  631.4      5.25     7.81     6.44
DOMB       170910 300  185500-190000   00       4.23  631.2      5.35     9.87     8.47
DOMB       170910 300  190000-190500   00       4.23  631.2      5.35     9.87     8.45
DOMB       170910 300  190500-191000   00       4.23  631.2      5.30     8.84     7.39
DOMB       170910 300  191000-191500   00       4.23  631.2      5.62    15.35    13.87
DOMB       170910 300  191500-192000   00       4.23  631.1      5.57    14.32    12.82
DOMB       170910 300  192000-192500   00       4.23  631.1      5.37    10.22     8.69
DOMB       170910 300  192500-193000   00       4.23  631.1      5.40    10.90     9.34
DOMB       170910 300  193000-193500   00       4.23  631.0      5.37    10.22     8.64
DOMB       170910 300  193500-194000   00       4.23  631.0      5.27     8.16     6.55
DOMB       170910 300  194000-194500   00       4.23  631.0      5.42    11.24     9.61
DOMB       170910 300  194500-195000   00       4.23  630.9      5.28     8.49     6.83
DOMB       170910 300  195000-195500   00       4.23  630.9      5.35     9.87     8.19
DOMB       170910 300  195500-200000   00       4.23  630.9      5.37    10.22     8.51
DOMB       170910 300  200000-200500   00       4.23  631.0      5.33     9.52     7.79
DOMB       170910 300  200500-201000   00       4.23  630.9      5.42    11.24     9.48
DOMB       170910 300  201000-201500   00       4.23  630.9      5.58    14.65    12.87
DOMB       170910 300  201500-202000   00       4.23  630.9      5.33     9.52     7.71
DOMB       170910 300  202000-202500   00       4.23  630.8      5.45    11.92    10.09
DOMB       170910 300  202500-203000   00       4.23  630.6      5.23     7.47     5.61
DOMB       170910 300  203000-203500   00       4.23  630.5      5.28     8.49     6.61
DOMB       170910 300  203500-204000   00       4.23  630.5      5.42    11.24     9.34
DOMB       170910 300  204000-204500   00       4.23  630.5      5.10     4.73     2.80
DOMB       170910 300  204500-205000   00       4.23  630.5      5.32     9.19     7.24
DOMB       170910 300  205000-205500   00       4.23  630.5      5.18     6.44     4.47
DOMB       170910 300  205500-210000   00       4.23  630.5      5.08     4.39     2.40
DOMB       170910 300  210000-210500   00       4.23  630.5      5.43    11.57     9.55
DOMB       170910 300  210500-211000   00       4.23  630.4      5.35     9.87     7.83
DOMB       170910 300  211000-211500   00       4.23  630.3      5.57    14.32    12.26
DOMB       170910 300  211500-212000   00       4.23  630.3      5.38    10.55     8.47
DOMB       170910 300  212000-212500   00       4.23  630.3      5.45    11.92     9.81
DOMB       170910 300  212500-213000   00       4.23  630.2      5.30     8.84     6.71
DOMB       170910 300  213000-213500   00       4.23  630.2      5.20     6.79     4.64
DOMB       170910 300  213500-214000   00       4.23  630.1      5.38    10.55     8.38
DOMB       170910 300  214000-214500   00       4.23  630.1      5.13     5.41     3.22
DOMB       170910 300  214500-215000   00       4.23  630.0      5.25     7.81     5.60
DOMB       170910 300  215000-215500   00       4.23  629.9      5.18     6.44     4.21
DOMB       170910 300  215500-220000   00       4.23  629.9      5.10     4.73     2.48
DOMB       170910 300  220000-220500   00       4.23  629.8      5.20     6.79     4.52
DOMB       170910 300  220500-221000   00       4.23  629.8      5.22     7.14     4.85
DOMB       170910 300  221000-221500   00       4.23  629.8      5.18     6.44     4.13
DOMB       170910 300  221500-222000   00       4.23  629.7      5.17     6.11     3.78
DOMB       170910 300  222000-222500   00       4.23  629.6      5.18     6.44     4.09
DOMB       170910 300  222500-223000   00       4.23  629.6      5.35     9.87     7.50
DOMB       170910 300  223000-223500   00       4.23  629.5      5.15     5.76     3.37
DOMB       170910 300  223500-224000   00       4.23  629.5      5.53    13.63    11.22
DOMB       170910 300  224000-224500   00       4.23  629.4      5.37    10.22     7.79
DOMB       170910 300  224500-225000   00       4.23  629.4      5.12     5.08     2.63
DOMB       170910 300  225000-225500   00       4.23  629.4      5.30     8.84     6.37
DOMB       170910 300  225500-230000   00       4.23  629.4      5.37    10.22     7.74
DOMB       170910 300  230000-230500   00       4.23  629.3      5.22     7.14     4.64
DOMB       170910 300  230500-231000   00       4.23  629.3      5.37    10.22     7.70
DOMB       170910 300  231000-231500   00       4.23  629.2      5.47    12.27     9.73
DOMB       170910 300  231500-232000   00       4.23  629.2      5.20     6.79     4.24
DOMB       170910 300  232000-232500   00       4.23  629.1      5.23     7.47     4.90
DOMB       170910 300  232500-233000   00       4.23  629.1      5.03     3.36     0.77
DOMB       170910 300  233000-233500   00       4.23  629.0      5.25     7.81     5.20
DOMB       170910 300  233500-234000   00       4.23  628.9      5.32     9.19     6.57
DOMB       170910 300  234000-234500   00       4.23  628.8      5.23     7.47     4.83
DOMB       170910 300  234500-235000   00       4.23  628.8      5.02     3.03     0.38
DOMB       170910 300  235000-235500   00       4.23  628.7      5.32     9.19     6.52
DOMB       170910 300  235500-240000   00       4.23  628.6      5.13     5.41     2.72
DOMB       170911 300  000000-000500   00       4.23  628.5      5.03     3.36     0.66
DOMB       170911 300  000500-001000   00       4.23  628.5      5.23     7.47     4.75
DOMB       170911 300  001000-001500   00       4.23  628.4      5.03     3.36     0.63
DOMB       170911 300  001500-002000   00       4.23  628.3      5.13     5.41     2.66
DOMB       170911 300  002000-002500   00       4.23  628.4      4.92     0.98    -1.78
DOMB       170911 300  002500-003000   00       4.23  628.4      5.22     7.14     4.36
DOMB       170911 300  003000-003500   00       4.23  628.3      5.15     5.76     2.97
DOMB       170911 300  003500-004000   00       4.23  628.3      5.08     4.39     1.58
DOMB       170911 300  004000-004500   00       4.23  628.3      4.97     2.00    -0.82
DOMB       170911 300  004500-005000   00       4.23  628.1      5.18     6.44     3.61
DOMB       170911 300  005000-005500   00       4.23  628.0      5.02     3.03     0.18
DOMB       170911 300  005500-010000   00       4.23  628.0      5.23     7.47     4.61
DOMB       170911 300  010000-010500   00       4.23  628.0      5.27     8.16     5.28
DOMB       170911 300  010500-011000   00       4.23  627.9      4.93     1.30    -1.59
DOMB       170911 300  011000-011500   00       4.23  627.9      4.93     1.30    -1.60
DOMB       170911 300  011500-012000   00       4.23  627.8      5.20     6.79     3.88
DOMB       170911 300  012000-012500   00       4.23  627.9      5.28     8.49     5.56
DOMB       170911 300  012500-013000   00       4.23  627.8      5.32     9.19     6.25
DOMB       170911 300  013000-013500   00       4.23  627.8      5.22     7.14     4.19
DOMB       170911 300  013500-014000   00       4.23  627.8      4.87    -0.05    -3.01
DOMB       170911 300  014000-014500   00       4.23  627.8      5.22     7.14     4.16
DOMB       170911 300  014500-015000   00       4.24  627.7      5.02     3.03     0.04
DOMB       170911 300  015000-015500   00       4.24  627.6      4.95     1.65    -1.35
DOMB       170911 300  015500-020000   00       4.24  627.6      4.97     2.00    -1.01
DOMB       170911 300  020000-020500   00       4.24  627.6      5.08     4.39     1.37
DOMB       170911 300  020500-021000   00       4.24  627.5      5.13     5.41     2.38
DOMB       170911 300  021000-021500   00       4.24  627.5      5.27     8.16     5.12
DOMB       170911 300  021500-022000   00       4.24  627.5      5.35     9.87     6.82
DOMB       170911 300  022000-022500   00       4.24  627.5      5.08     4.39     1.33
DOMB       170911 300  022500-023000   00       4.24  627.4      5.28     8.49     5.42
DOMB       170911 300  023000-023500   00       4.24  627.4      5.15     5.76     2.68
DOMB       170911 300  023500-024000   00       4.24  627.3      5.18     6.44     3.35
DOMB       170911 300  024000-024500   00       4.24  627.3      5.18     6.44     3.34
DOMB       170911 300  024500-025000   00       4.24  627.3      5.25     7.81     4.70
DOMB       170911 300  025000-025500   00       4.24  627.2      5.00     2.68    -0.44
DOMB       170911 300  025500-030000   00       4.24  627.1      5.20     6.79     3.66
DOMB       170911 300  030000-030500   00       4.24  627.0      4.93     1.30    -1.84
DOMB       170911 300  030500-031000   00       4.24  627.0      5.10     4.73     1.58
DOMB       170911 300  031000-031500   00       4.24  626.9      5.03     3.36     0.20
DOMB       170911 300  031500-032000   00       4.24  626.9      5.17     6.11     2.94
DOMB       170911 300  032000-032500   00       4.24  626.8      5.02     3.03    -0.14
DOMB       170911 300  032500-033000   00       4.24  626.8      5.30     8.84     5.66
DOMB       170911 300  033000-033500   00       4.24  626.8      5.12     5.08     1.89
DOMB       170911 300  033500-034000   00       4.24  626.7      5.15     5.76     2.56
DOMB       170911 300  034000-034500   00       4.24  626.7      5.07     4.06     0.86
DOMB       170911 300  034500-035000   00       4.24  626.7      5.03     3.36     0.15
DOMB       170911 300  035000-035500   00       4.24  626.7      5.17     6.11     2.89
DOMB       170911 300  035500-040000   00       4.24  626.7      4.85    -0.40    -3.62
DOMB       170911 300  040000-040500   00       4.24  626.7      5.42    11.24     8.01
DOMB       170911 300  040500-041000   00       4.24  626.8      4.92     0.98    -2.26
DOMB       170911 300  041000-041500   00       4.24  626.7      5.05     3.71     0.47
DOMB       170911 300  041500-042000   00       4.24  626.7      5.17     6.11     2.86
DOMB       170911 300  042000-042500   00       4.24  626.7      5.03     3.36     0.10
DOMB       170911 300  042500-043000   00       4.24  626.6      5.10     4.73     1.47
DOMB       170911 300  043000-043500   00       4.24  626.6      5.17     6.11     2.84
DOMB       170911 300  043500-044000   00       4.24  626.7      5.12     5.08     1.81
DOMB       170911 300  044000-044500   00       4.24  626.6      5.05     3.71     0.43
DOMB       170911 300  044500-045000   00       4.24  626.6      5.10     4.73     1.45
DOMB       170911 300  045000-045500   00       4.24  626.6      5.05     3.71     0.42
DOMB       170911 300  045500-050000   00       4.24  626.6      5.00     2.68    -0.61
DOMB       170911 300  050000-050500   00       4.24  626.6      5.15     5.76     2.47
DOMB       170911 300  050500-051000   00       4.24  626.6      5.03     3.36     0.06
DOMB       170911 300  051000-051500   00       4.24  626.6      4.97     2.00    -1.30
DOMB       170911 300  051500-052000   00       4.24  626.6      5.08     4.39     1.08
DOMB       170911 300  052000-052500   00       4.24  626.5      4.87    -0.05    -3.36
DOMB       170911 300  052500-053000   00       4.24  626.5      4.95     1.65    -1.66
DOMB       170911 300  053000-053500   00       4.24  626.5      4.98     2.33    -0.99
DOMB       170911 300  053500-054000   00       4.24  626.5      5.08     4.39     1.07
DOMB       170911 300  054000-054500   00       4.24  626.5      4.88     0.28    -3.04
DOMB       170911 300  054500-055000   00       4.24  626.5      5.03     3.36     0.04
DOMB       170911 300  055000-055500   00       4.24  626.5      5.05     3.71     0.38
DOMB       170911 300  055500-060000   00       4.24  626.4      5.25     7.81     4.48
DOMB       170911 300  060000-060500   00       4.24  626.4      5.17     6.11     2.78
DOMB       170911 300  060500-061000   00       4.24  626.4      5.08     4.39     1.06
DOMB       170911 300  061000-061500   00       4.24  626.3      5.02     3.03    -0.30
DOMB       170911 300  061500-062000   00       4.24  626.3      4.87    -0.05    -3.38
DOMB       170911 300  062000-062500   00       4.24  626.3      5.07     4.06     0.72
DOMB       170911 300  062500-063000   00       4.24  626.3      5.13     5.41     2.07
DOMB       170911 300  063000-063500   00       4.24  626.2      5.15     5.76     2.42
DOMB       170911 300  063500-064000   00       4.24  626.2      4.90     0.63    -2.71
DOMB       170911 300  064000-064500   00       4.24  626.2      4.92     0.98    -2.36
DOMB       170911 300  064500-065000   00       4.24  626.2      5.00     2.68    -0.66
DOMB       170911 300  065000-065500   00       4.24  626.2      5.07     4.06     0.72
DOMB       170911 300  065500-070000   00       4.24  626.2      5.08     4.39     1.05
DOMB       170911 300  070000-070500   00       4.24  626.2      4.87    -0.05    -3.39
DOMB       170911 300  070500-071000   00       4.24  626.2      5.13     5.41     2.07
DOMB       170911 300  071000-071500   00       4.24  626.1      5.12     5.08     1.74
DOMB       170911 300  071500-072000   00       4.24  626.2      5.08     4.39     1.05
DOMB       170911 300  072000-072500   00       4.24  626.2      4.98     2.33    -1.01
DOMB       170911 300  072500-073000   00       4.24  626.2      5.03     3.36     0.03
DOMB       170911 300  073000-073500   00       4.24  626.2      4.90     0.63    -2.70
DOMB       170911 300  073500-074000   00       4.24  626.2      4.87    -0.05    -3.38
DOMB       170911 300  074000-074500   00       4.24  626.2      4.97     2.00    -1.33
DOMB       170911 300  074500-075000   00       4.24  626.2      4.98     2.33    -1.00
DOMB       170911 300  075000-075500   00       4.24  626.2      5.10     4.73     1.41
DOMB       170911 300  075500-080000   00       4.24  626.1      5.02     3.03    -0.29
DOMB       170911 300  080000-080500   00       4.24  626.1      4.97     2.00    -1.32
DOMB       170911 300  080500-081000   00       4.24  626.1      5.03     3.36     0.04
DOMB       170911 300  081000-081500   00       4.24  626.1      5.00     2.68    -0.63
DOMB       170911 300  081500-082000   00       4.24  626.1      4.87    -0.05    -3.36
DOMB       170911 300  082000-082500   00       4.24  626.1      5.15     5.76     2.45
DOMB       170911 300  082500-083000   00       4.24  626.2      4.93     1.30    -2.00
DOMB       170911 300  083000-083500   00       4.24  626.2      4.92     0.98    -2.32
DOMB       170911 300  083500-084000   00       4.24  626.3      5.37    10.22     6.92
DOMB       170911 300  084000-084500   00       4.24  626.2      4.90     0.63    -2.66
DOMB       170911 300  084500-085000   00       4.24  626.2      5.23     7.47     4.18
DOMB       170911 300  085000-085500   00       4.24  626.2      5.17     6.11     2.83
DOMB       170911 300  085500-090000   00       4.24  626.2      4.98     2.33    -0.95
DOMB       170911 300  090000-090500   00       4.24  626.2      5.12     5.08     1.81
DOMB       170911 300  090500-091000   00       4.24  626.1      5.05     3.71     0.44
DOMB       170911 300  091000-091500   00       4.24  626.1      4.95     1.65    -1.61
DOMB       170911 300  091500-092000   00       4.24  626.1      4.88     0.28    -2.98
DOMB       170911 300  092000-092500   00       4.24  626.1      4.95     1.65    -1.60
DOMB       170911 300  092500-093000   00       4.24  626.1      5.07     4.06     0.81
DOMB       170911 300  093000-093500   00       4.24  626.1      5.08     4.39     1.15
DOMB       170911 300  093500-094000   00       4.24  626.1      5.08     4.39     1.16
DOMB       170911 300  094000-094500   00       4.24  626.2      5.08     4.39     1.16
DOMB       170911 300  094500-095000   00       4.24  626.2      5.13     5.41     2.19
DOMB       170911 300  095000-095500   00       4.24  626.2      4.98     2.33    -0.88
DOMB       170911 300  095500-100000   00       4.24  626.2      5.30     8.84     5.63
DOMB       170911 300  100000-100500   00       4.24  626.2      4.87    -0.05    -3.25
DOMB       170911 300  100500-101000   00       4.24  626.2      4.95     1.65    -1.54
DOMB       170911 300  101000-101500   00       4.24  626.2      5.13     5.41     2.23
DOMB       170911 300  101500-102000   00       4.24  626.2      4.93     1.30    -1.88
DOMB       170911 300  102000-102500   00       4.24  626.2      4.95     1.65    -1.52
DOMB       170911 300  102500-103000   00       4.24  626.3      4.97     2.00    -1.16
DOMB       170911 300  103000-103500   00       4.24  626.3      5.15     5.76     2.61
DOMB       170911 300  103500-104000   00       4.24  626.2      5.15     5.76     2.62
DOMB       170911 300  104000-104500   00       4.24  626.2      5.08     4.39     1.26
DOMB       170911 300  104500-105000   00       4.24  626.2      5.03     3.36     0.23
DOMB       170911 300  105000-105500   00       4.24  626.3      5.00     2.68    -0.44
DOMB       170911 300  105500-110000   00       4.24  626.3      5.15     5.76     2.65
DOMB       170911 300  110000-110500   00       4.24  626.3      5.00     2.68    -0.42
DOMB       170911 300  110500-111000   00       4.24  626.3      4.93     1.30    -9999
DOMB       170911 300  111000-111500   00       4.24  626.3      5.03     3.36    -9999
DOMB       170911 300  111500-112000   00       4.24  626.3      4.87    -0.05    -9999
DOMB       170911 300  112000-112500   00       4.24  626.3      5.05     3.71    -9999
DOMB       170911 300  112500-113000   00       4.24  626.3      4.88     0.28    -9999
DOMB       170911 300  113000-113500   00       4.24  626.3      5.00     2.68    -9999
DOMB       170911 300  113500-114000   00       4.24  626.3      5.02     3.03    -9999
DOMB       170911 300  114000-114500   00       4.24  626.3      5.12     5.08    -9999
DOMB       170911 300  114500-115000   00       4.24  626.3      4.82    -1.08    -9999
DOMB       170911 300  115000-115500   00       4.24  626.4      5.08     4.39    -9999
DOMB       170911 300  115500-120000   00       4.24  626.4      5.20     6.79    -9999
DOMB       170911 3600 120000-130000   00       4.24  626.6      4.98     2.33    -9999
DOMB       170911 3600 130000-140000   00       4.24  626.9      5.00     2.68    -9999
DOMB       170911 3600 140000-150000   00       4.24  627.1      5.00     2.68    -9999
DOMB       170911 3600 150000-160000   00       4.24  627.3      4.98     2.33    -9999
DOMB       170911 3600 160000-170000   00       4.24  627.5      4.98     2.33    -9999
DOMB       170911 3600 170000-180000   00       4.25  627.7      4.95     1.65    -9999
DOMB       170911 3600 180000-190000   00       4.25  628.1      4.97     2.00    -9999
DOMB       170911 3600 190000-200000   00       4.25  628.4      4.98     2.33    -9999
DOMB       170911 3600 200000-210000   00       4.25  628.7      5.03     3.36    -9999
DOMB       170911 3600 210000-220000   00       4.25  629.2      5.05     3.71    -9999
DOMB       170911 3600 220000-230000   00       4.25  629.5      4.95     1.65    -9999
DOMB       170911 3600 230000-240000   00       4.25  629.8      4.98     2.33    -9999
*
COMMENT  DATA VERIFIED BY ILYA USOSKIN OF THE UNIVERSITY OF OULU	
COMMENT  ORIGINAL DATA IS AVAILABLE AT http://cosmicrays.oulu.fi	
COMMENT UNIVERISTY OF OULU: FILE GENERATED FROM DATABASE AND OBTAINED FROM
COMMENT https://gle.oulu.fi at 2025-01-11 16:21:59 +00:00
COMMENT FOR HISTORICAL/ORIGINAL TEXT FILES SEE https://gle.oulu.fi/txtarchive/
COMMENT ORIGINAL AT https://gle.oulu.fi/txtarchive/GLE72/C072DOMB_cor.DAT
COMMENT DETRENDED DATA SHOW -9999 IF EQUAL TO INC% COLUMN 