YAKUTSK    LATITUDE    62.02     LONGITUDE     129.72    ALTITUDE    105 M
YAKUTSK    INSTRUMENT   18NM64    NEUTRON MONITOR     	
YAKUTSK    STANDARD PRESSURE    1000    mb     COEFFICIENT   -0.72     % / mb
YAKUTSK    PRE-INCREASE BASELINE TIME INTERVAL    170910    140000-160000   UT
YAKUTSK    PRE-INCREASE AVERAGE COUNTING RATE    218.05      COUNTS PER SECOND
YAKUTSK    TIME INTERVALS    300         3600     
YAKUTSK    SCALE FACTORS     1           1        
STATION    YYMMDD  SEC   TIME (UT)   CODE    UNCORR. PRESS.    CORR.    % INC.	DETRENDED
                         INTERVAL    TD      C/S     (mb)      C/S
YAKUTSK    170909 3600 000000-010000   00     216.67 1002.5    215.86    -1.01    -9999
YAKUTSK    170909 3600 010000-020000   00     217.62 1002.9    217.41    -0.29    -9999
YAKUTSK    170909 3600 020000-030000   00     216.45 1003.1    216.57    -0.68    -9999
YAKUTSK    170909 3600 030000-040000   00     216.48 1003.1    216.54    -0.69    -9999
YAKUTSK    170909 3600 040000-050000   00     215.45 1003.1    215.53    -1.16    -9999
YAKUTSK    170909 3600 050000-060000   00     213.84 1003.2    214.02    -1.85    -9999
YAKUTSK    170909 3600 060000-070000   00     212.27 1003.2    212.57    -2.51    -9999
YAKUTSK    170909 3600 070000-080000   00     212.14 1003.4    212.74    -2.43    -9999
YAKUTSK    170909 3600 080000-090000   00     212.82 1003.7    213.84    -1.93    -9999
YAKUTSK    170909 3600 090000-100000   00     213.37 1004.2    215.22    -1.30    -9999
YAKUTSK    170909 3600 100000-110000   00     212.34 1004.8    214.99    -1.40    -9999
YAKUTSK    170909 3600 110000-120000   00     212.53 1005.0    215.51    -1.16    -9999
YAKUTSK    170909 3600 120000-130000   00     211.77 1005.1    215.00    -1.40    -9999
YAKUTSK    170909 3600 130000-140000   00     211.06 1005.4    214.74    -1.52    -9999
YAKUTSK    170909 3600 140000-150000   00     211.26 1005.6    215.17    -1.32    -9999
YAKUTSK    170909 3600 150000-160000   00     211.79 1005.8    216.04    -0.92    -9999
YAKUTSK    170909 3600 160000-170000   00     210.90 1006.0    215.51    -1.17    -9999
YAKUTSK    170909 3600 170000-180000   00     211.79 1006.0    216.44    -0.74    -9999
YAKUTSK    170909 3600 180000-190000   00     211.83 1006.2    216.78    -0.58    -9999
YAKUTSK    170909 3600 190000-200000   00     213.22 1006.4    218.48     0.20    -9999
YAKUTSK    170909 3600 200000-210000   00     211.97 1006.6    217.47    -0.27    -9999
YAKUTSK    170909 3600 210000-220000   00     212.52 1006.7    218.28     0.10    -9999
YAKUTSK    170909 3600 220000-230000   00     213.01 1006.8    218.92     0.40    -9999
YAKUTSK    170909 3600 230000-240000   00     214.29 1006.8    220.26     1.01    -9999
YAKUTSK    170910 3600 000000-010000   00     214.24 1006.9    220.26     1.01    -9999
YAKUTSK    170910 3600 010000-020000   00     214.12 1006.9    220.11     0.95    -9999
YAKUTSK    170910 3600 020000-030000   00     213.23 1006.8    219.04     0.45    -9999
YAKUTSK    170910 3600 030000-040000   00     213.92 1006.4    219.22     0.54    -9999
YAKUTSK    170910 3600 040000-050000   00     213.60 1006.2    218.51     0.21    -9999
YAKUTSK    170910 3600 050000-060000   00     213.22 1005.8    217.47    -0.27    -9999
YAKUTSK    170910 3600 060000-070000   00     214.11 1005.4    217.81    -0.11    -9999
YAKUTSK    170910 3600 070000-080000   00     214.50 1005.1    217.78    -0.12    -9999
YAKUTSK    170910 3600 080000-090000   00     214.38 1005.0    217.38    -0.31    -9999
YAKUTSK    170910 3600 090000-100000   00     215.40 1004.8    218.18     0.06    -9999
YAKUTSK    170910 3600 100000-110000   00     213.96 1004.8    216.76    -0.59    -9999
YAKUTSK    170910 3600 110000-120000   00     214.12 1004.9    217.00    -0.48    -9999
YAKUTSK    170910 300  120000-120500   00     214.45 1004.9    217.33    -0.33    -9999
YAKUTSK    170910 300  120500-121000   00     213.47 1004.9    216.32    -0.79    -9999
YAKUTSK    170910 300  121000-121500   00     214.69 1004.9    217.60    -0.21    -9999
YAKUTSK    170910 300  121500-122000   00     213.68 1004.9    216.56    -0.68    -9999
YAKUTSK    170910 300  122000-122500   00     213.97 1004.9    216.80    -0.57    -9999
YAKUTSK    170910 300  122500-123000   00     214.00 1004.8    216.80    -0.57    -9999
YAKUTSK    170910 300  123000-123500   00     215.12 1004.8    217.95    -0.05    -9999
YAKUTSK    170910 300  123500-124000   00     213.01 1004.8    215.81    -1.03    -9999
YAKUTSK    170910 300  124000-124500   00     213.63 1004.9    216.43    -0.75    -9999
YAKUTSK    170910 300  124500-125000   00     214.21 1004.9    217.04    -0.46    -9999
YAKUTSK    170910 300  125000-125500   00     214.48 1004.9    217.28    -0.35    -9999
YAKUTSK    170910 300  125500-130000   00     214.27 1004.8    217.04    -0.46    -9999
YAKUTSK    170910 300  130000-130500   00     214.53 1004.8    217.25    -0.37    -9999
YAKUTSK    170910 300  130500-131000   00     215.33 1004.8    218.13     0.04    -9999
YAKUTSK    170910 300  131000-131500   00     215.89 1004.8    218.69     0.29    -9999
YAKUTSK    170910 300  131500-132000   00     216.08 1004.8    218.91     0.39    -9999
YAKUTSK    170910 300  132000-132500   00     212.24 1004.9    215.07    -1.37    -9999
YAKUTSK    170910 300  132500-133000   00     214.80 1004.9    217.68    -0.17    -9999
YAKUTSK    170910 300  133000-133500   00     215.84 1004.9    218.72     0.31    -9999
YAKUTSK    170910 300  133500-134000   00     213.71 1004.9    216.59    -0.67    -9999
YAKUTSK    170910 300  134000-134500   00     215.63 1004.9    218.56     0.23    -9999
YAKUTSK    170910 300  134500-135000   00     213.79 1004.9    216.72    -0.61    -9999
YAKUTSK    170910 300  135000-135500   00     214.16 1004.9    217.09    -0.44    -9999
YAKUTSK    170910 300  135500-140000   00     213.84 1004.9    216.72    -0.61    -9999
YAKUTSK    170910 300  140000-140500   00     213.92 1004.9    216.77    -0.59    -9999
YAKUTSK    170910 300  140500-141000   00     214.85 1004.9    217.76    -0.13    -9999
YAKUTSK    170910 300  141000-141500   00     211.52 1004.9    214.45    -1.65    -9999
YAKUTSK    170910 300  141500-142000   00     214.77 1005.0    217.81    -0.11    -9999
YAKUTSK    170910 300  142000-142500   00     213.52 1005.0    216.59    -0.67    -9999
YAKUTSK    170910 300  142500-143000   00     217.60 1005.0    220.67     1.20    -9999
YAKUTSK    170910 300  143000-143500   00     214.43 1005.0    217.44    -0.28    -9999
YAKUTSK    170910 300  143500-144000   00     212.80 1005.0    215.87    -1.00    -9999
YAKUTSK    170910 300  144000-144500   00     215.57 1005.0    218.69     0.29    -9999
YAKUTSK    170910 300  144500-145000   00     216.64 1005.0    219.76     0.78    -9999
YAKUTSK    170910 300  145000-145500   00     213.17 1005.0    216.24    -0.83    -9999
YAKUTSK    170910 300  145500-150000   00     217.76 1005.1    220.96     1.33    -9999
YAKUTSK    170910 300  150000-150500   00     211.57 1005.0    214.64    -1.56    -9999
YAKUTSK    170910 300  150500-151000   00     215.25 1005.0    218.37     0.15    -9999
YAKUTSK    170910 300  151000-151500   00     215.01 1005.0    218.08     0.01    -9999
YAKUTSK    170910 300  151500-152000   00     214.32 1005.0    217.39    -0.31    -9999
YAKUTSK    170910 300  152000-152500   00     214.77 1005.0    217.92    -0.06    -9999
YAKUTSK    170910 300  152500-153000   00     215.52 1005.0    218.64     0.27    -9999
YAKUTSK    170910 300  153000-153500   00     216.80 1005.0    219.97     0.88    -9999
YAKUTSK    170910 300  153500-154000   00     215.36 1005.1    218.51     0.21    -9999
YAKUTSK    170910 300  154000-154500   00     214.56 1005.1    217.73    -0.15    -9999
YAKUTSK    170910 300  154500-155000   00     217.25 1005.1    220.53     1.14    -9999
YAKUTSK    170910 300  155000-155500   00     215.84 1005.1    219.12     0.49    -9999
YAKUTSK    170910 300  155500-160000   00     216.08 1005.1    219.33     0.59    -9999
YAKUTSK    170910 300  160000-160500   00     213.25 1005.1    216.51    -0.71    -1.25
YAKUTSK    170910 300  160500-161000   00     216.53 1005.1    219.87     0.83     0.25
YAKUTSK    170910 300  161000-161500   00     216.48 1005.1    219.79     0.80     0.18
YAKUTSK    170910 300  161500-162000   00     215.25 1005.2    218.61     0.26    -0.40
YAKUTSK    170910 300  162000-162500   00     217.95 1005.2    221.44     1.55     0.85
YAKUTSK    170910 300  162500-163000   00     217.52 1005.2    220.99     1.35     0.61
YAKUTSK    170910 300  163000-163500   00     220.56 1005.2    224.08     2.76     1.98
YAKUTSK    170910 300  163500-164000   00     219.39 1005.2    222.83     2.19     1.37
YAKUTSK    170910 300  164000-164500   00     222.56 1005.2    226.05     3.67     2.81
YAKUTSK    170910 300  164500-165000   00     221.57 1005.2    225.12     3.24     2.34
YAKUTSK    170910 300  165000-165500   00     221.31 1005.3    224.99     3.18     2.24
YAKUTSK    170910 300  165500-170000   00     221.41 1005.3    225.04     3.20     2.23
YAKUTSK    170910 300  170000-170500   00     222.75 1005.3    226.35     3.80     2.79
YAKUTSK    170910 300  170500-171000   00     224.80 1005.3    228.43     4.76     3.71
YAKUTSK    170910 300  171000-171500   00     223.39 1005.2    226.96     4.09     3.01
YAKUTSK    170910 300  171500-172000   00     223.71 1005.2    227.28     4.23     3.11
YAKUTSK    170910 300  172000-172500   00     226.43 1005.2    230.03     5.49     4.33
YAKUTSK    170910 300  172500-173000   00     222.43 1005.2    225.95     3.62     2.43
YAKUTSK    170910 300  173000-173500   00     223.47 1005.2    226.96     4.09     2.86
YAKUTSK    170910 300  173500-174000   00     225.87 1005.1    229.31     5.16     3.90
YAKUTSK    170910 300  174000-174500   00     224.85 1005.1    228.21     4.66     3.36
YAKUTSK    170910 300  174500-175000   00     221.47 1005.1    224.80     3.09     1.76
YAKUTSK    170910 300  175000-175500   00     224.88 1005.1    228.19     4.65     3.28
YAKUTSK    170910 300  175500-180000   00     220.24 1005.0    223.41     2.46     1.06
YAKUTSK    170910 300  180000-180500   00     222.00 1005.0    225.23     3.29     1.86
YAKUTSK    170910 300  180500-181000   00     226.99 1005.0    230.27     5.60     4.13
YAKUTSK    170910 300  181000-181500   00     223.57 1005.0    226.77     4.00     2.50
YAKUTSK    170910 300  181500-182000   00     222.16 1005.0    225.33     3.34     1.81
YAKUTSK    170910 300  182000-182500   00     223.89 1005.0    227.04     4.12     2.56
YAKUTSK    170910 300  182500-183000   00     224.61 1005.0    227.81     4.48     2.89
YAKUTSK    170910 300  183000-183500   00     222.00 1005.0    225.17     3.27     1.65
YAKUTSK    170910 300  183500-184000   00     223.89 1005.0    227.12     4.16     2.50
YAKUTSK    170910 300  184000-184500   00     221.84 1005.1    225.09     3.23     1.54
YAKUTSK    170910 300  184500-185000   00     222.59 1005.1    225.84     3.57     1.85
YAKUTSK    170910 300  185000-185500   00     219.73 1005.0    222.93     2.24     0.49
YAKUTSK    170910 300  185500-190000   00     222.48 1005.0    225.73     3.52     1.74
YAKUTSK    170910 300  190000-190500   00     221.79 1005.1    225.09     3.23     1.43
YAKUTSK    170910 300  190500-191000   00     222.43 1005.1    225.76     3.53     1.70
YAKUTSK    170910 300  191000-191500   00     222.64 1005.1    225.97     3.63     1.77
YAKUTSK    170910 300  191500-192000   00     220.40 1005.1    223.71     2.59     0.70
YAKUTSK    170910 300  192000-192500   00     221.73 1005.1    225.04     3.20     1.28
YAKUTSK    170910 300  192500-193000   00     220.72 1005.1    223.97     2.72     0.77
YAKUTSK    170910 300  193000-193500   00     221.81 1005.1    225.07     3.22     1.25
YAKUTSK    170910 300  193500-194000   00     221.39 1005.1    224.69     3.05     1.05
YAKUTSK    170910 300  194000-194500   00     219.25 1005.1    222.56     2.07     0.04
YAKUTSK    170910 300  194500-195000   00     220.27 1005.1    223.65     2.57     0.52
YAKUTSK    170910 300  195000-195500   00     223.07 1005.2    226.51     3.88     1.80
YAKUTSK    170910 300  195500-200000   00     221.31 1005.2    224.77     3.08     0.98
YAKUTSK    170910 300  200000-200500   00     218.59 1005.3    222.08     1.85    -0.28
YAKUTSK    170910 300  200500-201000   00     217.84 1005.3    221.41     1.54    -0.61
YAKUTSK    170910 300  201000-201500   00     221.23 1005.3    224.93     3.16     0.98
YAKUTSK    170910 300  201500-202000   00     218.61 1005.4    222.35     1.97    -0.23
YAKUTSK    170910 300  202000-202500   00     221.76 1005.4    225.52     3.42     1.20
YAKUTSK    170910 300  202500-203000   00     220.53 1005.4    224.35     2.89     0.64
YAKUTSK    170910 300  203000-203500   00     219.47 1005.5    223.33     2.42     0.15
YAKUTSK    170910 300  203500-204000   00     220.40 1005.5    224.35     2.89     0.60
YAKUTSK    170910 300  204000-204500   00     222.48 1005.5    226.51     3.88     1.56
YAKUTSK    170910 300  204500-205000   00     221.63 1005.6    225.71     3.51     1.17
YAKUTSK    170910 300  205000-205500   00     218.64 1005.6    222.72     2.14    -0.22
YAKUTSK    170910 300  205500-210000   00     217.81 1005.6    221.87     1.75    -0.63
YAKUTSK    170910 300  210000-210500   00     220.53 1005.6    224.59     3.00     0.60
YAKUTSK    170910 300  210500-211000   00     221.15 1005.6    225.23     3.29     0.87
YAKUTSK    170910 300  211000-211500   00     220.59 1005.6    224.69     3.05     0.61
YAKUTSK    170910 300  211500-212000   00     220.32 1005.6    224.40     2.91     0.45
YAKUTSK    170910 300  212000-212500   00     220.32 1005.6    224.43     2.92     0.44
YAKUTSK    170910 300  212500-213000   00     218.13 1005.6    222.19     1.90    -0.60
YAKUTSK    170910 300  213000-213500   00     218.24 1005.6    222.29     1.94    -0.58
YAKUTSK    170910 300  213500-214000   00     219.07 1005.6    223.09     2.31    -0.23
YAKUTSK    170910 300  214000-214500   00     220.13 1005.6    224.16     2.80     0.24
YAKUTSK    170910 300  214500-215000   00     218.85 1005.6    222.88     2.21    -0.36
YAKUTSK    170910 300  215000-215500   00     218.32 1005.6    222.35     1.97    -0.62
YAKUTSK    170910 300  215500-220000   00     220.29 1005.6    224.35     2.89     0.28
YAKUTSK    170910 300  220000-220500   00     220.35 1005.6    224.48     2.95     0.32
YAKUTSK    170910 300  220500-221000   00     217.25 1005.6    221.31     1.49    -1.15
YAKUTSK    170910 300  221000-221500   00     217.15 1005.6    221.23     1.46    -1.20
YAKUTSK    170910 300  221500-222000   00     218.75 1005.6    222.85     2.20    -0.47
YAKUTSK    170910 300  222000-222500   00     218.93 1005.6    223.04     2.29    -0.40
YAKUTSK    170910 300  222500-223000   00     218.99 1005.6    223.09     2.31    -0.39
YAKUTSK    170910 300  223000-223500   00     221.65 1005.6    225.84     3.57     0.85
YAKUTSK    170910 300  223500-224000   00     219.97 1005.7    224.19     2.81     0.08
YAKUTSK    170910 300  224000-224500   00     219.79 1005.7    224.03     2.74    -0.01
YAKUTSK    170910 300  224500-225000   00     220.64 1005.7    224.99     3.18     0.42
YAKUTSK    170910 300  225000-225500   00     219.49 1005.8    223.87     2.67    -0.10
YAKUTSK    170910 300  225500-230000   00     220.61 1005.8    225.07     3.22     0.43
YAKUTSK    170910 300  230000-230500   00     216.85 1005.8    221.28     1.48    -1.32
YAKUTSK    170910 300  230500-231000   00     221.49 1005.8    226.00     3.64     0.83
YAKUTSK    170910 300  231000-231500   00     219.28 1005.8    223.73     2.61    -0.21
YAKUTSK    170910 300  231500-232000   00     220.64 1005.8    225.07     3.22     0.38
YAKUTSK    170910 300  232000-232500   00     220.88 1005.8    225.36     3.35     0.50
YAKUTSK    170910 300  232500-233000   00     220.24 1005.8    224.69     3.05     0.19
YAKUTSK    170910 300  233000-233500   00     217.92 1005.9    222.40     1.99    -0.88
YAKUTSK    170910 300  233500-234000   00     219.89 1005.9    224.45     2.94     0.06
YAKUTSK    170910 300  234000-234500   00     219.81 1005.9    224.35     2.89     0.00
YAKUTSK    170910 300  234500-235000   00     218.69 1005.9    223.20     2.36    -0.54
YAKUTSK    170910 300  235000-235500   00     218.88 1005.8    223.31     2.41    -0.50
YAKUTSK    170910 300  235500-240000   00     219.87 1005.8    224.19     2.81    -0.11
YAKUTSK    170911 300  000000-000500   00     218.91 1005.7    223.17     2.35    -0.58
YAKUTSK    170911 300  000500-001000   00     219.65 1005.7    223.95     2.70    -9999
YAKUTSK    170911 300  001000-001500   00     223.07 1005.7    227.44     4.31    -9999
YAKUTSK    170911 300  001500-002000   00     221.39 1005.7    225.71     3.51    -9999
YAKUTSK    170911 300  002000-002500   00     219.57 1005.7    223.89     2.68    -9999
YAKUTSK    170911 300  002500-003000   00     220.13 1005.7    224.48     2.95    -9999
YAKUTSK    170911 300  003000-003500   00     222.05 1005.7    226.45     3.85    -9999
YAKUTSK    170911 300  003500-004000   00     223.89 1005.7    228.27     4.68    -9999
YAKUTSK    170911 300  004000-004500   00     220.51 1005.7    224.80     3.09    -9999
YAKUTSK    170911 300  004500-005000   00     220.83 1005.7    225.09     3.23    -9999
YAKUTSK    170911 300  005000-005500   00     219.68 1005.7    223.89     2.68    -9999
YAKUTSK    170911 300  005500-010000   00     220.59 1005.6    224.72     3.06    -9999
YAKUTSK    170911 300  010000-010500   00     222.29 1005.6    226.43     3.84    -9999
YAKUTSK    170911 300  010500-011000   00     219.92 1005.6    224.03     2.74    -9999
YAKUTSK    170911 300  011000-011500   00     220.69 1005.6    224.83     3.11    -9999
YAKUTSK    170911 300  011500-012000   00     220.75 1005.6    224.83     3.11    -9999
YAKUTSK    170911 300  012000-012500   00     219.12 1005.6    223.23     2.37    -9999
YAKUTSK    170911 300  012500-013000   00     218.64 1005.6    222.67     2.12    -9999
YAKUTSK    170911 300  013000-013500   00     219.65 1005.5    223.65     2.57    -9999
YAKUTSK    170911 300  013500-014000   00     218.03 1005.5    221.97     1.80    -9999
YAKUTSK    170911 300  014000-014500   00     219.92 1005.5    223.87     2.67    -9999
YAKUTSK    170911 300  014500-015000   00     221.76 1005.5    225.68     3.50    -9999
YAKUTSK    170911 300  015000-015500   00     220.85 1005.4    224.72     3.06    -9999
YAKUTSK    170911 300  015500-020000   00     219.04 1005.5    222.91     2.23    -9999
YAKUTSK    170911 300  020000-020500   00     222.29 1005.5    226.24     3.75    -9999
YAKUTSK    170911 300  020500-021000   00     221.65 1005.5    225.55     3.44    -9999
YAKUTSK    170911 300  021000-021500   00     219.92 1005.4    223.76     2.62    -9999
YAKUTSK    170911 300  021500-022000   00     222.16 1005.4    225.95     3.62    -9999
YAKUTSK    170911 300  022000-022500   00     220.13 1005.3    223.84     2.65    -9999
YAKUTSK    170911 300  022500-023000   00     219.17 1005.3    222.77     2.17    -9999
YAKUTSK    170911 300  023000-023500   00     221.92 1005.3    225.55     3.44    -9999
YAKUTSK    170911 300  023500-024000   00     224.56 1005.3    228.21     4.66    -9999
YAKUTSK    170911 300  024000-024500   00     221.20 1005.3    224.77     3.08    -9999
YAKUTSK    170911 300  024500-025000   00     221.44 1005.3    225.04     3.20    -9999
YAKUTSK    170911 300  025000-025500   00     221.79 1005.2    225.31     3.33    -9999
YAKUTSK    170911 300  025500-030000   00     222.99 1005.2    226.45     3.85    -9999
YAKUTSK    170911 300  030000-030500   00     221.68 1005.1    225.04     3.20    -9999
YAKUTSK    170911 300  030500-031000   00     221.07 1005.1    224.32     2.87    -9999
YAKUTSK    170911 300  031000-031500   00     222.32 1005.0    225.49     3.41    -9999
YAKUTSK    170911 300  031500-032000   00     218.69 1005.0    221.79     1.71    -9999
YAKUTSK    170911 300  032000-032500   00     222.93 1004.9    225.97     3.63    -9999
YAKUTSK    170911 300  032500-033000   00     222.19 1004.9    225.23     3.29    -9999
YAKUTSK    170911 300  033000-033500   00     219.04 1004.9    222.05     1.83    -9999
YAKUTSK    170911 300  033500-034000   00     219.68 1004.9    222.72     2.14    -9999
YAKUTSK    170911 300  034000-034500   00     221.95 1005.0    225.04     3.20    -9999
YAKUTSK    170911 300  034500-035000   00     219.39 1005.0    222.45     2.02    -9999
YAKUTSK    170911 300  035000-035500   00     221.65 1004.9    224.72     3.06    -9999
YAKUTSK    170911 300  035500-040000   00     221.89 1004.9    224.93     3.16    -9999
YAKUTSK    170911 300  040000-040500   00     221.07 1004.9    224.03     2.74    -9999
YAKUTSK    170911 300  040500-041000   00     219.23 1004.9    222.16     1.88    -9999
YAKUTSK    170911 300  041000-041500   00     222.05 1004.9    225.01     3.19    -9999
YAKUTSK    170911 300  041500-042000   00     220.77 1004.9    223.68     2.58    -9999
YAKUTSK    170911 300  042000-042500   00     221.20 1004.8    224.03     2.74    -9999
YAKUTSK    170911 300  042500-043000   00     219.95 1004.8    222.75     2.15    -9999
YAKUTSK    170911 300  043000-043500   00     218.05 1004.8    220.85     1.28    -9999
YAKUTSK    170911 300  043500-044000   00     220.05 1004.8    222.88     2.21    -9999
YAKUTSK    170911 300  044000-044500   00     219.95 1004.8    222.75     2.15    -9999
YAKUTSK    170911 300  044500-045000   00     221.28 1004.7    224.03     2.74    -9999
YAKUTSK    170911 300  045000-045500   00     222.29 1004.8    225.09     3.23    -9999
YAKUTSK    170911 300  045500-050000   00     220.91 1004.7    223.63     2.56    -9999
YAKUTSK    170911 300  050000-050500   00     221.44 1004.7    224.13     2.79    -9999
YAKUTSK    170911 300  050500-051000   00     220.59 1004.7    223.25     2.39    -9999
YAKUTSK    170911 300  051000-051500   00     218.91 1004.7    221.52     1.59    -9999
YAKUTSK    170911 300  051500-052000   00     221.87 1004.7    224.53     2.97    -9999
YAKUTSK    170911 300  052000-052500   00     221.25 1004.7    223.87     2.67    -9999
YAKUTSK    170911 300  052500-053000   00     221.36 1004.7    223.97     2.72    -9999
YAKUTSK    170911 300  053000-053500   00     220.35 1004.6    222.88     2.21    -9999
YAKUTSK    170911 300  053500-054000   00     221.76 1004.6    224.24     2.84    -9999
YAKUTSK    170911 300  054000-054500   00     220.08 1004.5    222.48     2.03    -9999
YAKUTSK    170911 300  054500-055000   00     219.84 1004.5    222.24     1.92    -9999
YAKUTSK    170911 300  055000-055500   00     221.25 1004.5    223.63     2.56    -9999
YAKUTSK    170911 300  055500-060000   00     222.43 1004.5    224.75     3.07    -9999
YAKUTSK    170911 300  060000-060500   00     219.65 1004.4    221.89     1.76    -9999
YAKUTSK    170911 300  060500-061000   00     221.36 1004.4    223.57     2.53    -9999
YAKUTSK    170911 300  061000-061500   00     219.92 1004.4    222.11     1.86    -9999
YAKUTSK    170911 300  061500-062000   00     220.08 1004.4    222.21     1.91    -9999
YAKUTSK    170911 300  062000-062500   00     219.97 1004.4    222.11     1.86    -9999
YAKUTSK    170911 300  062500-063000   00     222.24 1004.4    224.37     2.90    -9999
YAKUTSK    170911 300  063000-063500   00     222.05 1004.3    224.16     2.80    -9999
YAKUTSK    170911 300  063500-064000   00     221.95 1004.3    224.00     2.73    -9999
YAKUTSK    170911 300  064000-064500   00     219.71 1004.3    221.73     1.69    -9999
YAKUTSK    170911 300  064500-065000   00     222.37 1004.3    224.35     2.89    -9999
YAKUTSK    170911 300  065000-065500   00     221.71 1004.2    223.63     2.56    -9999
YAKUTSK    170911 300  065500-070000   00     222.80 1004.2    224.69     3.05    -9999
YAKUTSK    170911 300  070000-070500   00     222.85 1004.2    224.72     3.06    -9999
YAKUTSK    170911 300  070500-071000   00     219.63 1004.2    221.47     1.57    -9999
YAKUTSK    170911 300  071000-071500   00     218.99 1004.2    220.85     1.28    -9999
YAKUTSK    170911 300  071500-072000   00     219.41 1004.2    221.28     1.48    -9999
YAKUTSK    170911 300  072000-072500   00     219.12 1004.2    221.01     1.36    -9999
YAKUTSK    170911 300  072500-073000   00     220.03 1004.3    222.00     1.81    -9999
YAKUTSK    170911 300  073000-073500   00     220.88 1004.3    222.88     2.21    -9999
YAKUTSK    170911 300  073500-074000   00     221.33 1004.3    223.33     2.42    -9999
YAKUTSK    170911 300  074000-074500   00     219.57 1004.3    221.57     1.61    -9999
YAKUTSK    170911 300  074500-075000   00     219.76 1004.3    221.76     1.70    -9999
YAKUTSK    170911 300  075000-075500   00     220.37 1004.3    222.37     1.98    -9999
YAKUTSK    170911 300  075500-080000   00     220.67 1004.3    222.67     2.12    -9999
YAKUTSK    170911 300  080000-080500   00     218.72 1004.3    220.75     1.24    -9999
YAKUTSK    170911 300  080500-081000   00     218.11 1004.4    220.21     0.99    -9999
YAKUTSK    170911 300  081000-081500   00     220.24 1004.4    222.37     1.98    -9999
YAKUTSK    170911 300  081500-082000   00     221.49 1004.4    223.63     2.56    -9999
YAKUTSK    170911 300  082000-082500   00     220.40 1004.4    222.56     2.07    -9999
YAKUTSK    170911 300  082500-083000   00     223.25 1004.4    225.52     3.42    -9999
YAKUTSK    170911 300  083000-083500   00     218.00 1004.4    220.19     0.98    -9999
YAKUTSK    170911 300  083500-084000   00     218.83 1004.4    220.99     1.35    -9999
YAKUTSK    170911 300  084000-084500   00     218.83 1004.4    221.01     1.36    -9999
YAKUTSK    170911 300  084500-085000   00     217.17 1004.4    219.33     0.59    -9999
YAKUTSK    170911 300  085000-085500   00     219.79 1004.4    221.95     1.79    -9999
YAKUTSK    170911 300  085500-090000   00     218.16 1004.4    220.29     1.03    -9999
YAKUTSK    170911 300  090000-090500   00     219.52 1004.4    221.71     1.68    -9999
YAKUTSK    170911 300  090500-091000   00     217.92 1004.4    220.11     0.94    -9999
YAKUTSK    170911 300  091000-091500   00     219.89 1004.4    222.13     1.87    -9999
YAKUTSK    170911 300  091500-092000   00     219.84 1004.5    222.11     1.86    -9999
YAKUTSK    170911 300  092000-092500   00     220.08 1004.5    222.45     2.02    -9999
YAKUTSK    170911 300  092500-093000   00     215.95 1004.5    218.29     0.11    -9999
YAKUTSK    170911 300  093000-093500   00     219.07 1004.6    221.49     1.58    -9999
YAKUTSK    170911 300  093500-094000   00     219.12 1004.6    221.63     1.64    -9999
YAKUTSK    170911 300  094000-094500   00     218.61 1004.7    221.25     1.47    -9999
YAKUTSK    170911 300  094500-095000   00     219.23 1004.7    221.97     1.80    -9999
YAKUTSK    170911 300  095000-095500   00     219.07 1004.8    221.87     1.75    -9999
YAKUTSK    170911 300  095500-100000   00     220.05 1004.8    222.88     2.21    -9999
YAKUTSK    170911 300  100000-100500   00     217.41 1004.8    220.21     0.99    -9999
YAKUTSK    170911 300  100500-101000   00     217.60 1004.8    220.43     1.09    -9999
YAKUTSK    170911 300  101000-101500   00     215.73 1004.9    218.61     0.26    -9999
YAKUTSK    170911 300  101500-102000   00     217.79 1004.9    220.77     1.25    -9999
YAKUTSK    170911 300  102000-102500   00     218.11 1005.0    221.17     1.43    -9999
YAKUTSK    170911 300  102500-103000   00     217.15 1005.0    220.29     1.03    -9999
YAKUTSK    170911 300  103000-103500   00     218.08 1005.1    221.39     1.53    -9999
YAKUTSK    170911 300  103500-104000   00     219.71 1005.2    223.07     2.30    -9999
YAKUTSK    170911 300  104000-104500   00     215.68 1005.2    219.09     0.48    -9999
YAKUTSK    170911 300  104500-105000   00     218.61 1005.2    222.13     1.87    -9999
YAKUTSK    170911 300  105000-105500   00     216.85 1005.3    220.37     1.06    -9999
YAKUTSK    170911 300  105500-110000   00     217.76 1005.3    221.31     1.49    -9999
YAKUTSK    170911 300  110000-110500   00     216.29 1005.3    219.79     0.80    -9999
YAKUTSK    170911 300  110500-111000   00     217.33 1005.3    220.91     1.31    -9999
YAKUTSK    170911 300  111000-111500   00     217.17 1005.3    220.77     1.25    -9999
YAKUTSK    170911 300  111500-112000   00     217.41 1005.3    221.04     1.37    -9999
YAKUTSK    170911 300  112000-112500   00     216.11 1005.4    219.76     0.78    -9999
YAKUTSK    170911 300  112500-113000   00     215.68 1005.4    219.36     0.60    -9999
YAKUTSK    170911 300  113000-113500   00     218.08 1005.4    221.84     1.74    -9999
YAKUTSK    170911 300  113500-114000   00     218.11 1005.4    221.87     1.75    -9999
YAKUTSK    170911 300  114000-114500   00     216.32 1005.4    220.08     0.93    -9999
YAKUTSK    170911 300  114500-115000   00     215.65 1005.4    219.41     0.62    -9999
YAKUTSK    170911 300  115000-115500   00     215.25 1005.5    219.07     0.47    -9999
YAKUTSK    170911 300  115500-120000   00     217.25 1005.5    221.17     1.43    -9999
YAKUTSK    170911 3600 120000-130000   00     216.26 1005.7    220.44     1.09    -9999
YAKUTSK    170911 3600 130000-140000   00     215.52 1005.9    220.09     0.93    -9999
YAKUTSK    170911 3600 140000-150000   00     215.20 1006.2    220.18     0.98    -9999
YAKUTSK    170911 3600 150000-160000   00     215.80 1006.5    221.25     1.47    -9999
YAKUTSK    170911 3600 160000-170000   00     215.57 1006.6    221.13     1.41    -9999
YAKUTSK    170911 3600 170000-180000   00     215.63 1006.6    221.32     1.50    -9999
YAKUTSK    170911 3600 180000-190000   00     215.08 1006.9    221.23     1.46    -9999
YAKUTSK    170911 3600 190000-200000   00     214.82 1007.5    221.87     1.75    -9999
YAKUTSK    170911 3600 200000-210000   00     214.71 1008.0    222.60     2.08    -9999
YAKUTSK    170911 3600 210000-220000   00     214.06 1008.5    222.67     2.12    -9999
YAKUTSK    170911 3600 220000-230000   00     213.69 1008.8    222.76     2.16    -9999
YAKUTSK    170911 3600 230000-240000   00     213.82 1009.0    223.27     2.39    -9999
*
COMMENT UNIVERISTY OF OULU: FILE GENERATED FROM DATABASE AND OBTAINED FROM
COMMENT https://gle.oulu.fi at 2025-01-11 16:21:59 +00:00
COMMENT FOR HISTORICAL/ORIGINAL TEXT FILES SEE https://gle.oulu.fi/txtarchive/
COMMENT ORIGINAL AT https://gle.oulu.fi/txtarchive/GLE72/C072YKTK_cor.DAT
COMMENT DETRENDED DATA SHOW -9999 IF EQUAL TO INC% COLUMN 