JUNGFRAU1  LATITUDE    46.55     LONGITUDE     7.98      ALTITUDE    3570 M
JUNGFRAU1  INSTRUMENT   IGY     NEUTRON MONITOR
JUNGFRAU1  STANDARD PRESSURE    642.5   MB     COEFFICIENT   -0.72     % / MB
JUNGFRAU1  PRE-INCREASE BASELINE TIME INTERVAL    170910    140000-160000   UT
JUNGFRAU1  PRE-INCREASE AVERAGE COUNTING RATE    376.01      COUNTS PER SECOND
JUNGFRAU1  TIME INTERVALS    300         3600     
JUNGFRAU1  SCALE FACTORS     1           1        
STATION    YYMMDD  SEC   TIME (UT)   CODE    UNCORR. PRESS.    CORR.    % INC.	DETRENDED
                         INTERVAL    TD      C/S     (MB)      C/S
JUNGFRAU1  170909 3600 000000-010000   00     325.02  662.6    374.38    -0.43    -9999
JUNGFRAU1  170909 3600 010000-020000   00     327.52  662.0    375.31    -0.19    -9999
JUNGFRAU1  170909 3600 020000-030000   00     328.38  661.4    374.96    -0.28    -9999
JUNGFRAU1  170909 3600 030000-040000   00     329.58  660.7    374.61    -0.37    -9999
JUNGFRAU1  170909 3600 040000-050000   00     331.62  660.2    375.46    -0.15    -9999
JUNGFRAU1  170909 3600 050000-060000   00     332.75  659.8    375.52    -0.13    -9999
JUNGFRAU1  170909 3600 060000-070000   00     333.53  659.6    375.86    -0.04    -9999
JUNGFRAU1  170909 3600 070000-080000   00     333.34  659.3    374.92    -0.29    -9999
JUNGFRAU1  170909 3600 080000-090000   00     332.20  659.2    373.64    -0.63    -9999
JUNGFRAU1  170909 3600 090000-100000   00     332.14  659.0    372.75    -0.87    -9999
JUNGFRAU1  170909 3600 100000-110000   00     332.61  658.8    372.48    -0.94    -9999
JUNGFRAU1  170909 3600 110000-120000   00     333.93  658.3    372.98    -0.81    -9999
JUNGFRAU1  170909 3600 120000-130000   00     333.67  658.0    371.82    -1.11    -9999
JUNGFRAU1  170909 3600 130000-140000   00     333.96  657.8    371.66    -1.16    -9999
JUNGFRAU1  170909 3600 140000-150000   00     335.41  657.5    372.44    -0.95    -9999
JUNGFRAU1  170909 3600 150000-160000   00     335.43  657.3    371.76    -1.13    -9999
JUNGFRAU1  170909 3600 160000-170000   00     334.33  656.9    369.56    -1.72    -9999
JUNGFRAU1  170909 3600 170000-180000   00     334.53  656.8    369.55    -1.72    -9999
JUNGFRAU1  170909 3600 180000-190000   00     333.96  656.8    368.83    -1.91    -9999
JUNGFRAU1  170909 3600 190000-200000   00     334.52  656.8    369.46    -1.74    -9999
JUNGFRAU1  170909 3600 200000-210000   00     334.47  656.6    369.06    -1.85    -9999
JUNGFRAU1  170909 3600 210000-220000   00     335.85  656.4    369.75    -1.67    -9999
JUNGFRAU1  170909 3600 220000-230000   00     339.15  656.1    372.78    -0.86    -9999
JUNGFRAU1  170909 3600 230000-240000   00     340.68  656.0    374.09    -0.51    -9999
JUNGFRAU1  170910 3600 000000-010000   00     342.78  655.7    375.38    -0.17    -9999
JUNGFRAU1  170910 3600 010000-020000   00     342.27  655.6    374.86    -0.31    -9999
JUNGFRAU1  170910 3600 020000-030000   00     341.42  656.0    374.93    -0.29    -9999
JUNGFRAU1  170910 3600 030000-040000   00     341.22  656.1    374.84    -0.31    -9999
JUNGFRAU1  170910 3600 040000-050000   00     340.60  656.3    374.67    -0.36    -9999
JUNGFRAU1  170910 3600 050000-060000   00     341.04  656.6    376.25     0.06    -9999
JUNGFRAU1  170910 3600 060000-070000   00     339.43  656.9    375.29    -0.19    -9999
JUNGFRAU1  170910 3600 070000-080000   00     339.74  657.1    376.09     0.02    -9999
JUNGFRAU1  170910 3600 080000-090000   00     338.94  657.5    376.30     0.08    -9999
JUNGFRAU1  170910 3600 090000-100000   00     336.72  658.1    375.28    -0.19    -9999
JUNGFRAU1  170910 3600 100000-110000   00     338.09  658.1    376.96     0.25    -9999
JUNGFRAU1  170910 3600 110000-120000   00     336.75  658.4    376.40     0.10    -9999
JUNGFRAU1  170910 300  120000-120500   00     336.28  658.8    376.92     0.24    -9999
JUNGFRAU1  170910 300  120500-121000   00     335.16  658.8    375.67    -0.09    -9999
JUNGFRAU1  170910 300  121000-121500   00     334.49  658.8    375.01    -0.27    -9999
JUNGFRAU1  170910 300  121500-122000   00     334.51  658.9    375.20    -0.22    -9999
JUNGFRAU1  170910 300  122000-122500   00     333.12  658.9    372.16    -1.02    -9999
JUNGFRAU1  170910 300  122500-123000   00     334.20  659.0    375.10    -0.24    -9999
JUNGFRAU1  170910 300  123000-123500   00     338.36  659.0    379.85     1.02    -9999
JUNGFRAU1  170910 300  123500-124000   00     336.93  659.1    378.50     0.66    -9999
JUNGFRAU1  170910 300  124000-124500   00     334.65  659.2    376.19     0.05    -9999
JUNGFRAU1  170910 300  124500-125000   00     334.02  659.1    375.30    -0.19    -9999
JUNGFRAU1  170910 300  125000-125500   00     337.91  659.1    378.69     0.71    -9999
JUNGFRAU1  170910 300  125500-130000   00     337.20  659.1    378.74     0.73    -9999
JUNGFRAU1  170910 300  130000-130500   00     333.28  659.2    374.55    -0.39    -9999
JUNGFRAU1  170910 300  130500-131000   00     335.08  659.2    376.61     0.16    -9999
JUNGFRAU1  170910 300  131000-131500   00     335.98  659.2    377.64     0.43    -9999
JUNGFRAU1  170910 300  131500-132000   00     337.00  659.3    379.00     0.80    -9999
JUNGFRAU1  170910 300  132000-132500   00     334.26  659.3    376.00     0.00    -9999
JUNGFRAU1  170910 300  132500-133000   00     331.74  659.4    373.41    -0.69    -9999
JUNGFRAU1  170910 300  133000-133500   00     336.04  659.4    378.26     0.60    -9999
JUNGFRAU1  170910 300  133500-134000   00     333.29  659.4    376.01     0.00    -9999
JUNGFRAU1  170910 300  134000-134500   00     338.50  659.4    376.93     0.24    -9999
JUNGFRAU1  170910 300  134500-135000   00     335.45  659.3    377.35     0.36    -9999
JUNGFRAU1  170910 300  135000-135500   00     334.72  659.3    376.59     0.15    -9999
JUNGFRAU1  170910 300  135500-140000   00     334.28  659.4    376.16     0.04    -9999
JUNGFRAU1  170910 300  140000-140500   00     335.01  659.4    377.07     0.28    -9999
JUNGFRAU1  170910 300  140500-141000   00     333.25  659.3    374.83    -0.31    -9999
JUNGFRAU1  170910 300  141000-141500   00     334.87  659.3    376.67     0.17    -9999
JUNGFRAU1  170910 300  141500-142000   00     333.16  659.2    374.57    -0.38    -9999
JUNGFRAU1  170910 300  142000-142500   00     333.52  659.3    375.06    -0.25    -9999
JUNGFRAU1  170910 300  142500-143000   00     331.97  659.2    373.13    -0.77    -9999
JUNGFRAU1  170910 300  143000-143500   00     336.35  659.2    378.13     0.56    -9999
JUNGFRAU1  170910 300  143500-144000   00     336.32  659.3    378.30     0.61    -9999
JUNGFRAU1  170910 300  144000-144500   00     334.38  659.4    376.34     0.09    -9999
JUNGFRAU1  170910 300  144500-145000   00     335.12  659.5    377.49     0.39    -9999
JUNGFRAU1  170910 300  145000-145500   00     333.30  659.5    375.46    -0.15    -9999
JUNGFRAU1  170910 300  145500-150000   00     330.13  659.6    373.45    -0.68    -9999
JUNGFRAU1  170910 300  150000-150500   00     333.96  659.5    376.33     0.08    -9999
JUNGFRAU1  170910 300  150500-151000   00     330.90  659.6    373.14    -0.76    -9999
JUNGFRAU1  170910 300  151000-151500   00     335.91  659.7    378.94     0.78    -9999
JUNGFRAU1  170910 300  151500-152000   00     334.37  659.7    377.24     0.33    -9999
JUNGFRAU1  170910 300  152000-152500   00     333.80  659.7    376.60     0.16    -9999
JUNGFRAU1  170910 300  152500-153000   00     331.04  659.7    373.33    -0.71    -9999
JUNGFRAU1  170910 300  153000-153500   00     332.49  659.6    374.92    -0.29    -9999
JUNGFRAU1  170910 300  153500-154000   00     333.97  659.7    376.72     0.19    -9999
JUNGFRAU1  170910 300  154000-154500   00     333.04  659.7    375.70    -0.08    -9999
JUNGFRAU1  170910 300  154500-155000   00     332.98  659.7    375.71    -0.08    -9999
JUNGFRAU1  170910 300  155000-155500   00     336.71  659.8    380.11     1.09    -9999
JUNGFRAU1  170910 300  155500-160000   00     332.45  659.7    375.04    -0.26    -9999
JUNGFRAU1  170910 300  160000-160500   00     331.92  659.8    374.57    -0.38    -9999
JUNGFRAU1  170910 300  160500-161000   00     330.38  659.8    372.97    -0.81    -9999
JUNGFRAU1  170910 300  161000-161500   00     332.22  659.8    375.06    -0.25    -9999
JUNGFRAU1  170910 300  161500-162000   00     335.81  659.8    379.10     0.82    -9999
JUNGFRAU1  170910 300  162000-162500   00     330.29  659.8    372.89    -0.83    -9999
JUNGFRAU1  170910 300  162500-163000   00     334.81  659.8    378.02     0.53    -9999
JUNGFRAU1  170910 300  163000-163500   00     335.70  659.9    379.20     0.85    -9999
JUNGFRAU1  170910 300  163500-164000   00     335.54  659.9    379.07     0.81    -9999
JUNGFRAU1  170910 300  164000-164500   00     333.36  659.9    376.62     0.16    -9999
JUNGFRAU1  170910 300  164500-165000   00     331.41  659.9    374.39    -0.43    -9999
JUNGFRAU1  170910 300  165000-165500   00     333.53  659.9    376.83     0.22    -9999
JUNGFRAU1  170910 300  165500-170000   00     334.79  659.9    378.16     0.57    -9999
JUNGFRAU1  170910 300  170000-170500   00     331.55  659.9    374.57    -0.38    -9999
JUNGFRAU1  170910 300  170500-171000   00     333.64  659.9    377.00     0.26    -9999
JUNGFRAU1  170910 300  171000-171500   00     336.55  660.0    380.47     1.19    -9999
JUNGFRAU1  170910 300  171500-172000   00     334.29  659.9    377.77     0.47    -9999
JUNGFRAU1  170910 300  172000-172500   00     334.28  660.0    377.92     0.51    -9999
JUNGFRAU1  170910 300  172500-173000   00     334.91  660.0    378.65     0.70    -9999
JUNGFRAU1  170910 300  173000-173500   00     332.84  660.0    376.29     0.07    -9999
JUNGFRAU1  170910 300  173500-174000   00     333.90  660.0    377.56     0.41    -9999
JUNGFRAU1  170910 300  174000-174500   00     330.04  660.0    373.16    -0.76    -9999
JUNGFRAU1  170910 300  174500-175000   00     332.62  660.1    376.27     0.07    -9999
JUNGFRAU1  170910 300  175000-175500   00     331.76  660.1    375.23    -0.21    -9999
JUNGFRAU1  170910 300  175500-180000   00     330.50  660.2    374.08    -0.51    -9999
JUNGFRAU1  170910 300  180000-180500   00     331.40  660.2    375.24    -0.21    -9999
JUNGFRAU1  170910 300  180500-181000   00     328.74  660.3    372.46    -0.94    -9999
JUNGFRAU1  170910 300  181000-181500   00     333.36  660.3    377.80     0.48    -9999
JUNGFRAU1  170910 300  181500-182000   00     331.26  660.4    375.70    -0.08    -9999
JUNGFRAU1  170910 300  182000-182500   00     332.76  660.5    377.56     0.41    -9999
JUNGFRAU1  170910 300  182500-183000   00     331.04  660.5    375.57    -0.12    -9999
JUNGFRAU1  170910 300  183000-183500   00     334.21  660.5    379.22     0.85    -9999
JUNGFRAU1  170910 300  183500-184000   00     332.90  660.5    377.82     0.48    -9999
JUNGFRAU1  170910 300  184000-184500   00     331.29  660.6    376.16     0.04    -9999
JUNGFRAU1  170910 300  184500-185000   00     332.51  660.6    377.54     0.41    -9999
JUNGFRAU1  170910 300  185000-185500   00     334.57  660.6    379.85     1.02    -9999
JUNGFRAU1  170910 300  185500-190000   00     333.99  660.7    378.59     0.69    -9999
JUNGFRAU1  170910 300  190000-190500   00     329.79  660.7    374.71    -0.35    -9999
JUNGFRAU1  170910 300  190500-191000   00     328.00  660.8    372.97    -0.81    -9999
JUNGFRAU1  170910 300  191000-191500   00     330.55  660.8    375.85    -0.04    -9999
JUNGFRAU1  170910 300  191500-192000   00     329.19  660.8    374.31    -0.45    -9999
JUNGFRAU1  170910 300  192000-192500   00     333.51  660.7    379.04     0.81    -9999
JUNGFRAU1  170910 300  192500-193000   00     330.65  660.8    375.89    -0.03    -9999
JUNGFRAU1  170910 300  193000-193500   00     330.27  660.8    375.50    -0.14    -9999
JUNGFRAU1  170910 300  193500-194000   00     330.08  660.8    375.32    -0.18    -9999
JUNGFRAU1  170910 300  194000-194500   00     331.12  660.8    376.60     0.16    -9999
JUNGFRAU1  170910 300  194500-195000   00     331.67  660.8    377.15     0.30    -9999
JUNGFRAU1  170910 300  195000-195500   00     329.29  660.8    374.40    -0.43    -9999
JUNGFRAU1  170910 300  195500-200000   00     330.54  660.8    375.84    -0.05    -9999
JUNGFRAU1  170910 300  200000-200500   00     329.95  660.8    375.14    -0.23    -9999
JUNGFRAU1  170910 300  200500-201000   00     331.77  660.8    377.24     0.33    -9999
JUNGFRAU1  170910 300  201000-201500   00     329.24  660.8    374.24    -0.47    -9999
JUNGFRAU1  170910 300  201500-202000   00     331.19  660.7    376.40     0.10    -9999
JUNGFRAU1  170910 300  202000-202500   00     330.63  660.8    375.95    -0.02    -9999
JUNGFRAU1  170910 300  202500-203000   00     332.94  660.8    378.60     0.69    -9999
JUNGFRAU1  170910 300  203000-203500   00     332.55  660.7    377.81     0.48    -9999
JUNGFRAU1  170910 300  203500-204000   00     330.85  660.7    375.91    -0.03    -9999
JUNGFRAU1  170910 300  204000-204500   00     331.29  660.7    376.45     0.12    -9999
JUNGFRAU1  170910 300  204500-205000   00     331.58  660.7    376.78     0.20    -9999
JUNGFRAU1  170910 300  205000-205500   00     333.37  660.7    378.82     0.75    -9999
JUNGFRAU1  170910 300  205500-210000   00     331.79  660.8    377.16     0.31    -9999
JUNGFRAU1  170910 300  210000-210500   00     329.90  660.8    375.11    -0.24    -9999
JUNGFRAU1  170910 300  210500-211000   00     330.80  660.8    376.12     0.03    -9999
JUNGFRAU1  170910 300  211000-211500   00     335.58  660.8    381.59     1.48    -9999
JUNGFRAU1  170910 300  211500-212000   00     335.01  660.8    380.93     1.31    -9999
JUNGFRAU1  170910 300  212000-212500   00     331.80  660.8    377.25     0.33    -9999
JUNGFRAU1  170910 300  212500-213000   00     334.59  660.8    380.42     1.17    -9999
JUNGFRAU1  170910 300  213000-213500   00     329.80  660.8    375.01    -0.27    -9999
JUNGFRAU1  170910 300  213500-214000   00     331.42  660.8    376.88     0.23    -9999
JUNGFRAU1  170910 300  214000-214500   00     330.53  660.9    376.13     0.03    -9999
JUNGFRAU1  170910 300  214500-215000   00     330.56  660.9    376.11     0.03    -9999
JUNGFRAU1  170910 300  215000-215500   00     334.17  660.8    380.09     1.08    -9999
JUNGFRAU1  170910 300  215500-220000   00     334.93  660.8    380.76     1.26    -9999
JUNGFRAU1  170910 300  220000-220500   00     334.67  660.7    380.34     1.15    -9999
JUNGFRAU1  170910 300  220500-221000   00     333.13  660.7    378.48     0.66    -9999
JUNGFRAU1  170910 300  221000-221500   00     332.85  660.6    378.04     0.54    -9999
JUNGFRAU1  170910 300  221500-222000   00     332.28  660.6    377.26     0.33    -9999
JUNGFRAU1  170910 300  222000-222500   00     333.75  660.6    378.92     0.77    -9999
JUNGFRAU1  170910 300  222500-223000   00     333.66  660.6    378.85     0.76    -9999
JUNGFRAU1  170910 300  223000-223500   00     331.94  660.6    376.86     0.23    -9999
JUNGFRAU1  170910 300  223500-224000   00     332.57  660.7    377.76     0.46    -9999
JUNGFRAU1  170910 300  224000-224500   00     333.12  660.6    378.25     0.60    -9999
JUNGFRAU1  170910 300  224500-225000   00     331.44  660.6    376.32     0.08    -9999
JUNGFRAU1  170910 300  225000-225500   00     334.57  660.6    379.89     1.03    -9999
JUNGFRAU1  170910 300  225500-230000   00     333.50  660.6    378.68     0.71    -9999
JUNGFRAU1  170910 300  230000-230500   00     334.06  660.6    379.32     0.88    -9999
JUNGFRAU1  170910 300  230500-231000   00     335.22  660.5    380.41     1.17    -9999
JUNGFRAU1  170910 300  231000-231500   00     333.63  660.5    378.56     0.68    -9999
JUNGFRAU1  170910 300  231500-232000   00     332.06  660.5    376.77     0.20    -9999
JUNGFRAU1  170910 300  232000-232500   00     333.14  660.5    378.01     0.53    -9999
JUNGFRAU1  170910 300  232500-233000   00     335.24  660.4    380.16     1.10    -9999
JUNGFRAU1  170910 300  233000-233500   00     334.27  660.3    378.83     0.75    -9999
JUNGFRAU1  170910 300  233500-234000   00     333.34  660.3    377.66     0.44    -9999
JUNGFRAU1  170910 300  234000-234500   00     334.67  660.3    379.11     0.82    -9999
JUNGFRAU1  170910 300  234500-235000   00     333.57  660.2    377.59     0.42    -9999
JUNGFRAU1  170910 300  235000-235500   00     332.15  660.1    375.82    -0.05    -9999
JUNGFRAU1  170910 300  235500-240000   00     333.92  660.1    377.81     0.48    -9999
JUNGFRAU1  170911 300  000000-000500   00     333.16  660.1    376.90     0.24    -9999
JUNGFRAU1  170911 300  000500-001000   00     335.54  660.2    379.87     1.03    -9999
JUNGFRAU1  170911 300  001000-001500   00     334.33  660.2    378.52     0.67    -9999
JUNGFRAU1  170911 300  001500-002000   00     333.10  660.1    376.96     0.25    -9999
JUNGFRAU1  170911 300  002000-002500   00     334.17  660.0    377.82     0.48    -9999
JUNGFRAU1  170911 300  002500-003000   00     336.17  660.0    380.11     1.09    -9999
JUNGFRAU1  170911 300  003000-003500   00     335.37  660.0    379.15     0.83    -9999
JUNGFRAU1  170911 300  003500-004000   00     333.33  660.0    376.84     0.22    -9999
JUNGFRAU1  170911 300  004000-004500   00     336.53  660.0    380.37     1.16    -9999
JUNGFRAU1  170911 300  004500-005000   00     336.00  660.0    379.67     0.97    -9999
JUNGFRAU1  170911 300  005000-005500   00     334.67  660.0    378.35     0.62    -9999
JUNGFRAU1  170911 300  005500-010000   00     336.61  660.0    380.53     1.20    -9999
JUNGFRAU1  170911 300  010000-010500   00     335.14  660.0    379.03     0.80    -9999
JUNGFRAU1  170911 300  010500-011000   00     335.21  660.1    379.21     0.85    -9999
JUNGFRAU1  170911 300  011000-011500   00     334.33  660.1    378.24     0.59    -9999
JUNGFRAU1  170911 300  011500-012000   00     333.59  660.2    377.67     0.44    -9999
JUNGFRAU1  170911 300  012000-012500   00     335.62  660.2    380.01     1.06    -9999
JUNGFRAU1  170911 300  012500-013000   00     336.07  660.2    380.46     1.18    -9999
JUNGFRAU1  170911 300  013000-013500   00     333.55  660.2    377.62     0.43    -9999
JUNGFRAU1  170911 300  013500-014000   00     334.36  660.2    378.45     0.65    -9999
JUNGFRAU1  170911 300  014000-014500   00     335.15  660.1    379.20     0.85    -9999
JUNGFRAU1  170911 300  014500-015000   00     335.51  660.2    379.76     1.00    -9999
JUNGFRAU1  170911 300  015000-015500   00     333.51  660.1    377.33     0.35    -9999
JUNGFRAU1  170911 300  015500-020000   00     335.58  660.0    379.44     0.91    -9999
JUNGFRAU1  170911 300  020000-020500   00     334.70  660.0    378.29     0.61    -9999
JUNGFRAU1  170911 300  020500-021000   00     343.10  659.9    381.03     1.33    -9999
JUNGFRAU1  170911 300  021000-021500   00     336.90  659.9    380.64     1.23    -9999
JUNGFRAU1  170911 300  021500-022000   00     338.17  659.9    382.07     1.61    -9999
JUNGFRAU1  170911 300  022000-022500   00     335.95  659.9    379.46     0.92    -9999
JUNGFRAU1  170911 300  022500-023000   00     336.69  659.9    380.25     1.13    -9999
JUNGFRAU1  170911 300  023000-023500   00     336.91  659.9    380.55     1.21    -9999
JUNGFRAU1  170911 300  023500-024000   00     334.17  659.9    377.39     0.37    -9999
JUNGFRAU1  170911 300  024000-024500   00     334.92  659.8    378.08     0.55    -9999
JUNGFRAU1  170911 300  024500-025000   00     334.82  659.8    377.97     0.52    -9999
JUNGFRAU1  170911 300  025000-025500   00     340.38  659.9    384.44     2.24    -9999
JUNGFRAU1  170911 300  025500-030000   00     333.31  659.9    376.56     0.15    -9999
JUNGFRAU1  170911 300  030000-030500   00     337.77  659.8    381.41     1.44    -9999
JUNGFRAU1  170911 300  030500-031000   00     333.24  659.8    376.22     0.05    -9999
JUNGFRAU1  170911 300  031000-031500   00     336.45  659.8    379.81     1.01    -9999
JUNGFRAU1  170911 300  031500-032000   00     335.65  659.8    378.88     0.76    -9999
JUNGFRAU1  170911 300  032000-032500   00     336.15  659.8    379.47     0.92    -9999
JUNGFRAU1  170911 300  032500-033000   00     337.52  659.9    381.26     1.39    -9999
JUNGFRAU1  170911 300  033000-033500   00     333.20  659.9    376.39     0.10    -9999
JUNGFRAU1  170911 300  033500-034000   00     337.28  659.9    381.06     1.34    -9999
JUNGFRAU1  170911 300  034000-034500   00     333.56  659.9    376.69     0.18    -9999
JUNGFRAU1  170911 300  034500-035000   00     335.65  659.8    378.88     0.76    -9999
JUNGFRAU1  170911 300  035000-035500   00     336.38  659.8    379.72     0.99    -9999
JUNGFRAU1  170911 300  035500-040000   00     336.87  659.8    380.31     1.14    -9999
JUNGFRAU1  170911 300  040000-040500   00     336.93  659.7    380.14     1.10    -9999
JUNGFRAU1  170911 300  040500-041000   00     339.88  659.7    383.38     1.96    -9999
JUNGFRAU1  170911 300  041000-041500   00     337.30  659.7    380.38     1.16    -9999
JUNGFRAU1  170911 300  041500-042000   00     338.40  659.6    381.48     1.46    -9999
JUNGFRAU1  170911 300  042000-042500   00     335.52  659.6    378.17     0.57    -9999
JUNGFRAU1  170911 300  042500-043000   00     340.29  659.6    383.55     2.01    -9999
JUNGFRAU1  170911 300  043000-043500   00     340.73  659.5    383.84     2.08    -9999
JUNGFRAU1  170911 300  043500-044000   00     337.01  659.5    379.70     0.98    -9999
JUNGFRAU1  170911 300  044000-044500   00     336.17  659.6    378.98     0.79    -9999
JUNGFRAU1  170911 300  044500-045000   00     337.14  659.6    379.99     1.06    -9999
JUNGFRAU1  170911 300  045000-045500   00     336.24  659.5    378.77     0.73    -9999
JUNGFRAU1  170911 300  045500-050000   00     339.07  659.4    381.79     1.54    -9999
JUNGFRAU1  170911 300  050000-050500   00     339.26  659.5    382.21     1.65    -9999
JUNGFRAU1  170911 300  050500-051000   00     336.02  659.5    378.48     0.66    -9999
JUNGFRAU1  170911 300  051000-051500   00     339.54  659.5    381.10     1.35    -9999
JUNGFRAU1  170911 300  051500-052000   00     338.02  659.5    380.76     1.26    -9999
JUNGFRAU1  170911 300  052000-052500   00     336.65  659.5    379.22     0.85    -9999
JUNGFRAU1  170911 300  052500-053000   00     337.61  659.4    380.08     1.08    -9999
JUNGFRAU1  170911 300  053000-053500   00     341.12  659.5    380.78     1.27    -9999
JUNGFRAU1  170911 300  053500-054000   00     337.41  659.5    380.01     1.06    -9999
JUNGFRAU1  170911 300  054000-054500   00     339.29  659.5    382.23     1.66    -9999
JUNGFRAU1  170911 300  054500-055000   00     338.43  659.6    381.52     1.47    -9999
JUNGFRAU1  170911 300  055000-055500   00     335.71  659.6    378.38     0.63    -9999
JUNGFRAU1  170911 300  055500-060000   00     335.40  659.6    378.12     0.56    -9999
JUNGFRAU1  170911 300  060000-060500   00     338.63  659.6    381.76     1.53    -9999
JUNGFRAU1  170911 300  060500-061000   00     336.92  659.6    379.79     1.00    -9999
JUNGFRAU1  170911 300  061000-061500   00     339.81  659.6    382.93     1.84    -9999
JUNGFRAU1  170911 300  061500-062000   00     338.94  659.6    381.94     1.58    -9999
JUNGFRAU1  170911 300  062000-062500   00     337.66  659.5    380.44     1.18    -9999
JUNGFRAU1  170911 300  062500-063000   00     340.40  659.5    383.43     1.97    -9999
JUNGFRAU1  170911 300  063000-063500   00     334.54  659.5    376.76     0.20    -9999
JUNGFRAU1  170911 300  063500-064000   00     339.12  659.5    381.92     1.57    -9999
JUNGFRAU1  170911 300  064000-064500   00     336.94  659.3    379.09     0.82    -9999
JUNGFRAU1  170911 300  064500-065000   00     340.83  659.4    383.64     2.03    -9999
JUNGFRAU1  170911 300  065000-065500   00     338.52  659.4    380.96     1.32    -9999
JUNGFRAU1  170911 300  065500-070000   00     338.84  659.4    381.36     1.42    -9999
JUNGFRAU1  170911 300  070000-070500   00     339.15  659.4    381.63     1.49    -9999
JUNGFRAU1  170911 300  070500-071000   00     339.23  659.4    381.84     1.55    -9999
JUNGFRAU1  170911 300  071000-071500   00     337.48  659.4    379.87     1.03    -9999
JUNGFRAU1  170911 300  071500-072000   00     340.54  659.4    383.39     1.96    -9999
JUNGFRAU1  170911 300  072000-072500   00     339.43  659.5    382.38     1.69    -9999
JUNGFRAU1  170911 300  072500-073000   00     335.68  659.5    378.21     0.59    -9999
JUNGFRAU1  170911 300  073000-073500   00     342.29  659.4    385.33     2.48    -9999
JUNGFRAU1  170911 300  073500-074000   00     338.54  659.5    381.24     1.39    -9999
JUNGFRAU1  170911 300  074000-074500   00     340.19  659.5    383.32     1.94    -9999
JUNGFRAU1  170911 300  074500-075000   00     342.15  659.6    385.62     2.55    -9999
JUNGFRAU1  170911 300  075000-075500   00     339.60  659.5    382.59     1.75    -9999
JUNGFRAU1  170911 300  075500-080000   00     336.11  659.4    378.38     0.63    -9999
JUNGFRAU1  170911 300  080000-080500   00     340.32  659.4    382.96     1.85    -9999
JUNGFRAU1  170911 300  080500-081000   00     339.20  659.2    381.36     1.42    -9999
JUNGFRAU1  170911 300  081000-081500   00     336.85  659.4    379.24     0.86    -9999
JUNGFRAU1  170911 300  081500-082000   00     342.47  659.3    385.25     2.46    -9999
JUNGFRAU1  170911 300  082000-082500   00     340.03  659.4    382.62     1.76    -9999
JUNGFRAU1  170911 300  082500-083000   00     337.89  659.4    380.41     1.17    -9999
JUNGFRAU1  170911 300  083000-083500   00     341.36  659.4    384.32     2.21    -9999
JUNGFRAU1  170911 300  083500-084000   00     340.67  659.4    383.46     1.98    -9999
JUNGFRAU1  170911 300  084000-084500   00     338.99  659.4    381.60     1.49    -9999
JUNGFRAU1  170911 300  084500-085000   00     339.41  659.3    381.87     1.56    -9999
JUNGFRAU1  170911 300  085000-085500   00     340.38  659.4    383.29     1.94    -9999
JUNGFRAU1  170911 300  085500-090000   00     341.83  659.4    384.74     2.32    -9999
JUNGFRAU1  170911 300  090000-090500   00     337.76  659.4    380.31     1.14    -9999
JUNGFRAU1  170911 300  090500-091000   00     338.83  659.4    381.42     1.44    -9999
JUNGFRAU1  170911 300  091000-091500   00     339.12  659.4    381.69     1.51    -9999
JUNGFRAU1  170911 300  091500-092000   00     340.29  659.5    383.17     1.90    -9999
JUNGFRAU1  170911 300  092000-092500   00     337.69  659.5    380.34     1.15    -9999
JUNGFRAU1  170911 300  092500-093000   00     339.62  659.4    382.34     1.68    -9999
JUNGFRAU1  170911 300  093000-093500   00     340.05  659.4    382.77     1.80    -9999
JUNGFRAU1  170911 300  093500-094000   00     338.31  659.4    380.70     1.25    -9999
JUNGFRAU1  170911 300  094000-094500   00     340.18  659.4    382.88     1.83    -9999
JUNGFRAU1  170911 300  094500-095000   00     339.28  659.3    381.68     1.51    -9999
JUNGFRAU1  170911 300  095000-095500   00     340.64  659.4    383.48     1.99    -9999
JUNGFRAU1  170911 300  095500-100000   00     338.79  659.4    381.38     1.43    -9999
JUNGFRAU1  170911 300  100000-100500   00     339.29  659.4    381.92     1.57    -9999
JUNGFRAU1  170911 300  100500-101000   00     342.98  659.3    385.89     2.63    -9999
JUNGFRAU1  170911 300  101000-101500   00     340.23  659.2    382.36     1.69    -9999
JUNGFRAU1  170911 300  101500-102000   00     342.01  659.2    384.41     2.23    -9999
JUNGFRAU1  170911 300  102000-102500   00     341.72  659.2    383.98     2.12    -9999
JUNGFRAU1  170911 300  102500-103000   00     340.91  659.2    383.12     1.89    -9999
JUNGFRAU1  170911 300  103000-103500   00     340.51  659.1    382.36     1.69    -9999
JUNGFRAU1  170911 300  103500-104000   00     341.92  659.1    384.18     2.17    -9999
JUNGFRAU1  170911 300  104000-104500   00     339.39  659.2    381.45     1.45    -9999
JUNGFRAU1  170911 300  104500-105000   00     340.11  659.2    382.34     1.68    -9999
JUNGFRAU1  170911 300  105000-105500   00     343.09  659.2    385.67     2.57    -9999
JUNGFRAU1  170911 300  105500-110000   00     339.52  659.2    381.70     1.51    -9999
JUNGFRAU1  170911 300  110000-110500   00     337.02  659.3    378.97     0.79    -9999
JUNGFRAU1  170911 300  110500-111000   00     338.88  659.2    380.96     1.32    -9999
JUNGFRAU1  170911 300  111000-111500   00     338.24  659.4    380.62     1.22    -9999
JUNGFRAU1  170911 300  111500-112000   00     339.34  659.3    381.81     1.54    -9999
JUNGFRAU1  170911 300  112000-112500   00     340.04  659.5    382.91     1.83    -9999
JUNGFRAU1  170911 300  112500-113000   00     339.03  659.5    381.80     1.54    -9999
JUNGFRAU1  170911 300  113000-113500   00     339.53  659.5    382.34     1.68    -9999
JUNGFRAU1  170911 300  113500-114000   00     338.08  659.4    380.68     1.24    -9999
JUNGFRAU1  170911 300  114000-114500   00     337.15  659.5    379.82     1.01    -9999
JUNGFRAU1  170911 300  114500-115000   00     337.01  659.4    379.24     0.86    -9999
JUNGFRAU1  170911 300  115000-115500   00     337.81  659.4    380.18     1.11    -9999
JUNGFRAU1  170911 300  115500-120000   00     335.24  659.4    377.21     0.32    -9999
JUNGFRAU1  170911 3600 120000-130000   00     338.09  659.3    380.27     1.13    -9999
JUNGFRAU1  170911 3600 130000-140000   00     338.42  659.5    381.09     1.35    -9999
JUNGFRAU1  170911 3600 140000-150000   00     337.50  659.4    379.80     1.01    -9999
JUNGFRAU1  170911 3600 150000-160000   00     337.75  659.4    379.81     1.01    -9999
JUNGFRAU1  170911 3600 160000-170000   00     337.22  659.4    379.52     0.93    -9999
JUNGFRAU1  170911 3600 170000-180000   00     336.53  659.4    378.92     0.77    -9999
JUNGFRAU1  170911 3600 180000-190000   00     333.46  659.8    376.34     0.09    -9999
JUNGFRAU1  170911 3600 190000-200000   00     333.87  660.0    377.53     0.40    -9999
JUNGFRAU1  170911 3600 200000-210000   00     334.10  660.1    378.09     0.55    -9999
JUNGFRAU1  170911 3600 210000-220000   00     335.83  660.1    379.96     1.05    -9999
JUNGFRAU1  170911 3600 220000-230000   00     335.77  659.9    379.33     0.88    -9999
JUNGFRAU1  170911 3600 230000-240000   00     338.14  659.5    380.99     1.32    -9999
*
COMMENT UNIVERISTY OF OULU: FILE GENERATED FROM DATABASE AND OBTAINED FROM
COMMENT https://gle.oulu.fi at 2025-01-11 16:21:59 +00:00
COMMENT FOR HISTORICAL/ORIGINAL TEXT FILES SEE https://gle.oulu.fi/txtarchive/
COMMENT ORIGINAL AT https://gle.oulu.fi/txtarchive/GLE72/C072JUN1.DAT
COMMENT DETRENDED DATA SHOW -9999 IF EQUAL TO INC% COLUMN 