INUVIK     LATITUDE    68.35     LONGITUDE     -133.72   ALTITUDE    21 M
INUVIK     INSTRUMENT   18NM64    NEUTRON MONITOR     	
INUVIK     STANDARD PRESSURE    1013    MB     COEFFICIENT   -0.75     % / MB
INUVIK     PRE-INCREASE BASELINE TIME INTERVAL    240608    000000-020000   UT
INUVIK     PRE-INCREASE AVERAGE COUNTING RATE    174.81      COUNTS PER SECOND
INUVIK     TIME INTERVALS    300         3600     
INUVIK     SCALE FACTORS     1           1        
STATION    YYMMDD  SEC   TIME (UT)   CODE    UNCORR. PRESS.    CORR.    % INC.	DETRENDED
                         INTERVAL    TD      C/S     (MB)      C/S
INUVIK     240607 3600 000000-010000   00     180.57 1008.5    173.74    -0.61    -9999
INUVIK     240607 3600 010000-020000   00     181.77 1007.8    173.98    -0.48    -9999
INUVIK     240607 3600 020000-030000   00     181.40 1008.2    174.20    -0.35    -9999
INUVIK     240607 3600 030000-040000   00     180.94 1008.5    174.06    -0.43    -9999
INUVIK     240607 3600 040000-050000   00     180.06 1008.9    173.82    -0.57    -9999
INUVIK     240607 3600 050000-060000   00     179.56 1009.8    174.44    -0.21    -9999
INUVIK     240607 3600 060000-070000   00     177.38 1010.7    173.50    -0.75    -9999
INUVIK     240607 3600 070000-080000   00     176.54 1011.3    173.54    -0.73    -9999
INUVIK     240607 3600 080000-090000   00     175.98 1012.0    173.82    -0.56    -9999
INUVIK     240607 3600 090000-100000   00     175.46 1012.7    174.19    -0.36    -9999
INUVIK     240607 3600 100000-110000   00     175.35 1013.1    174.71    -0.06    -9999
INUVIK     240607 3600 110000-120000   00     175.37 1013.9    175.66     0.49    -9999
INUVIK     240607 3600 120000-130000   00     174.36 1014.6    175.56     0.43    -9999
INUVIK     240607 3600 130000-140000   00     172.97 1014.8    174.50    -0.18    -9999
INUVIK     240607 3600 140000-150000   00     172.64 1015.1    174.56    -0.14    -9999
INUVIK     240607 3600 150000-160000   00     172.84 1015.5    175.21     0.23    -9999
INUVIK     240607 3600 160000-170000   00     171.27 1016.1    174.45    -0.21    -9999
INUVIK     240607 3600 170000-180000   00     170.95 1016.8    174.99     0.10    -9999
INUVIK     240607 3600 180000-190000   00     170.75 1017.1    175.28     0.26    -9999
INUVIK     240607 3600 190000-200000   00     170.07 1017.5    175.04     0.13    -9999
INUVIK     240607 3600 200000-210000   00     169.90 1017.8    175.27     0.26    -9999
INUVIK     240607 3600 210000-220000   00     169.48 1018.1    175.26     0.26    -9999
INUVIK     240607 3600 220000-230000   00     168.85 1018.4    175.02     0.12    -9999
INUVIK     240607 3600 230000-240000   00     168.75 1018.7    175.18     0.21    -9999
INUVIK     240608 300  000000-000500   00     164.88 1020.3    173.33    -0.85    -0.85
INUVIK     240608 300  000500-001000   00     168.26 1018.9    174.92     0.06     0.06
INUVIK     240608 300  001000-001500   00     168.36 1018.9    175.04     0.13     0.13
INUVIK     240608 300  001500-002000   00     168.44 1018.8    175.11     0.17     0.17
INUVIK     240608 300  002000-002500   00     169.69 1018.8    176.39     0.90     0.90
INUVIK     240608 300  002500-003000   00     168.49 1019.0    175.31     0.28     0.28
INUVIK     240608 300  003000-003500   00     166.50 1019.3    173.64    -0.67    -0.67
INUVIK     240608 300  003500-004000   00     168.31 1019.4    175.72     0.52     0.52
INUVIK     240608 300  004000-004500   00     166.75 1019.7    174.40    -0.23    -0.23
INUVIK     240608 300  004500-005000   00     169.55 1019.6    177.31     1.43     1.43
INUVIK     240608 300  005000-005500   00     170.42 1019.6    178.21     1.94     1.94
INUVIK     240608 300  005500-010000   00     166.78 1019.7    174.50    -0.18    -0.18
INUVIK     240608 300  010000-010500   00     168.02 1019.9    176.01     0.68     0.68
INUVIK     240608 300  010500-011000   00     167.08 1019.9    175.10     0.17     0.17
INUVIK     240608 300  011000-011500   00     167.00 1020.0    175.07     0.15     0.15
INUVIK     240608 300  011500-012000   00     166.20 1020.1    174.42    -0.22    -0.22
INUVIK     240608 300  012000-012500   00     165.55 1020.2    173.90    -0.52    -0.52
INUVIK     240608 300  012500-013000   00     166.19 1020.3    174.67    -0.08    -0.08
INUVIK     240608 300  013000-013500   00     164.20 1020.3    172.62    -1.25    -1.25
INUVIK     240608 300  013500-014000   00     164.49 1020.4    173.01    -1.03    -1.03
INUVIK     240608 300  014000-014500   00     167.82 1020.4    176.51     0.97     0.97
INUVIK     240608 300  014500-015000   00     165.21 1020.4    173.74    -0.61    -0.61
INUVIK     240608 300  015000-015500   00     164.37 1020.3    172.76    -1.17    -1.17
INUVIK     240608 300  015500-020000   00     165.32 1020.3    173.77    -0.59    -0.59
INUVIK     240608 300  020000-020500   00     165.09 1020.3    173.50    -0.75    -0.75
INUVIK     240608 300  020500-021000   00     170.06 1020.3    178.68     2.21     2.21
INUVIK     240608 300  021000-021500   00     166.19 1020.3    174.69    -0.07    -0.07
INUVIK     240608 300  021500-022000   00     167.25 1020.3    175.79     0.56     0.56
INUVIK     240608 300  022000-022500   00     166.46 1020.3    174.98     0.10     0.10
INUVIK     240608 300  022500-023000   00     167.16 1020.4    175.73     0.53     0.53
INUVIK     240608 300  023000-023500   00     166.26 1020.4    174.82     0.01     0.01
INUVIK     240608 300  023500-024000   00     167.44 1020.3    175.97     0.66     0.66
INUVIK     240608 300  024000-024500   00     165.76 1020.2    174.12    -0.39    -0.39
INUVIK     240608 300  024500-025000   00     166.92 1020.2    175.29     0.27     0.27
INUVIK     240608 300  025000-025500   00     167.48 1020.2    175.83     0.58     0.58
INUVIK     240608 300  025500-030000   00     166.58 1020.1    174.82     0.01     0.01
INUVIK     240608 300  030000-030500   00     166.26 1020.1    174.46    -0.20    -0.20
INUVIK     240608 300  030500-031000   00     166.84 1020.1    175.09     0.16     0.16
INUVIK     240608 300  031000-031500   00     167.02 1020.1    175.26     0.25     0.25
INUVIK     240608 300  031500-032000   00     169.10 1020.1    177.44     1.50     1.50
INUVIK     240608 300  032000-032500   00     168.65 1020.1    176.94     1.22     1.22
INUVIK     240608 300  032500-033000   00     167.68 1020.1    175.90     0.62     0.62
INUVIK     240608 300  033000-033500   00     166.36 1020.0    174.49    -0.19    -0.19
INUVIK     240608 300  033500-034000   00     168.11 1020.0    176.30     0.85     0.85
INUVIK     240608 300  034000-034500   00     169.49 1020.0    177.78     1.70     1.70
INUVIK     240608 300  034500-035000   00     167.79 1020.1    176.08     0.73     0.73
INUVIK     240608 300  035000-035500   00     167.30 1020.2    175.62     0.46     0.46
INUVIK     240608 300  035500-040000   00     166.38 1020.1    174.64    -0.10    -0.10
INUVIK     240608 300  040000-040500   00     167.44 1020.1    175.73     0.52     0.52
INUVIK     240608 300  040500-041000   00     166.72 1020.1    174.99     0.10     0.10
INUVIK     240608 300  041000-041500   00     167.25 1020.2    175.57     0.43     0.43
INUVIK     240608 300  041500-042000   00     167.55 1020.2    175.91     0.63     0.63
INUVIK     240608 300  042000-042500   00     166.67 1020.2    175.01     0.11     0.11
INUVIK     240608 300  042500-043000   00     165.65 1020.2    173.96    -0.49    -0.49
INUVIK     240608 300  043000-043500   00     167.90 1020.3    176.39     0.90     0.90
INUVIK     240608 300  043500-044000   00     167.63 1020.3    176.18     0.78     0.78
INUVIK     240608 300  044000-044500   00     164.48 1020.4    172.97    -1.06    -1.06
INUVIK     240608 300  044500-045000   00     167.27 1020.4    175.88     0.61     0.61
INUVIK     240608 300  045000-045500   00     166.72 1020.4    175.27     0.26     0.26
INUVIK     240608 300  045500-050000   00     166.37 1020.4    174.94     0.07     0.07
INUVIK     240608 300  050000-050500   00     167.99 1020.4    176.72     1.09     1.09
INUVIK     240608 300  050500-051000   00     166.42 1020.5    175.12     0.18     0.18
INUVIK     240608 300  051000-051500   00     166.08 1020.5    174.80    -0.01    -0.01
INUVIK     240608 300  051500-052000   00     166.51 1020.5    175.28     0.27     0.27
INUVIK     240608 300  052000-052500   00     164.67 1020.5    173.35    -0.84    -0.84
INUVIK     240608 300  052500-053000   00     164.57 1020.6    173.26    -0.89    -0.89
INUVIK     240608 300  053000-053500   00     168.91 1020.6    177.83     1.73     1.73
INUVIK     240608 300  053500-054000   00     167.00 1020.5    175.75     0.53     0.53
INUVIK     240608 300  054000-054500   00     165.28 1020.4    173.85    -0.55    -0.55
INUVIK     240608 300  054500-055000   00     164.22 1020.4    172.68    -1.22    -1.22
INUVIK     240608 300  055000-055500   00     165.11 1020.3    173.55    -0.72    -0.72
INUVIK     240608 300  055500-060000   00     163.90 1020.2    172.15    -1.52    -1.52
INUVIK     240608 300  060000-060500   00     166.65 1020.1    174.92     0.06     0.06
INUVIK     240608 300  060500-061000   00     166.44 1020.1    174.69    -0.07    -0.07
INUVIK     240608 300  061000-061500   00     167.48 1020.2    175.82     0.58     0.58
INUVIK     240608 300  061500-062000   00     165.53 1020.2    173.79    -0.58    -0.58
INUVIK     240608 300  062000-062500   00     165.78 1020.2    174.09    -0.41    -0.41
INUVIK     240608 300  062500-063000   00     166.20 1020.2    174.57    -0.14    -0.14
INUVIK     240608 300  063000-063500   00     165.43 1020.3    173.83    -0.56    -0.56
INUVIK     240608 300  063500-064000   00     166.05 1020.3    174.55    -0.15    -0.15
INUVIK     240608 300  064000-064500   00     167.38 1020.4    176.00     0.68     0.68
INUVIK     240608 300  064500-065000   00     166.14 1020.4    174.74    -0.04    -0.04
INUVIK     240608 300  065000-065500   00     166.77 1020.5    175.50     0.39     0.39
INUVIK     240608 300  065500-070000   00     167.99 1020.5    176.83     1.15     1.15
INUVIK     240608 300  070000-070500   00     164.88 1020.6    173.59    -0.70    -0.70
INUVIK     240608 300  070500-071000   00     165.57 1020.6    174.36    -0.26    -0.26
INUVIK     240608 300  071000-071500   00     166.76 1020.6    175.62     0.46     0.46
INUVIK     240608 300  071500-072000   00     165.78 1020.6    174.62    -0.11    -0.11
INUVIK     240608 300  072000-072500   00     166.91 1020.6    175.85     0.59     0.59
INUVIK     240608 300  072500-073000   00     164.28 1020.6    173.09    -0.99    -0.99
INUVIK     240608 300  073000-073500   00     165.17 1020.6    174.01    -0.46    -0.46
INUVIK     240608 300  073500-074000   00     164.52 1020.7    173.36    -0.83    -0.83
INUVIK     240608 300  074000-074500   00     164.86 1020.7    173.78    -0.59    -0.59
INUVIK     240608 300  074500-075000   00     168.48 1020.7    177.63     1.61     1.61
INUVIK     240608 300  075000-075500   00     166.21 1020.8    175.30     0.28     0.28
INUVIK     240608 300  075500-080000   00     164.00 1020.8    173.03    -1.02    -1.02
INUVIK     240608 300  080000-080500   00     165.95 1020.9    175.12     0.17     0.17
INUVIK     240608 300  080500-081000   00     166.90 1020.9    176.15     0.76     0.76
INUVIK     240608 300  081000-081500   00     165.40 1020.9    174.58    -0.13    -0.13
INUVIK     240608 300  081500-082000   00     164.52 1020.9    173.64    -0.67    -0.67
INUVIK     240608 300  082000-082500   00     168.16 1020.9    177.45     1.51     1.51
INUVIK     240608 300  082500-083000   00     165.84 1020.8    174.97     0.09     0.09
INUVIK     240608 300  083000-083500   00     164.26 1020.8    173.24    -0.90    -0.90
INUVIK     240608 300  083500-084000   00     165.35 1020.8    174.35    -0.26    -0.26
INUVIK     240608 300  084000-084500   00     163.94 1020.8    172.90    -1.09    -1.09
INUVIK     240608 300  084500-085000   00     166.09 1020.8    175.18     0.21     0.21
INUVIK     240608 300  085000-085500   00     163.92 1020.8    172.95    -1.07    -1.07
INUVIK     240608 300  085500-090000   00     164.87 1020.9    174.01    -0.46    -0.46
INUVIK     240608 300  090000-090500   00     165.78 1020.9    174.95     0.08     0.08
INUVIK     240608 300  090500-091000   00     165.00 1020.9    174.10    -0.40    -0.40
INUVIK     240608 300  091000-091500   00     164.42 1020.8    173.42    -0.80    -0.80
INUVIK     240608 300  091500-092000   00     165.96 1020.8    175.04     0.13     0.13
INUVIK     240608 300  092000-092500   00     164.96 1020.8    173.98    -0.47    -0.47
INUVIK     240608 300  092500-093000   00     166.72 1020.8    175.87     0.60     0.60
INUVIK     240608 300  093000-093500   00     166.23 1020.8    175.34     0.30     0.30
INUVIK     240608 300  093500-094000   00     165.89 1020.8    175.01     0.11     0.11
INUVIK     240608 300  094000-094500   00     164.38 1020.9    173.50    -0.75    -0.75
INUVIK     240608 300  094500-095000   00     164.72 1020.9    173.89    -0.53    -0.53
INUVIK     240608 300  095000-095500   00     164.82 1021.0    174.07    -0.43    -0.43
INUVIK     240608 300  095500-100000   00     164.90 1021.0    174.21    -0.34    -0.34
INUVIK     240608 300  100000-100500   00     164.24 1021.0    173.55    -0.72    -0.72
INUVIK     240608 300  100500-101000   00     161.94 1021.1    171.16    -2.09    -2.09
INUVIK     240608 300  101000-101500   00     163.19 1021.1    172.49    -1.33    -1.33
INUVIK     240608 300  101500-102000   00     164.40 1021.1    173.83    -0.56    -0.56
INUVIK     240608 300  102000-102500   00     161.77 1021.2    171.10    -2.12    -2.12
INUVIK     240608 300  102500-103000   00     167.16 1021.2    176.81     1.14     1.14
INUVIK     240608 300  103000-103500   00     166.12 1021.2    175.71     0.52     0.52
INUVIK     240608 300  103500-104000   00     164.88 1021.2    174.41    -0.23    -0.23
INUVIK     240608 300  104000-104500   00     164.20 1021.2    173.72    -0.62    -0.62
INUVIK     240608 300  104500-105000   00     166.16 1021.2    175.82     0.58     0.58
INUVIK     240608 300  105000-105500   00     166.59 1021.3    176.32     0.86     0.86
INUVIK     240608 300  105500-110000   00     163.61 1021.4    173.27    -0.88    -0.88
INUVIK     240608 300  110000-110500   00     165.53 1021.5    175.52     0.41     0.41
INUVIK     240608 300  110500-111000   00     164.21 1021.6    174.22    -0.34    -0.34
INUVIK     240608 300  111000-111500   00     163.78 1021.7    173.86    -0.55    -0.55
INUVIK     240608 300  111500-112000   00     163.86 1021.7    174.02    -0.46    -0.46
INUVIK     240608 300  112000-112500   00     164.47 1021.8    174.72    -0.05    -9999
INUVIK     240608 300  112500-113000   00     162.29 1021.8    172.45    -1.35    -9999
INUVIK     240608 300  113000-113500   00     165.06 1021.8    175.40     0.34    -9999
INUVIK     240608 300  113500-114000   00     161.71 1021.9    171.90    -1.66    -9999
INUVIK     240608 300  114000-114500   00     164.49 1021.9    174.94     0.07    -9999
INUVIK     240608 300  114500-115000   00     161.76 1022.0    172.11    -1.55    -9999
INUVIK     240608 300  115000-115500   00     164.66 1022.1    175.32     0.29    -9999
INUVIK     240608 300  115500-120000   00     163.68 1022.1    174.33    -0.28    -9999
INUVIK     240608 3600 120000-130000   00     163.95 1022.3    174.87     0.03    -9999
INUVIK     240608 3600 130000-140000   00     162.89 1022.6    174.21    -0.35    -9999
INUVIK     240608 3600 140000-150000   00     163.07 1022.8    174.54    -0.16    -9999
INUVIK     240608 3600 150000-160000   00     163.33 1022.9    174.96     0.09    -9999
INUVIK     240608 3600 160000-170000   00     163.62 1022.8    175.11     0.17    -9999
INUVIK     240608 3600 170000-180000   00     163.80 1022.6    175.16     0.20    -9999
INUVIK     240608 3600 180000-190000   00     163.99 1022.4    175.10     0.16    -9999
INUVIK     240608 3600 190000-200000   00     164.91 1022.2    175.76     0.54    -9999
INUVIK     240608 3600 200000-210000   00     164.75 1022.0    175.31     0.28    -9999
INUVIK     240608 3600 210000-220000   00     165.44 1021.7    175.59     0.44    -9999
INUVIK     240608 3600 220000-230000   00     166.55 1021.4    176.40     0.91    -9999
INUVIK     240608 3600 230000-240000   00     166.82 1020.9    176.09     0.73    -9999
*
COMMENT DATA SOURCE: NMDB | DOWNLOADED ON 08.12.2024
COMMENT DETRENDING DONE BY IU
COMMENT UNIVERISTY OF OULU: FILE GENERATED FROM DATABASE AND OBTAINED FROM
COMMENT https://gle.oulu.fi at 2025-01-11 16:23:44 +00:00
COMMENT FOR HISTORICAL/ORIGINAL TEXT FILES SEE https://gle.oulu.fi/txtarchive/
COMMENT ORIGINAL AT https://gle.oulu.fi/txtarchive/GLE75/C075INVK_cor.DAT
COMMENT DETRENDED DATA SHOW -9999 IF EQUAL TO INC% COLUMN 