TERREADELI LATITUDE    -66.65    LONGITUDE     140       ALTITUDE    32 M
TERREADELI INSTRUMENT   9-NM-64  NEUTRON MONITOR	
TERREADELI STANDARD PRESSURE    986.42  MB     COEFFICIENT   -0.74     % / MB
TERREADELI PRE-INCREASE BASELINE TIME INTERVAL    240608    000000-020000   UT
TERREADELI PRE-INCREASE AVERAGE COUNTING RATE    107.55      COUNTS PER SECOND
TERREADELI TIME INTERVALS    300         3600     
TERREADELI SCALE FACTORS     1           1        
STATION    YYMMDD  SEC   TIME (UT)   CODE    UNCORR. PRESS.    CORR.    % INC.	DETRENDED
                         INTERVAL    TD      C/S     (MB)      C/S
TERREADELI 240607 3600 000000-010000   00     104.19  989.1    106.15    -1.30    -9999
TERREADELI 240607 3600 010000-020000   00     104.07  989.3    106.19    -1.27    -9999
TERREADELI 240607 3600 020000-030000   00     104.31  989.4    106.51    -0.97    -9999
TERREADELI 240607 3600 030000-040000   00     104.18  989.5    106.48    -0.99    -9999
TERREADELI 240607 3600 040000-050000   00     104.31  989.3    106.45    -1.02    -9999
TERREADELI 240607 3600 050000-060000   00     104.18  989.1    106.14    -1.31    -9999
TERREADELI 240607 3600 060000-070000   00     104.79  988.8    106.53    -0.95    -9999
TERREADELI 240607 3600 070000-080000   00     105.08  988.3    106.41    -1.06    -9999
TERREADELI 240607 3600 080000-090000   00     104.74  988.2    105.97    -1.46    -9999
TERREADELI 240607 3600 090000-100000   00     105.60  987.9    106.65    -0.84    -9999
TERREADELI 240607 3600 100000-110000   00     105.96  987.2    106.45    -1.02    -9999
TERREADELI 240607 3600 110000-120000   00     105.86  986.7    105.97    -1.47    -9999
TERREADELI 240607 3600 120000-130000   00     106.46  986.5    106.40    -1.06    -9999
TERREADELI 240607 3600 130000-140000   00     107.02  985.6    106.21    -1.24    -9999
TERREADELI 240607 3600 140000-150000   00     107.46  984.6    105.92    -1.52    -9999
TERREADELI 240607 3600 150000-160000   00     108.99  983.5    106.53    -0.94    -9999
TERREADELI 240607 3600 160000-170000   00     110.41  982.3    106.94    -0.56    -9999
TERREADELI 240607 3600 170000-180000   00     111.29  981.0    106.81    -0.69    -9999
TERREADELI 240607 3600 180000-190000   00     111.95  980.2    106.78    -0.72    -9999
TERREADELI 240607 3600 190000-200000   00     112.25  979.6    106.54    -0.93    -9999
TERREADELI 240607 3600 200000-210000   00     113.74  978.3    106.93    -0.57    -9999
TERREADELI 240607 3600 210000-220000   00     114.60  977.2    106.85    -0.65    -9999
TERREADELI 240607 3600 220000-230000   00     115.39  976.4    106.97    -0.53    -9999
TERREADELI 240607 3600 230000-240000   00     116.15  975.4    106.91    -0.59    -9999
TERREADELI 240608 300  000000-000500   00     117.93  974.9    108.14     0.55     0.54
TERREADELI 240608 300  000500-001000   00     117.87  974.6    107.84     0.27     0.27
TERREADELI 240608 300  001000-001500   00     116.60  974.6    106.64    -0.84    -0.85
TERREADELI 240608 300  001500-002000   00     115.40  974.5    105.52    -1.89    -1.89
TERREADELI 240608 300  002000-002500   00     120.07  974.3    109.61     1.92     1.91
TERREADELI 240608 300  002500-003000   00     117.67  974.3    107.44    -0.10    -0.11
TERREADELI 240608 300  003000-003500   00     117.93  974.4    107.75     0.19     0.18
TERREADELI 240608 300  003500-004000   00     117.87  974.5    107.73     0.17     0.16
TERREADELI 240608 300  004000-004500   00     117.53  974.6    107.49    -0.05    -0.07
TERREADELI 240608 300  004500-005000   00     117.53  974.4    107.34    -0.19    -0.21
TERREADELI 240608 300  005000-005500   00     119.07  974.3    108.68     1.05     1.03
TERREADELI 240608 300  005500-010000   00     116.87  974.3    106.65    -0.83    -0.85
TERREADELI 240608 300  010000-010500   00     117.60  974.2    107.26    -0.27    -0.29
TERREADELI 240608 300  010500-011000   00     118.67  974.1    108.19     0.59     0.57
TERREADELI 240608 300  011000-011500   00     117.47  974.1    107.07    -0.44    -0.46
TERREADELI 240608 300  011500-012000   00     119.00  974.0    108.36     0.76     0.73
TERREADELI 240608 300  012000-012500   00     118.13  973.9    107.55     0.00    -0.02
TERREADELI 240608 300  012500-013000   00     117.20  973.9    106.66    -0.83    -0.85
TERREADELI 240608 300  013000-013500   00     117.33  973.9    106.76    -0.73    -0.75
TERREADELI 240608 300  013500-014000   00     117.33  973.9    106.76    -0.73    -0.76
TERREADELI 240608 300  014000-014500   00     118.27  973.7    107.50    -0.04    -0.06
TERREADELI 240608 300  014500-015000   00     118.80  973.8    108.01     0.43     0.41
TERREADELI 240608 300  015000-015500   00     118.80  973.7    107.94     0.37     0.35
TERREADELI 240608 300  015500-020000   00     119.00  973.8    108.23     0.64     0.62
TERREADELI 240608 300  020000-020500   00     118.13  973.8    107.42    -0.12    -0.14
TERREADELI 240608 300  020500-021000   00     119.67  973.7    108.73     1.10     1.08
TERREADELI 240608 300  021000-021500   00     119.13  973.5    108.14     0.55     0.53
TERREADELI 240608 300  021500-022000   00     118.80  973.7    107.94     0.37     0.35
TERREADELI 240608 300  022000-022500   00     117.87  973.6    107.05    -0.46    -0.47
TERREADELI 240608 300  022500-023000   00     119.20  973.5    108.16     0.57     0.55
TERREADELI 240608 300  023000-023500   00     117.87  973.4    106.91    -0.60    -0.61
TERREADELI 240608 300  023500-024000   00     120.00  973.4    108.78     1.14     1.13
TERREADELI 240608 300  024000-024500   00     119.00  973.4    107.89     0.32     0.31
TERREADELI 240608 300  024500-025000   00     117.87  973.3    106.78    -0.72    -0.72
TERREADELI 240608 300  025000-025500   00     117.60  973.3    106.54    -0.94    -0.95
TERREADELI 240608 300  025500-030000   00     120.13  973.1    108.72     1.09     1.09
TERREADELI 240608 300  030000-030500   00     118.60  973.1    107.27    -0.25    -0.26
TERREADELI 240608 300  030500-031000   00     118.27  973.1    106.97    -0.54    -0.54
TERREADELI 240608 300  031000-031500   00     119.67  972.8    108.05     0.46     0.47
TERREADELI 240608 300  031500-032000   00     119.73  972.7    107.98     0.40     0.40
TERREADELI 240608 300  032000-032500   00     118.67  972.6    106.93    -0.57    -0.57
TERREADELI 240608 300  032500-033000   00     121.27  972.5    109.23     1.56     1.58
TERREADELI 240608 300  033000-033500   00     118.60  972.4    106.74    -0.75    -0.73
TERREADELI 240608 300  033500-034000   00     119.53  972.4    107.60     0.05     0.07
TERREADELI 240608 300  034000-034500   00     120.67  972.3    108.56     0.94     0.96
TERREADELI 240608 300  034500-035000   00     120.53  972.3    108.42     0.81     0.84
TERREADELI 240608 300  035000-035500   00     118.93  972.2    106.92    -0.59    -0.56
TERREADELI 240608 300  035500-040000   00     117.53  972.1    105.57    -1.83    -1.80
TERREADELI 240608 300  040000-040500   00     120.40  972.2    108.21     0.62     0.65
TERREADELI 240608 300  040500-041000   00     119.60  972.2    107.49    -0.05    -0.01
TERREADELI 240608 300  041000-041500   00     120.87  972.2    108.59     0.97     1.01
TERREADELI 240608 300  041500-042000   00     119.40  972.1    107.25    -0.28    -0.23
TERREADELI 240608 300  042000-042500   00     119.33  972.2    107.23    -0.29    -0.24
TERREADELI 240608 300  042500-043000   00     120.93  972.1    108.61     0.98     1.04
TERREADELI 240608 300  043000-043500   00     121.13  971.9    108.66     1.03     1.09
TERREADELI 240608 300  043500-044000   00     120.47  971.9    107.99     0.41     0.48
TERREADELI 240608 300  044000-044500   00     119.27  972.0    107.05    -0.47    -0.40
TERREADELI 240608 300  044500-045000   00     120.60  972.0    108.20     0.61     0.68
TERREADELI 240608 300  045000-045500   00     119.80  971.8    107.37    -0.16    -0.08
TERREADELI 240608 300  045500-050000   00     121.40  971.7    108.68     1.05     1.14
TERREADELI 240608 300  050000-050500   00     119.33  971.6    106.77    -0.73    -0.63
TERREADELI 240608 300  050500-051000   00     120.00  971.7    107.41    -0.13    -0.04
TERREADELI 240608 300  051000-051500   00     121.47  971.6    108.67     1.05     1.15
TERREADELI 240608 300  051500-052000   00     120.87  971.6    108.16     0.57     0.68
TERREADELI 240608 300  052000-052500   00     119.40  971.6    106.81    -0.69    -0.58
TERREADELI 240608 300  052500-053000   00     120.00  971.5    107.30    -0.23    -0.11
TERREADELI 240608 300  053000-053500   00     119.93  971.5    107.22    -0.31    -0.18
TERREADELI 240608 300  053500-054000   00     120.53  971.4    107.69     0.13     0.26
TERREADELI 240608 300  054000-054500   00     119.87  971.4    107.07    -0.44    -0.30
TERREADELI 240608 300  054500-055000   00     122.33  971.4    109.28     1.61     1.75
TERREADELI 240608 300  055000-055500   00     121.47  971.3    108.46     0.85     1.00
TERREADELI 240608 300  055500-060000   00     120.87  971.3    107.86     0.29     0.45
TERREADELI 240608 300  060000-060500   00     122.67  971.2    109.40     1.72     1.89
TERREADELI 240608 300  060500-061000   00     120.07  971.1    107.02    -0.49    -0.32
TERREADELI 240608 300  061000-061500   00     121.87  970.9    108.47     0.86     1.04
TERREADELI 240608 300  061500-062000   00     123.27  970.9    109.74     2.04     2.22
TERREADELI 240608 300  062000-062500   00     119.67  970.9    106.47    -1.00    -0.81
TERREADELI 240608 300  062500-063000   00     119.80  970.9    106.61    -0.87    -0.67
TERREADELI 240608 300  063000-063500   00     120.40  970.9    107.15    -0.37    -0.16
TERREADELI 240608 300  063500-064000   00     121.33  970.8    107.91     0.34     0.56
TERREADELI 240608 300  064000-064500   00     119.27  970.9    106.12    -1.33    -1.11
TERREADELI 240608 300  064500-065000   00     120.47  970.9    107.23    -0.30    -0.07
TERREADELI 240608 300  065000-065500   00     118.07  970.9    105.11    -2.26    -2.03
TERREADELI 240608 300  065500-070000   00     122.00  970.9    108.61     0.99     1.24
TERREADELI 240608 300  070000-070500   00     121.07  970.9    107.72     0.16     0.41
TERREADELI 240608 300  070500-071000   00     118.87  970.9    105.78    -1.64    -1.38
TERREADELI 240608 300  071000-071500   00     120.27  970.8    106.94    -0.56    -0.29
TERREADELI 240608 300  071500-072000   00     120.53  970.7    107.14    -0.38    -0.10
TERREADELI 240608 300  072000-072500   00     119.40  970.7    106.15    -1.30    -1.01
TERREADELI 240608 300  072500-073000   00     118.53  970.7    105.34    -2.05    -1.75
TERREADELI 240608 300  073000-073500   00     120.07  970.6    106.64    -0.84    -0.54
TERREADELI 240608 300  073500-074000   00     120.87  970.5    107.28    -0.24     0.07
TERREADELI 240608 300  074000-074500   00     119.80  970.6    106.36    -1.10    -0.78
TERREADELI 240608 300  074500-075000   00     118.40  970.5    105.09    -2.28    -1.94
TERREADELI 240608 300  075000-075500   00     121.27  970.6    107.66     0.11     0.45
TERREADELI 240608 300  075500-080000   00     120.67  970.6    107.13    -0.39    -0.03
TERREADELI 240608 300  080000-080500   00     120.40  970.6    106.91    -0.59    -0.22
TERREADELI 240608 300  080500-081000   00     120.00  970.4    106.43    -1.04    -0.66
TERREADELI 240608 300  081000-081500   00     122.73  970.5    108.88     1.24     1.62
TERREADELI 240608 300  081500-082000   00     119.80  970.3    106.15    -1.30    -0.90
TERREADELI 240608 300  082000-082500   00     121.67  970.4    107.87     0.30     0.70
TERREADELI 240608 300  082500-083000   00     121.40  970.3    107.61     0.06     0.47
TERREADELI 240608 300  083000-083500   00     120.67  970.4    107.00    -0.51    -0.08
TERREADELI 240608 300  083500-084000   00     121.93  970.5    108.21     0.62     1.05
TERREADELI 240608 300  084000-084500   00     119.73  970.5    106.26    -1.20    -0.75
TERREADELI 240608 300  084500-085000   00     119.80  970.4    106.23    -1.22    -0.76
TERREADELI 240608 300  085000-085500   00     120.27  970.3    106.61    -0.88    -0.41
TERREADELI 240608 300  085500-090000   00     120.53  970.3    106.82    -0.68    -0.19
TERREADELI 240608 300  090000-090500   00     123.13  970.3    109.10     1.45     1.94
TERREADELI 240608 300  090500-091000   00     122.07  970.2    108.11     0.53     1.03
TERREADELI 240608 300  091000-091500   00     120.93  970.3    107.17    -0.35     0.17
TERREADELI 240608 300  091500-092000   00     119.00  970.3    105.44    -1.96    -1.43
TERREADELI 240608 300  092000-092500   00     120.93  970.2    107.11    -0.41     0.13
TERREADELI 240608 300  092500-093000   00     120.47  970.3    106.72    -0.77    -0.22
TERREADELI 240608 300  093000-093500   00     120.93  970.3    107.13    -0.39     0.18
TERREADELI 240608 300  093500-094000   00     119.47  970.3    105.83    -1.59    -1.02
TERREADELI 240608 300  094000-094500   00     123.07  970.2    108.98     1.33     1.92
TERREADELI 240608 300  094500-095000   00     120.20  970.2    106.44    -1.03    -0.43
TERREADELI 240608 300  095000-095500   00     119.87  970.3    106.21    -1.24    -0.63
TERREADELI 240608 300  095500-100000   00     121.47  970.2    107.58     0.03     0.66
TERREADELI 240608 300  100000-100500   00     120.80  970.2    106.97    -0.53     0.10
TERREADELI 240608 300  100500-101000   00     120.53  970.2    106.71    -0.77    -0.12
TERREADELI 240608 300  101000-101500   00     121.60  970.2    107.64     0.08     0.75
TERREADELI 240608 300  101500-102000   00     120.07  970.1    106.24    -1.22    -0.54
TERREADELI 240608 300  102000-102500   00     121.33  970.1    107.34    -0.20     0.50
TERREADELI 240608 300  102500-103000   00     120.87  969.9    106.78    -0.72    -0.01
TERREADELI 240608 300  103000-103500   00     120.87  969.8    106.67    -0.81    -0.10
TERREADELI 240608 300  103500-104000   00     119.27  969.8    105.32    -2.07    -1.34
TERREADELI 240608 300  104000-104500   00     120.93  969.9    106.88    -0.62     0.13
TERREADELI 240608 300  104500-105000   00     119.47  970.1    105.67    -1.75    -0.99
TERREADELI 240608 300  105000-105500   00     121.47  969.9    107.31    -0.22     0.55
TERREADELI 240608 300  105500-110000   00     121.20  969.8    106.97    -0.54     0.25
TERREADELI 240608 300  110000-110500   00     122.93  969.8    108.50     0.88     1.68
TERREADELI 240608 300  110500-111000   00     121.67  969.8    107.38    -0.16     0.66
TERREADELI 240608 300  111000-111500   00     122.93  969.7    108.41     0.80     1.63
TERREADELI 240608 300  111500-112000   00     121.40  969.6    107.04    -0.48     0.37
TERREADELI 240608 300  112000-112500   00     122.33  969.6    107.82     0.25    -9999
TERREADELI 240608 300  112500-113000   00     120.93  969.6    106.58    -0.90    -9999
TERREADELI 240608 300  113000-113500   00     120.47  969.4    106.00    -1.44    -9999
TERREADELI 240608 300  113500-114000   00     121.80  969.3    107.15    -0.37    -9999
TERREADELI 240608 300  114000-114500   00     122.33  969.3    107.62     0.07    -9999
TERREADELI 240608 300  114500-115000   00     122.87  969.4    108.14     0.55    -9999
TERREADELI 240608 300  115000-115500   00     122.80  969.4    108.08     0.49    -9999
TERREADELI 240608 300  115500-120000   00     122.07  969.4    107.43    -0.11    -9999
TERREADELI 240608 3600 120000-130000   00     121.85  969.2    107.10    -0.42    -9999
TERREADELI 240608 3600 130000-140000   00     121.94  969.1    107.07    -0.44    -9999
TERREADELI 240608 3600 140000-150000   00     122.53  969.1    107.58     0.03    -9999
TERREADELI 240608 3600 150000-160000   00     121.96  969.2    107.19    -0.33    -9999
TERREADELI 240608 3600 160000-170000   00     122.26  969.6    107.75     0.19    -9999
TERREADELI 240608 3600 170000-180000   00     121.57  970.1    107.57     0.02    -9999
TERREADELI 240608 3600 180000-190000   00     121.39  970.6    107.79     0.22    -9999
TERREADELI 240608 3600 190000-200000   00     120.58  971.3    107.66     0.10    -9999
TERREADELI 240608 3600 200000-210000   00     120.11  971.8    107.64     0.09    -9999
TERREADELI 240608 3600 210000-220000   00     119.51  972.5    107.64     0.09    -9999
TERREADELI 240608 3600 220000-230000   00     118.83  973.0    107.47    -0.08    -9999
TERREADELI 240608 3600 230000-240000   00     118.60  973.8    107.86     0.29    -9999
*
COMMENT DATA SOURCE: NMDB | DOWNLOADED ON 08.12.2024
COMMENT DETRENDING DONE BY IU
COMMENT UNIVERISTY OF OULU: FILE GENERATED FROM DATABASE AND OBTAINED FROM
COMMENT https://gle.oulu.fi at 2025-01-11 16:23:44 +00:00
COMMENT FOR HISTORICAL/ORIGINAL TEXT FILES SEE https://gle.oulu.fi/txtarchive/
COMMENT ORIGINAL AT https://gle.oulu.fi/txtarchive/GLE75/C075TERA_cor.DAT
COMMENT DETRENDED DATA SHOW -9999 IF EQUAL TO INC% COLUMN 