SOPO-6NM64 LATITUDE    -90       LONGITUDE     0         ALTITUDE    2820 M
SOPO-6NM64 INSTRUMENT   6NM64b    NEUTRON MONITOR	
SOPO-6NM64 STANDARD PRESSURE    680     MB     COEFFICIENT   -0.75     % / MB
SOPO-6NM64 PRE-INCREASE BASELINE TIME INTERVAL    240608    000000-020000   UT
SOPO-6NM64 PRE-INCREASE AVERAGE COUNTING RATE    124.67      COUNTS PER SECOND
SOPO-6NM64 TIME INTERVALS    300         3600     
SOPO-6NM64 SCALE FACTORS     1           1        
STATION    YYMMDD  SEC   TIME (UT)   CODE    UNCORR. PRESS.    CORR.    % INC.	DETRENDED
                         INTERVAL    TD      C/S     (MB)      C/S
SOPO-6NM64 240607 3600 000000-010000   00     137.23  666.0    123.77    -0.73    -9999
SOPO-6NM64 240607 3600 010000-020000   00     137.59  665.5    123.61    -0.85    -9999
SOPO-6NM64 240607 3600 020000-030000   00     137.77  665.1    123.44    -0.99    -9999
SOPO-6NM64 240607 3600 030000-040000   00     137.83  664.8    123.17    -1.20    -9999
SOPO-6NM64 240607 3600 040000-050000   00     138.18  664.6    123.36    -1.06    -9999
SOPO-6NM64 240607 3600 050000-060000   00     138.41  664.5    123.41    -1.01    -9999
SOPO-6NM64 240607 3600 060000-070000   00     138.98  664.3    123.77    -0.72    -9999
SOPO-6NM64 240607 3600 070000-080000   00     139.46  664.1    124.05    -0.50    -9999
SOPO-6NM64 240607 3600 080000-090000   00     139.75  664.0    124.15    -0.42    -9999
SOPO-6NM64 240607 3600 090000-100000   00     139.69  663.9    124.00    -0.54    -9999
SOPO-6NM64 240607 3600 100000-110000   00     139.56  663.9    123.97    -0.57    -9999
SOPO-6NM64 240607 3600 110000-120000   00     140.10  664.2    124.66    -0.01    -9999
SOPO-6NM64 240607 3600 120000-130000   00     139.51  664.3    124.23    -0.36    -9999
SOPO-6NM64 240607 3600 130000-140000   00     139.45  664.5    124.37    -0.24    -9999
SOPO-6NM64 240607 3600 140000-150000   00     138.77  664.8    124.04    -0.51    -9999
SOPO-6NM64 240607 3600 150000-160000   00     138.60  665.0    124.11    -0.45    -9999
SOPO-6NM64 240607 3600 160000-170000   00     138.54  665.1    124.10    -0.46    -9999
SOPO-6NM64 240607 3600 170000-180000   00     138.37  665.6    124.39    -0.23    -9999
SOPO-6NM64 240607 3600 180000-190000   00     138.03  666.0    124.48    -0.16    -9999
SOPO-6NM64 240607 3600 190000-200000   00     137.03  666.5    124.06    -0.49    -9999
SOPO-6NM64 240607 3600 200000-210000   00     136.90  667.0    124.40    -0.22    -9999
SOPO-6NM64 240607 3600 210000-220000   00     136.93  667.0    124.44    -0.19    -9999
SOPO-6NM64 240607 3600 220000-230000   00     136.03  667.9    124.38    -0.23    -9999
SOPO-6NM64 240607 3600 230000-240000   00     135.56  668.4    124.50    -0.14    -9999
SOPO-6NM64 240608 300  000000-000500   00     135.09  668.3    123.96    -0.57    -0.37
SOPO-6NM64 240608 300  000500-001000   00     136.34  668.3    125.07     0.32     0.51
SOPO-6NM64 240608 300  001000-001500   00     135.86  668.2    124.58    -0.07     0.11
SOPO-6NM64 240608 300  001500-002000   00     136.16  668.2    124.83     0.13     0.29
SOPO-6NM64 240608 300  002000-002500   00     135.95  668.3    124.68     0.00     0.15
SOPO-6NM64 240608 300  002500-003000   00     135.49  668.3    124.26    -0.33    -0.20
SOPO-6NM64 240608 300  003000-003500   00     135.97  668.3    124.71     0.03     0.15
SOPO-6NM64 240608 300  003500-004000   00     135.02  668.3    123.88    -0.63    -0.53
SOPO-6NM64 240608 300  004000-004500   00     135.72  668.4    124.59    -0.07     0.02
SOPO-6NM64 240608 300  004500-005000   00     135.57  668.6    124.61    -0.05     0.03
SOPO-6NM64 240608 300  005000-005500   00     136.06  668.6    125.14     0.37     0.44
SOPO-6NM64 240608 300  005500-010000   00     135.59  668.7    124.77     0.08     0.13
SOPO-6NM64 240608 300  010000-010500   00     136.52  668.6    125.56     0.71     0.75
SOPO-6NM64 240608 300  010500-011000   00     135.05  668.5    124.12    -0.45    -0.42
SOPO-6NM64 240608 300  011000-011500   00     135.62  668.6    124.68     0.01     0.02
SOPO-6NM64 240608 300  011500-012000   00     136.39  668.6    125.43     0.61     0.61
SOPO-6NM64 240608 300  012000-012500   00     135.15  668.7    124.31    -0.29    -0.31
SOPO-6NM64 240608 300  012500-013000   00     136.35  668.7    125.43     0.61     0.58
SOPO-6NM64 240608 300  013000-013500   00     135.28  668.7    124.45    -0.18    -0.23
SOPO-6NM64 240608 300  013500-014000   00     137.03  668.6    126.01     1.08     1.01
SOPO-6NM64 240608 300  014000-014500   00     134.61  668.7    123.84    -0.67    -0.74
SOPO-6NM64 240608 300  014500-015000   00     133.15  668.7    122.54    -1.71    -1.80
SOPO-6NM64 240608 300  015000-015500   00     135.30  668.7    124.52    -0.12    -0.23
SOPO-6NM64 240608 300  015500-020000   00     137.04  668.8    126.16     1.19     1.07
SOPO-6NM64 240608 300  020000-020500   00     134.70  668.9    124.09    -0.46    -0.60
SOPO-6NM64 240608 300  020500-021000   00     136.53  668.9    125.85     0.95     0.80
SOPO-6NM64 240608 300  021000-021500   00     137.23  668.9    126.48     1.45     1.29
SOPO-6NM64 240608 300  021500-022000   00     137.85  669.0    127.11     1.96     1.78
SOPO-6NM64 240608 300  022000-022500   00     137.53  669.0    126.85     1.75     1.56
SOPO-6NM64 240608 300  022500-023000   00     137.15  669.1    126.53     1.49     1.29
SOPO-6NM64 240608 300  023000-023500   00     137.11  669.1    126.51     1.47     1.26
SOPO-6NM64 240608 300  023500-024000   00     137.94  669.1    127.26     2.08     1.85
SOPO-6NM64 240608 300  024000-024500   00     138.45  669.1    127.74     2.46     2.21
SOPO-6NM64 240608 300  024500-025000   00     137.89  669.1    127.22     2.04     1.78
SOPO-6NM64 240608 300  025000-025500   00     137.13  669.1    126.54     1.50     1.23
SOPO-6NM64 240608 300  025500-030000   00     138.26  669.1    127.60     2.35     2.06
SOPO-6NM64 240608 300  030000-030500   00     137.26  669.2    126.75     1.66     1.36
SOPO-6NM64 240608 300  030500-031000   00     136.42  669.3    126.11     1.15     0.84
SOPO-6NM64 240608 300  031000-031500   00     136.61  669.4    126.36     1.36     1.03
SOPO-6NM64 240608 300  031500-032000   00     138.36  669.4    127.99     2.66     2.32
SOPO-6NM64 240608 300  032000-032500   00     135.91  669.5    125.82     0.92     0.57
SOPO-6NM64 240608 300  032500-033000   00     136.26  669.6    126.18     1.21     0.84
SOPO-6NM64 240608 300  033000-033500   00     136.69  669.6    126.64     1.58     1.19
SOPO-6NM64 240608 300  033500-034000   00     135.84  669.6    125.83     0.93     0.53
SOPO-6NM64 240608 300  034000-034500   00     135.41  669.5    125.31     0.51     0.10
SOPO-6NM64 240608 300  034500-035000   00     135.08  669.5    124.99     0.25    -0.18
SOPO-6NM64 240608 300  035000-035500   00     135.28  669.4    125.16     0.39    -0.05
SOPO-6NM64 240608 300  035500-040000   00     135.56  669.4    125.33     0.53     0.07
SOPO-6NM64 240608 300  040000-040500   00     135.83  669.3    125.53     0.69     0.22
SOPO-6NM64 240608 300  040500-041000   00     134.99  669.3    124.78     0.09    -0.40
SOPO-6NM64 240608 300  041000-041500   00     136.43  669.4    126.17     1.20     0.70
SOPO-6NM64 240608 300  041500-042000   00     136.06  669.5    125.94     1.02     0.50
SOPO-6NM64 240608 300  042000-042500   00     135.61  669.6    125.66     0.79     0.26
SOPO-6NM64 240608 300  042500-043000   00     134.43  669.7    124.62    -0.04    -0.59
SOPO-6NM64 240608 300  043000-043500   00     134.65  669.7    124.82     0.12    -0.44
SOPO-6NM64 240608 300  043500-044000   00     135.94  669.7    126.00     1.07     0.50
SOPO-6NM64 240608 300  044000-044500   00     135.54  669.7    125.62     0.76     0.17
SOPO-6NM64 240608 300  044500-045000   00     135.28  669.6    125.35     0.55    -0.05
SOPO-6NM64 240608 300  045000-045500   00     135.24  669.7    125.41     0.59    -0.02
SOPO-6NM64 240608 300  045500-050000   00     135.50  669.7    125.64     0.78     0.15
SOPO-6NM64 240608 300  050000-050500   00     133.87  669.7    124.14    -0.42    -1.07
SOPO-6NM64 240608 300  050500-051000   00     134.39  669.7    124.62    -0.04    -0.70
SOPO-6NM64 240608 300  051000-051500   00     134.13  669.8    124.44    -0.18    -0.85
SOPO-6NM64 240608 300  051500-052000   00     135.25  669.8    125.43     0.61    -0.07
SOPO-6NM64 240608 300  052000-052500   00     135.30  669.7    125.45     0.62    -0.08
SOPO-6NM64 240608 300  052500-053000   00     135.46  669.8    125.66     0.79     0.08
SOPO-6NM64 240608 300  053000-053500   00     134.35  669.8    124.67     0.00    -0.72
SOPO-6NM64 240608 300  053500-054000   00     134.87  669.8    125.15     0.39    -0.35
SOPO-6NM64 240608 300  054000-054500   00     136.17  669.7    126.27     1.28     0.53
SOPO-6NM64 240608 300  054500-055000   00     135.74  669.7    125.85     0.95     0.18
SOPO-6NM64 240608 300  055000-055500   00     134.38  669.8    124.67     0.00    -0.78
SOPO-6NM64 240608 300  055500-060000   00     134.56  669.8    124.87     0.16    -0.64
SOPO-6NM64 240608 300  060000-060500   00     135.57  669.9    125.84     0.94     0.13
SOPO-6NM64 240608 300  060500-061000   00     134.80  670.0    125.23     0.45    -0.38
SOPO-6NM64 240608 300  061000-061500   00     135.71  670.1    126.14     1.17     0.34
SOPO-6NM64 240608 300  061500-062000   00     134.57  670.2    125.17     0.40    -0.45
SOPO-6NM64 240608 300  062000-062500   00     135.35  670.2    125.96     1.03     0.17
SOPO-6NM64 240608 300  062500-063000   00     135.89  670.3    126.52     1.48     0.60
SOPO-6NM64 240608 300  063000-063500   00     134.69  670.3    125.42     0.60    -0.29
SOPO-6NM64 240608 300  063500-064000   00     136.13  670.4    126.82     1.73     0.82
SOPO-6NM64 240608 300  064000-064500   00     134.74  670.4    125.51     0.67    -0.25
SOPO-6NM64 240608 300  064500-065000   00     135.52  670.4    126.24     1.26     0.32
SOPO-6NM64 240608 300  065000-065500   00     134.09  670.4    124.95     0.22    -0.73
SOPO-6NM64 240608 300  065500-070000   00     136.17  670.5    126.96     1.83     0.87
SOPO-6NM64 240608 300  070000-070500   00     135.17  670.5    126.04     1.10     0.12
SOPO-6NM64 240608 300  070500-071000   00     134.74  670.5    125.63     0.77    -0.23
SOPO-6NM64 240608 300  071000-071500   00     134.59  670.6    125.56     0.71    -0.30
SOPO-6NM64 240608 300  071500-072000   00     135.59  670.7    126.59     1.54     0.51
SOPO-6NM64 240608 300  072000-072500   00     134.45  670.7    125.54     0.70    -0.34
SOPO-6NM64 240608 300  072500-073000   00     135.19  670.8    126.37     1.37     0.32
SOPO-6NM64 240608 300  073000-073500   00     135.01  670.9    126.25     1.27     0.20
SOPO-6NM64 240608 300  073500-074000   00     135.45  670.9    126.67     1.61     0.53
SOPO-6NM64 240608 300  074000-074500   00     135.41  670.9    126.66     1.60     0.50
SOPO-6NM64 240608 300  074500-075000   00     134.82  670.8    126.04     1.10    -0.01
SOPO-6NM64 240608 300  075000-075500   00     134.73  670.8    125.89     0.98    -0.14
SOPO-6NM64 240608 300  075500-080000   00     135.35  670.8    126.49     1.46     0.32
SOPO-6NM64 240608 300  080000-080500   00     134.74  670.9    126.00     1.07    -0.08
SOPO-6NM64 240608 300  080500-081000   00     135.34  671.0    126.64     1.58     0.42
SOPO-6NM64 240608 300  081000-081500   00     135.11  671.1    126.54     1.50     0.32
SOPO-6NM64 240608 300  081500-082000   00     135.36  671.2    126.86     1.76     0.57
SOPO-6NM64 240608 300  082000-082500   00     134.38  671.2    125.99     1.06    -0.15
SOPO-6NM64 240608 300  082500-083000   00     135.15  671.3    126.77     1.68     0.47
SOPO-6NM64 240608 300  083000-083500   00     134.13  671.3    125.78     0.89    -0.34
SOPO-6NM64 240608 300  083500-084000   00     134.59  671.2    126.16     1.19    -0.05
SOPO-6NM64 240608 300  084000-084500   00     134.40  671.3    126.05     1.11    -0.15
SOPO-6NM64 240608 300  084500-085000   00     134.94  671.4    126.64     1.58     0.30
SOPO-6NM64 240608 300  085000-085500   00     134.29  671.4    126.06     1.12    -0.17
SOPO-6NM64 240608 300  085500-090000   00     134.22  671.4    126.00     1.07    -0.24
SOPO-6NM64 240608 300  090000-090500   00     134.76  671.3    126.43     1.41     0.10
SOPO-6NM64 240608 300  090500-091000   00     135.51  671.3    127.11     1.96     0.63
SOPO-6NM64 240608 300  091000-091500   00     133.94  671.4    125.72     0.84    -0.50
SOPO-6NM64 240608 300  091500-092000   00     135.04  671.5    126.84     1.74     0.38
SOPO-6NM64 240608 300  092000-092500   00     133.81  671.6    125.78     0.89    -0.49
SOPO-6NM64 240608 300  092500-093000   00     133.42  671.6    125.43     0.61    -0.78
SOPO-6NM64 240608 300  093000-093500   00     134.21  671.6    126.14     1.18    -0.22
SOPO-6NM64 240608 300  093500-094000   00     133.43  671.6    125.47     0.64    -0.78
SOPO-6NM64 240608 300  094000-094500   00     134.80  671.7    126.79     1.70     0.27
SOPO-6NM64 240608 300  094500-095000   00     133.69  671.7    125.79     0.90    -0.55
SOPO-6NM64 240608 300  095000-095500   00     133.92  671.8    126.07     1.12    -0.34
SOPO-6NM64 240608 300  095500-100000   00     134.01  671.8    126.21     1.24    -0.24
SOPO-6NM64 240608 300  100000-100500   00     134.48  671.9    126.73     1.65     0.16
SOPO-6NM64 240608 300  100500-101000   00     133.07  672.0    125.43     0.60    -0.90
SOPO-6NM64 240608 300  101000-101500   00     133.91  672.0    126.23     1.25    -0.27
SOPO-6NM64 240608 300  101500-102000   00     133.26  672.0    125.62     0.76    -0.77
SOPO-6NM64 240608 300  102000-102500   00     134.22  672.0    126.52     1.48    -0.06
SOPO-6NM64 240608 300  102500-103000   00     132.90  672.0    125.29     0.49    -1.07
SOPO-6NM64 240608 300  103000-103500   00     133.19  672.0    125.55     0.70    -0.87
SOPO-6NM64 240608 300  103500-104000   00     132.53  672.0    124.92     0.20    -1.39
SOPO-6NM64 240608 300  104000-104500   00     133.68  672.0    126.04     1.10    -0.50
SOPO-6NM64 240608 300  104500-105000   00     133.45  672.0    125.88     0.97    -0.65
SOPO-6NM64 240608 300  105000-105500   00     133.70  672.1    126.17     1.20    -0.42
SOPO-6NM64 240608 300  105500-110000   00     132.42  672.1    124.99     0.26    -1.39
SOPO-6NM64 240608 300  110000-110500   00     132.53  672.1    125.06     0.31    -1.34
SOPO-6NM64 240608 300  110500-111000   00     134.08  672.1    126.51     1.48    -0.19
SOPO-6NM64 240608 300  111000-111500   00     133.95  672.1    126.36     1.35    -0.33
SOPO-6NM64 240608 300  111500-112000   00     133.08  672.0    125.47     0.64    -1.06
SOPO-6NM64 240608 300  112000-112500   00     133.06  671.9    125.40     0.58    -9999
SOPO-6NM64 240608 300  112500-113000   00     133.88  672.0    126.20     1.23    -9999
SOPO-6NM64 240608 300  113000-113500   00     132.79  672.0    125.19     0.42    -9999
SOPO-6NM64 240608 300  113500-114000   00     134.35  672.1    126.72     1.65    -9999
SOPO-6NM64 240608 300  114000-114500   00     133.81  672.2    126.32     1.32    -9999
SOPO-6NM64 240608 300  114500-115000   00     133.05  672.2    125.61     0.76    -9999
SOPO-6NM64 240608 300  115000-115500   00     133.03  672.1    125.57     0.72    -9999
SOPO-6NM64 240608 300  115500-120000   00     133.24  672.2    125.83     0.93    -9999
SOPO-6NM64 240608 3600 120000-130000   00     132.85  672.3    125.58     0.73    -9999
SOPO-6NM64 240608 3600 130000-140000   00     132.85  672.6    125.82     0.92    -9999
SOPO-6NM64 240608 3600 140000-150000   00     132.18  672.9    125.44     0.61    -9999
SOPO-6NM64 240608 3600 150000-160000   00     131.38  673.5    125.27     0.48    -9999
SOPO-6NM64 240608 3600 160000-170000   00     131.20  674.1    125.60     0.75    -9999
SOPO-6NM64 240608 3600 170000-180000   00     131.09  674.1    125.52     0.68    -9999
SOPO-6NM64 240608 3600 180000-190000   00     130.96  674.3    125.64     0.77    -9999
SOPO-6NM64 240608 3600 190000-200000   00     130.40  674.9    125.58     0.73    -9999
SOPO-6NM64 240608 3600 200000-210000   00     129.84  675.3    125.41     0.59    -9999
SOPO-6NM64 240608 3600 210000-220000   00     129.68  675.5    125.45     0.62    -9999
SOPO-6NM64 240608 3600 220000-230000   00     129.91  675.9    126.09     1.14    -9999
SOPO-6NM64 240608 3600 230000-240000   00     129.39  676.3    125.92     1.00    -9999
*
COMMENT DATA SOURCE: NMDB | DOWNLOADED ON 08.12.2024
COMMENT DETRENDING DONE BY IU
COMMENT UNIVERISTY OF OULU: FILE GENERATED FROM DATABASE AND OBTAINED FROM
COMMENT https://gle.oulu.fi at 2025-01-11 16:23:44 +00:00
COMMENT FOR HISTORICAL/ORIGINAL TEXT FILES SEE https://gle.oulu.fi/txtarchive/
COMMENT ORIGINAL AT https://gle.oulu.fi/txtarchive/GLE75/C075SOPB_cor.DAT
COMMENT DETRENDED DATA SHOW -9999 IF EQUAL TO INC% COLUMN 