MIRNY      LATITUDE    -66.55    LONGITUDE     93.02     ALTITUDE    30 M
MIRNY      INSTRUMENT   12NM64    NEUTRON MONITOR
MIRNY      STANDARD PRESSURE    1013    MB     COEFFICIENT   -0.73     % / MB
MIRNY      PRE-INCREASE BASELINE TIME INTERVAL    240608    000000-020000   UT
MIRNY      PRE-INCREASE AVERAGE COUNTING RATE    108.64      COUNTS PER SECOND
MIRNY      TIME INTERVALS    300         3600     
MIRNY      SCALE FACTORS     1           1        
STATION    YYMMDD  SEC   TIME (UT)   CODE    UNCORR. PRESS.    CORR.    % INC.	DETRENDED
                         INTERVAL    TD      C/S     (MB)      C/S
MIRNY      240607 3600 000000-010000   00     113.90  992.5    108.50    -0.13    -9999
MIRNY      240607 3600 010000-020000   00     114.18  992.2    108.48    -0.14    -9999
MIRNY      240607 3600 020000-030000   00     113.55  992.9    107.70    -0.86    -9999
MIRNY      240607 3600 030000-040000   00     113.43  993.1    108.23    -0.37    -9999
MIRNY      240607 3600 040000-050000   00     113.95  992.8    108.07    -0.52    -9999
MIRNY      240607 3600 050000-060000   00     114.28  992.6    108.20    -0.40    -9999
MIRNY      240607 3600 060000-070000   00     114.37  992.5    108.15    -0.45    -9999
MIRNY      240607 3600 070000-080000   00     114.13  992.6    108.28    -0.33    -9999
MIRNY      240607 3600 080000-090000   00     113.55  993.0    107.78    -0.79    -9999
MIRNY      240607 3600 090000-100000   00     113.87  992.9    108.07    -0.52    -9999
MIRNY      240607 3600 100000-110000   00     114.20  992.6    108.10    -0.49    -9999
MIRNY      240607 3600 110000-120000   00     113.58  992.3    107.33    -1.20    -9999
MIRNY      240607 3600 120000-130000   00     114.07  992.4    107.83    -0.74    -9999
MIRNY      240607 3600 130000-140000   00     113.62  992.1    107.13    -1.38    -9999
MIRNY      240607 3600 140000-150000   00     113.83  991.7    107.08    -1.43    -9999
MIRNY      240607 3600 150000-160000   00     114.70  991.5    107.73    -0.83    -9999
MIRNY      240607 3600 160000-170000   00     114.27  991.6    107.37    -1.17    -9999
MIRNY      240607 3600 170000-180000   00     114.60  991.6    107.67    -0.89    -9999
MIRNY      240607 3600 180000-190000   00     114.67  991.8    108.12    -0.48    -9999
MIRNY      240607 3600 190000-200000   00     115.00  991.6    108.03    -0.56    -9999
MIRNY      240607 3600 200000-210000   00     115.47  991.3    108.23    -0.37    -9999
MIRNY      240607 3600 210000-220000   00     114.75  991.9    108.05    -0.54    -9999
MIRNY      240607 3600 220000-230000   00     114.62  991.9    107.97    -0.62    -9999
MIRNY      240607 3600 230000-240000   00     114.75  991.7    108.13    -0.46    -9999
MIRNY      240608 300  000000-000500   00     114.52  991.7    107.72    -0.85    -0.85
MIRNY      240608 300  000500-001000   00     114.98  991.9    108.33    -0.28    -0.28
MIRNY      240608 300  001000-001500   00     115.52  991.8    108.70     0.06     0.06
MIRNY      240608 300  001500-002000   00     116.95  992.0    110.22     1.45     1.45
MIRNY      240608 300  002000-002500   00     115.07  992.1    108.53    -0.10    -0.10
MIRNY      240608 300  002500-003000   00     114.48  992.1    108.00    -0.59    -0.59
MIRNY      240608 300  003000-003500   00     116.60  992.2    110.05     1.30     1.29
MIRNY      240608 300  003500-004000   00     114.47  992.2    108.05    -0.54    -0.55
MIRNY      240608 300  004000-004500   00     116.70  992.0    110.00     1.25     1.24
MIRNY      240608 300  004500-005000   00     115.07  991.8    108.33    -0.28    -0.29
MIRNY      240608 300  005000-005500   00     115.32  991.7    108.43    -0.19    -0.20
MIRNY      240608 300  005500-010000   00     118.35  991.6    111.25     2.41     2.39
MIRNY      240608 300  010000-010500   00     116.15  991.5    109.12     0.44     0.42
MIRNY      240608 300  010500-011000   00     116.22  991.6    109.23     0.55     0.53
MIRNY      240608 300  011000-011500   00     114.63  991.9    107.98    -0.60    -0.62
MIRNY      240608 300  011500-012000   00     115.03  991.8    108.23    -0.37    -0.39
MIRNY      240608 300  012000-012500   00     114.63  991.8    107.88    -0.69    -0.72
MIRNY      240608 300  012500-013000   00     114.32  991.7    107.50    -1.05    -1.07
MIRNY      240608 300  013000-013500   00     114.70  991.4    107.65    -0.91    -0.94
MIRNY      240608 300  013500-014000   00     115.23  991.4    108.10    -0.49    -0.52
MIRNY      240608 300  014000-014500   00     115.62  991.5    108.55    -0.08    -0.11
MIRNY      240608 300  014500-015000   00     116.55  991.6    109.50     0.79     0.76
MIRNY      240608 300  015000-015500   00     114.57  991.7    107.77    -0.80    -0.84
MIRNY      240608 300  015500-020000   00     114.95  991.8    108.15    -0.45    -0.48
MIRNY      240608 300  020000-020500   00     113.82  991.5    106.83    -1.66    -1.70
MIRNY      240608 300  020500-021000   00     116.43  991.4    109.25     0.56     0.53
MIRNY      240608 300  021000-021500   00     117.05  991.4    109.80     1.07     1.03
MIRNY      240608 300  021500-022000   00     115.23  991.2    107.93    -0.65    -0.69
MIRNY      240608 300  022000-022500   00     116.28  991.2    108.95     0.29     0.24
MIRNY      240608 300  022500-023000   00     117.12  991.0    109.58     0.87     0.83
MIRNY      240608 300  023000-023500   00     116.50  991.1    109.08     0.41     0.36
MIRNY      240608 300  023500-024000   00     117.40  991.0    109.87     1.13     1.08
MIRNY      240608 300  024000-024500   00     118.30  991.1    110.72     1.91     1.86
MIRNY      240608 300  024500-025000   00     116.87  991.2    109.45     0.75     0.70
MIRNY      240608 300  025000-025500   00     115.78  991.3    108.55    -0.08    -0.13
MIRNY      240608 300  025500-030000   00     115.73  991.4    108.57    -0.06    -0.12
MIRNY      240608 300  030000-030500   00     115.87  991.5    108.78     0.13     0.08
MIRNY      240608 300  030500-031000   00     114.45  991.3    107.32    -1.22    -1.27
MIRNY      240608 300  031000-031500   00     115.62  991.3    108.42    -0.20    -0.26
MIRNY      240608 300  031500-032000   00     116.15  991.4    109.02     0.35     0.29
MIRNY      240608 300  032000-032500   00     117.03  991.3    109.75     1.02     0.96
MIRNY      240608 300  032500-033000   00     116.50  991.2    109.17     0.49     0.42
MIRNY      240608 300  033000-033500   00     116.03  991.3    108.82     0.17     0.10
MIRNY      240608 300  033500-034000   00     116.03  991.3    108.78     0.13     0.07
MIRNY      240608 300  034000-034500   00     114.97  991.4    107.88    -0.69    -0.76
MIRNY      240608 300  034500-035000   00     115.30  991.4    108.18    -0.42    -0.49
MIRNY      240608 300  035000-035500   00     115.72  991.4    108.58    -0.05    -0.12
MIRNY      240608 300  035500-040000   00     115.22  991.8    108.37    -0.25    -0.32
MIRNY      240608 300  040000-040500   00     115.85  991.9    109.10     0.43     0.35
MIRNY      240608 300  040500-041000   00     115.38  991.7    108.52    -0.11    -0.19
MIRNY      240608 300  041000-041500   00     115.17  991.6    108.23    -0.37    -0.45
MIRNY      240608 300  041500-042000   00     114.97  991.5    107.98    -0.60    -0.68
MIRNY      240608 300  042000-042500   00     118.28  991.4    111.02     2.19     2.11
MIRNY      240608 300  042500-043000   00     117.03  991.3    109.70     0.98     0.89
MIRNY      240608 300  043000-043500   00     116.83  991.2    109.47     0.76     0.68
MIRNY      240608 300  043500-044000   00     115.62  991.0    108.18    -0.42    -0.51
MIRNY      240608 300  044000-044500   00     116.32  991.0    108.80     0.15     0.06
MIRNY      240608 300  044500-045000   00     115.42  991.0    108.02    -0.57    -0.66
MIRNY      240608 300  045000-045500   00     115.87  991.1    108.52    -0.11    -0.20
MIRNY      240608 300  045500-050000   00     116.25  990.8    108.60    -0.03    -0.13
MIRNY      240608 300  050000-050500   00     117.02  990.7    109.23     0.55     0.45
MIRNY      240608 300  050500-051000   00     116.90  990.5    109.00     0.33     0.24
MIRNY      240608 300  051000-051500   00     117.00  990.4    108.93     0.27     0.17
MIRNY      240608 300  051500-052000   00     118.33  990.3    110.15     1.39     1.29
MIRNY      240608 300  052000-052500   00     116.63  990.3    108.57    -0.06    -0.17
MIRNY      240608 300  052500-053000   00     118.72  990.2    110.38     1.61     1.50
MIRNY      240608 300  053000-053500   00     116.08  990.0    107.83    -0.74    -0.85
MIRNY      240608 300  053500-054000   00     118.05  989.9    109.52     0.81     0.70
MIRNY      240608 300  054000-054500   00     116.25  989.7    107.68    -0.88    -0.99
MIRNY      240608 300  054500-055000   00     117.47  989.4    108.65     0.01    -0.10
MIRNY      240608 300  055000-055500   00     117.38  989.4    108.52    -0.11    -0.22
MIRNY      240608 300  055500-060000   00     116.85  989.6    108.17    -0.43    -0.55
MIRNY      240608 300  060000-060500   00     116.92  990.0    108.57    -0.06    -0.18
MIRNY      240608 300  060500-061000   00     117.75  990.4    109.72     0.99     0.88
MIRNY      240608 300  061000-061500   00     117.27  990.4    109.23     0.55     0.43
MIRNY      240608 300  061500-062000   00     116.88  990.4    108.90     0.24     0.12
MIRNY      240608 300  062000-062500   00     116.62  990.4    108.63     0.00    -0.13
MIRNY      240608 300  062500-063000   00     116.90  990.3    108.80     0.15     0.03
MIRNY      240608 300  063000-063500   00     116.58  990.2    108.47    -0.16    -0.28
MIRNY      240608 300  063500-064000   00     116.40  990.3    108.37    -0.25    -0.38
MIRNY      240608 300  064000-064500   00     115.88  990.4    107.92    -0.66    -0.79
MIRNY      240608 300  064500-065000   00     116.43  990.5    108.52    -0.11    -0.24
MIRNY      240608 300  065000-065500   00     115.58  990.5    107.75    -0.82    -0.95
MIRNY      240608 300  065500-070000   00     117.55  990.6    109.67     0.95     0.81
MIRNY      240608 300  070000-070500   00     117.50  990.6    109.62     0.90     0.77
MIRNY      240608 300  070500-071000   00     116.78  990.5    108.85     0.20     0.06
MIRNY      240608 300  071000-071500   00     115.88  990.4    107.93    -0.65    -0.79
MIRNY      240608 300  071500-072000   00     117.18  990.3    109.08     0.41     0.27
MIRNY      240608 300  072000-072500   00     118.18  990.3    110.00     1.25     1.11
MIRNY      240608 300  072500-073000   00     116.78  990.2    108.63     0.00    -0.15
MIRNY      240608 300  073000-073500   00     116.90  990.1    108.65     0.01    -0.13
MIRNY      240608 300  073500-074000   00     116.35  990.0    108.03    -0.56    -0.70
MIRNY      240608 300  074000-074500   00     116.58  990.0    108.25    -0.36    -0.51
MIRNY      240608 300  074500-075000   00     117.08  989.9    108.63     0.00    -0.15
MIRNY      240608 300  075000-075500   00     116.03  989.8    107.58    -0.97    -1.12
MIRNY      240608 300  075500-080000   00     118.58  989.8    109.98     1.24     1.09
MIRNY      240608 300  080000-080500   00     118.80  989.8    110.15     1.39     1.24
MIRNY      240608 300  080500-081000   00     117.92  989.7    109.25     0.56     0.41
MIRNY      240608 300  081000-081500   00     117.33  989.7    108.75     0.10    -0.05
MIRNY      240608 300  081500-082000   00     116.55  989.7    108.02    -0.57    -0.73
MIRNY      240608 300  082000-082500   00     117.57  989.7    108.93     0.27     0.11
MIRNY      240608 300  082500-083000   00     118.17  989.8    109.53     0.83     0.66
MIRNY      240608 300  083000-083500   00     117.22  989.8    108.67     0.03    -0.14
MIRNY      240608 300  083500-084000   00     117.57  989.8    108.98     0.32     0.15
MIRNY      240608 300  084000-084500   00     115.92  989.7    107.40    -1.14    -1.31
MIRNY      240608 300  084500-085000   00     116.22  989.6    107.58    -0.97    -1.14
MIRNY      240608 300  085000-085500   00     115.92  989.5    107.25    -1.28    -1.45
MIRNY      240608 300  085500-090000   00     118.30  989.6    109.52     0.81     0.64
MIRNY      240608 300  090000-090500   00     117.75  989.6    109.02     0.35     0.17
MIRNY      240608 300  090500-091000   00     117.05  989.6    108.42    -0.20    -0.38
MIRNY      240608 300  091000-091500   00     119.27  989.6    110.47     1.68     1.51
MIRNY      240608 300  091500-092000   00     116.37  989.5    107.65    -0.91    -1.09
MIRNY      240608 300  092000-092500   00     119.22  989.3    110.18     1.42     1.24
MIRNY      240608 300  092500-093000   00     117.55  989.3    108.62    -0.02    -0.20
MIRNY      240608 300  093000-093500   00     118.57  989.3    109.53     0.83     0.64
MIRNY      240608 300  093500-094000   00     117.80  989.2    108.77     0.12    -0.07
MIRNY      240608 300  094000-094500   00     117.87  989.1    108.73     0.09    -0.10
MIRNY      240608 300  094500-095000   00     116.77  989.0    107.67    -0.89    -1.08
MIRNY      240608 300  095000-095500   00     119.55  988.9    110.12     1.36     1.17
MIRNY      240608 300  095500-100000   00     118.13  988.8    108.78     0.13    -0.06
MIRNY      240608 300  100000-100500   00     116.23  988.7    106.93    -1.57    -1.76
MIRNY      240608 300  100500-101000   00     117.65  988.6    108.12    -0.48    -0.68
MIRNY      240608 300  101000-101500   00     118.45  988.5    108.80     0.15    -0.05
MIRNY      240608 300  101500-102000   00     118.67  988.3    108.82     0.17    -0.03
MIRNY      240608 300  102000-102500   00     118.02  988.3    108.20    -0.40    -0.60
MIRNY      240608 300  102500-103000   00     117.52  988.2    107.70    -0.86    -1.07
MIRNY      240608 300  103000-103500   00     118.60  988.1    108.60    -0.03    -0.24
MIRNY      240608 300  103500-104000   00     120.28  988.0    110.08     1.33     1.12
MIRNY      240608 300  104000-104500   00     119.47  987.9    109.23     0.55     0.34
MIRNY      240608 300  104500-105000   00     120.25  987.8    109.90     1.16     0.95
MIRNY      240608 300  105000-105500   00     119.37  987.8    109.05     0.38     0.17
MIRNY      240608 300  105500-110000   00     118.95  987.8    108.68     0.04    -0.17
MIRNY      240608 300  110000-110500   00     117.95  987.7    107.70    -0.86    -1.08
MIRNY      240608 300  110500-111000   00     119.22  987.7    108.80     0.15    -0.07
MIRNY      240608 300  111000-111500   00     119.42  987.5    108.85     0.20    -0.02
MIRNY      240608 300  111500-112000   00     119.97  987.3    109.18     0.50     0.28
MIRNY      240608 300  112000-112500   00     119.33  987.1    108.47    -0.16    -9999
MIRNY      240608 300  112500-113000   00     121.85  987.0    110.65     1.85    -9999
MIRNY      240608 300  113000-113500   00     119.70  987.0    108.73     0.09    -9999
MIRNY      240608 300  113500-114000   00     119.70  987.0    108.75     0.10    -9999
MIRNY      240608 300  114000-114500   00     118.55  986.9    107.58    -0.97    -9999
MIRNY      240608 300  114500-115000   00     120.28  986.7    109.02     0.35    -9999
MIRNY      240608 300  115000-115500   00     119.10  986.7    107.92    -0.66    -9999
MIRNY      240608 300  115500-120000   00     120.50  986.8    109.23     0.55    -9999
MIRNY      240608 3600 120000-130000   00     120.13  986.3    108.53    -0.10    -9999
MIRNY      240608 3600 130000-140000   00     121.02  985.1    108.90     0.24    -9999
MIRNY      240608 3600 140000-150000   00     122.08  984.3    108.72     0.07    -9999
MIRNY      240608 3600 150000-160000   00     122.08  984.0    108.42    -0.20    -9999
MIRNY      240608 3600 160000-170000   00     123.23  983.1    108.72     0.07    -9999
MIRNY      240608 3600 170000-180000   00     124.30  981.8    108.67     0.03    -9999
MIRNY      240608 3600 180000-190000   00     125.72  980.1    108.72     0.07    -9999
MIRNY      240608 3600 190000-200000   00     126.85  979.0    108.87     0.21    -9999
MIRNY      240608 3600 200000-210000   00     128.43  977.9    109.25     0.56    -9999
MIRNY      240608 3600 210000-220000   00     127.30  978.8    109.03     0.37    -9999
MIRNY      240608 3600 220000-230000   00     127.70  978.5    109.12     0.44    -9999
MIRNY      240608 3600 230000-240000   00     128.27  978.0    108.97     0.30    -9999
*
COMMENT DATA SOURCE: IZMIRAN | DOWNLOADED ON 08.12.2024
COMMENT DETRENDING DONE BY IU
COMMENT UNIVERISTY OF OULU: FILE GENERATED FROM DATABASE AND OBTAINED FROM
COMMENT https://gle.oulu.fi at 2025-01-11 16:23:44 +00:00
COMMENT FOR HISTORICAL/ORIGINAL TEXT FILES SEE https://gle.oulu.fi/txtarchive/
COMMENT ORIGINAL AT https://gle.oulu.fi/txtarchive/GLE75/C075MRNY_cor.DAT
COMMENT DETRENDED DATA SHOW -9999 IF EQUAL TO INC% COLUMN 