MOSCOW     LATITUDE    55.47     LONGITUDE     37.32     ALTITUDE    200 M
MOSCOW     INSTRUMENT   24NM64    NEUTRON MONITOR	
MOSCOW     STANDARD PRESSURE    1000    mb     COEFFICIENT   -0.71     % / mb
MOSCOW     PRE-INCREASE BASELINE TIME INTERVAL    170910    140000-160000   UT
MOSCOW     PRE-INCREASE AVERAGE COUNTING RATE    164.96      COUNTS PER SECOND
MOSCOW     TIME INTERVALS    300         3600     
MOSCOW     SCALE FACTORS     1           1        
STATION    YYMMDD  SEC   TIME (UT)   CODE    UNCORR. PRESS.    CORR.    % INC.	DETRENDED
                         INTERVAL    TD      C/S     (mb)      C/S
MOSCOW     170909 3600 000000-010000   00     178.22  987.6    163.04    -1.17    -9999
MOSCOW     170909 3600 010000-020000   00     177.07  988.0    162.40    -1.55    -9999
MOSCOW     170909 3600 020000-030000   00     176.70  988.3    162.45    -1.52    -9999
MOSCOW     170909 3600 030000-040000   00     176.67  988.9    163.06    -1.15    -9999
MOSCOW     170909 3600 040000-050000   00     175.77  989.5    162.96    -1.21    -9999
MOSCOW     170909 3600 050000-060000   00     175.71  990.1    163.57    -0.84    -9999
MOSCOW     170909 3600 060000-070000   00     175.61  990.5    163.97    -0.60    -9999
MOSCOW     170909 3600 070000-080000   00     174.83  990.8    163.59    -0.83    -9999
MOSCOW     170909 3600 080000-090000   00     175.18  990.9    164.07    -0.54    -9999
MOSCOW     170909 3600 090000-100000   00     173.46  991.0    162.61    -1.42    -9999
MOSCOW     170909 3600 100000-110000   00     172.51  991.5    162.31    -1.61    -9999
MOSCOW     170909 3600 110000-120000   00     172.00  991.8    162.10    -1.73    -9999
MOSCOW     170909 3600 120000-130000   00     171.02  992.0    161.41    -2.16    -9999
MOSCOW     170909 3600 130000-140000   00     171.87  992.2    162.45    -1.52    -9999
MOSCOW     170909 3600 140000-150000   00     172.02  992.4    162.85    -1.28    -9999
MOSCOW     170909 3600 150000-160000   00     171.77  992.3    162.56    -1.46    -9999
MOSCOW     170909 3600 160000-170000   00     171.71  992.5    162.66    -1.39    -9999
MOSCOW     170909 3600 170000-180000   00     171.29  992.7    162.47    -1.51    -9999
MOSCOW     170909 3600 180000-190000   00     172.29  992.8    163.60    -0.82    -9999
MOSCOW     170909 3600 190000-200000   00     170.27  993.0    161.94    -1.83    -9999
MOSCOW     170909 3600 200000-210000   00     170.21  993.2    162.11    -1.73    -9999
MOSCOW     170909 3600 210000-220000   00     170.83  993.4    162.95    -1.22    -9999
MOSCOW     170909 3600 220000-230000   00     171.89  993.6    164.18    -0.47    -9999
MOSCOW     170909 3600 230000-240000   00     172.25  993.7    164.66    -0.18    -9999
MOSCOW     170910 3600 000000-010000   00     172.14  993.9    164.74    -0.13    -9999
MOSCOW     170910 3600 010000-020000   00     172.69  993.9    165.25     0.17    -9999
MOSCOW     170910 3600 020000-030000   00     172.18  993.9    164.77    -0.12    -9999
MOSCOW     170910 3600 030000-040000   00     172.32  993.9    164.98     0.01    -9999
MOSCOW     170910 3600 040000-050000   00     172.78  994.2    165.76     0.48    -9999
MOSCOW     170910 3600 050000-060000   00     172.56  994.2    165.52     0.34    -9999
MOSCOW     170910 3600 060000-070000   00     172.91  994.4    166.03     0.65    -9999
MOSCOW     170910 3600 070000-080000   00     172.96  994.3    165.97     0.61    -9999
MOSCOW     170910 3600 080000-090000   00     172.91  994.0    165.65     0.42    -9999
MOSCOW     170910 3600 090000-100000   00     173.23  993.8    165.73     0.46    -9999
MOSCOW     170910 3600 100000-110000   00     174.03  993.6    166.13     0.71    -9999
MOSCOW     170910 3600 110000-120000   00     173.94  993.3    165.74     0.47    -9999
MOSCOW     170910 300  120000-120500   00     173.45  993.3    165.28     0.19    -9999
MOSCOW     170910 300  120500-121000   00     173.87  993.2    165.60     0.39    -9999
MOSCOW     170910 300  121000-121500   00     173.88  993.2    165.60     0.39    -9999
MOSCOW     170910 300  121500-122000   00     174.03  993.3    165.83     0.53    -9999
MOSCOW     170910 300  122000-122500   00     173.15  993.3    164.95    -0.01    -9999
MOSCOW     170910 300  122500-123000   00     172.73  993.2    164.48    -0.29    -9999
MOSCOW     170910 300  123000-123500   00     171.55  993.2    163.35    -0.98    -9999
MOSCOW     170910 300  123500-124000   00     173.63  993.1    165.23     0.16    -9999
MOSCOW     170910 300  124000-124500   00     174.95  993.1    166.47     0.92    -9999
MOSCOW     170910 300  124500-125000   00     174.67  993.1    166.20     0.75    -9999
MOSCOW     170910 300  125000-125500   00     174.38  993.1    165.95     0.60    -9999
MOSCOW     170910 300  125500-130000   00     175.95  993.0    167.30     1.42    -9999
MOSCOW     170910 300  130000-130500   00     173.07  993.1    164.65    -0.19    -9999
MOSCOW     170910 300  130500-131000   00     175.57  993.0    166.97     1.22    -9999
MOSCOW     170910 300  131000-131500   00     174.85  993.0    166.25     0.78    -9999
MOSCOW     170910 300  131500-132000   00     175.37  993.0    166.75     1.09    -9999
MOSCOW     170910 300  132000-132500   00     173.55  992.9    164.92    -0.02    -9999
MOSCOW     170910 300  132500-133000   00     172.52  992.9    163.92    -0.63    -9999
MOSCOW     170910 300  133000-133500   00     173.63  992.9    164.98     0.01    -9999
MOSCOW     170910 300  133500-134000   00     174.38  992.9    165.75     0.48    -9999
MOSCOW     170910 300  134000-134500   00     174.35  993.0    165.78     0.50    -9999
MOSCOW     170910 300  134500-135000   00     174.25  993.0    165.70     0.45    -9999
MOSCOW     170910 300  135000-135500   00     172.70  993.0    164.20    -0.46    -9999
MOSCOW     170910 300  135500-140000   00     175.07  993.0    166.45     0.90    -9999
MOSCOW     170910 300  140000-140500   00     175.92  992.9    167.15     1.33    -9999
MOSCOW     170910 300  140500-141000   00     174.32  992.9    165.63     0.41    -9999
MOSCOW     170910 300  141000-141500   00     173.97  992.9    165.28     0.19    -9999
MOSCOW     170910 300  141500-142000   00     174.07  992.9    165.38     0.25    -9999
MOSCOW     170910 300  142000-142500   00     172.37  992.9    163.78    -0.72    -9999
MOSCOW     170910 300  142500-143000   00     173.77  992.9    165.12     0.10    -9999
MOSCOW     170910 300  143000-143500   00     174.33  992.9    165.62     0.40    -9999
MOSCOW     170910 300  143500-144000   00     173.50  992.8    164.73    -0.14    -9999
MOSCOW     170910 300  144000-144500   00     172.80  992.8    164.08    -0.53    -9999
MOSCOW     170910 300  144500-145000   00     173.40  992.7    164.58    -0.23    -9999
MOSCOW     170910 300  145000-145500   00     174.40  992.7    165.47     0.31    -9999
MOSCOW     170910 300  145500-150000   00     172.95  992.7    164.08    -0.53    -9999
MOSCOW     170910 300  150000-150500   00     174.33  992.7    165.40     0.27    -9999
MOSCOW     170910 300  150500-151000   00     172.58  992.7    163.75    -0.73    -9999
MOSCOW     170910 300  151000-151500   00     176.45  992.7    167.37     1.46    -9999
MOSCOW     170910 300  151500-152000   00     174.00  992.6    164.98     0.01    -9999
MOSCOW     170910 300  152000-152500   00     174.45  992.6    165.42     0.28    -9999
MOSCOW     170910 300  152500-153000   00     173.37  992.6    164.37    -0.36    -9999
MOSCOW     170910 300  153000-153500   00     174.35  992.6    165.30     0.21    -9999
MOSCOW     170910 300  153500-154000   00     173.33  992.5    164.27    -0.42    -9999
MOSCOW     170910 300  154000-154500   00     174.87  992.5    165.68     0.44    -9999
MOSCOW     170910 300  154500-155000   00     173.90  992.6    164.83    -0.08    -9999
MOSCOW     170910 300  155000-155500   00     171.60  992.5    162.60    -1.43    -9999
MOSCOW     170910 300  155500-160000   00     173.18  992.6    164.25    -0.43    -9999
MOSCOW     170910 300  160000-160500   00     174.67  992.7    165.73     0.47     0.30
MOSCOW     170910 300  160500-161000   00     172.58  992.8    163.87    -0.66    -0.84
MOSCOW     170910 300  161000-161500   00     173.03  992.8    164.28    -0.41    -0.60
MOSCOW     170910 300  161500-162000   00     172.80  992.8    164.07    -0.54    -0.74
MOSCOW     170910 300  162000-162500   00     172.78  992.8    164.05    -0.55    -0.76
MOSCOW     170910 300  162500-163000   00     172.32  992.8    163.60    -0.82    -1.04
MOSCOW     170910 300  163000-163500   00     175.60  992.8    166.73     1.07     0.84
MOSCOW     170910 300  163500-164000   00     176.35  992.8    167.45     1.51     1.27
MOSCOW     170910 300  164000-164500   00     175.55  992.8    166.63     1.01     0.76
MOSCOW     170910 300  164500-165000   00     175.88  992.7    166.88     1.16     0.90
MOSCOW     170910 300  165000-165500   00     177.72  992.7    168.62     2.22     1.94
MOSCOW     170910 300  165500-170000   00     176.88  992.7    167.82     1.73     1.44
MOSCOW     170910 300  170000-170500   00     177.58  992.7    168.50     2.15     1.85
MOSCOW     170910 300  170500-171000   00     177.32  992.7    168.22     1.98     1.67
MOSCOW     170910 300  171000-171500   00     177.42  992.6    168.22     1.98     1.66
MOSCOW     170910 300  171500-172000   00     178.60  992.6    169.33     2.65     2.32
MOSCOW     170910 300  172000-172500   00     177.95  992.6    168.72     2.28     1.94
MOSCOW     170910 300  172500-173000   00     178.48  992.6    169.22     2.58     2.23
MOSCOW     170910 300  173000-173500   00     176.22  992.6    167.03     1.25     0.89
MOSCOW     170910 300  173500-174000   00     180.67  992.6    171.28     3.83     3.46
MOSCOW     170910 300  174000-174500   00     178.55  992.6    169.28     2.62     2.24
MOSCOW     170910 300  174500-175000   00     179.13  992.6    169.83     2.95     2.55
MOSCOW     170910 300  175000-175500   00     178.45  992.5    169.12     2.52     2.11
MOSCOW     170910 300  175500-180000   00     178.30  992.5    168.93     2.41     1.99
MOSCOW     170910 300  180000-180500   00     178.52  992.5    169.18     2.56     2.13
MOSCOW     170910 300  180500-181000   00     178.48  992.6    169.23     2.59     2.15
MOSCOW     170910 300  181000-181500   00     180.12  992.6    170.77     3.52     3.07
MOSCOW     170910 300  181500-182000   00     177.10  992.6    167.92     1.79     1.33
MOSCOW     170910 300  182000-182500   00     175.92  992.6    166.80     1.12     0.65
MOSCOW     170910 300  182500-183000   00     175.83  992.6    166.72     1.07     0.59
MOSCOW     170910 300  183000-183500   00     178.55  992.6    169.28     2.62     2.13
MOSCOW     170910 300  183500-184000   00     179.73  992.6    170.42     3.31     2.81
MOSCOW     170910 300  184000-184500   00     176.77  992.5    167.52     1.55     1.03
MOSCOW     170910 300  184500-185000   00     178.98  992.5    169.57     2.79     2.26
MOSCOW     170910 300  185000-185500   00     177.68  992.5    168.35     2.06     1.52
MOSCOW     170910 300  185500-190000   00     176.85  992.5    167.55     1.57     1.02
MOSCOW     170910 300  190000-190500   00     177.07  992.5    167.75     1.69     1.13
MOSCOW     170910 300  190500-191000   00     179.80  992.5    170.32     3.25     2.68
MOSCOW     170910 300  191000-191500   00     174.37  992.4    165.08     0.07    -0.51
MOSCOW     170910 300  191500-192000   00     176.85  992.4    167.43     1.50     0.91
MOSCOW     170910 300  192000-192500   00     176.20  992.3    166.72     1.07     0.47
MOSCOW     170910 300  192500-193000   00     177.27  992.3    167.72     1.67     1.06
MOSCOW     170910 300  193000-193500   00     176.67  992.3    167.13     1.32     0.70
MOSCOW     170910 300  193500-194000   00     174.80  992.3    165.37     0.25    -0.38
MOSCOW     170910 300  194000-194500   00     177.37  992.3    167.78     1.71     1.06
MOSCOW     170910 300  194500-195000   00     176.65  992.3    167.12     1.31     0.65
MOSCOW     170910 300  195000-195500   00     176.27  992.3    166.77     1.10     0.43
MOSCOW     170910 300  195500-200000   00     175.87  992.3    166.37     0.85     0.17
MOSCOW     170910 300  200000-200500   00     176.70  992.4    167.28     1.41     0.72
MOSCOW     170910 300  200500-201000   00     173.10  992.3    163.78    -0.72    -1.42
MOSCOW     170910 300  201000-201500   00     176.58  992.3    167.07     1.28     0.57
MOSCOW     170910 300  201500-202000   00     176.95  992.3    167.40     1.48     0.76
MOSCOW     170910 300  202000-202500   00     176.55  992.3    167.08     1.29     0.56
MOSCOW     170910 300  202500-203000   00     176.52  992.4    167.12     1.31     0.57
MOSCOW     170910 300  203000-203500   00     175.38  992.4    166.05     0.66    -0.09
MOSCOW     170910 300  203500-204000   00     176.23  992.4    166.85     1.15     0.38
MOSCOW     170910 300  204000-204500   00     174.93  992.4    165.62     0.40    -0.38
MOSCOW     170910 300  204500-205000   00     176.12  992.5    166.80     1.12     0.33
MOSCOW     170910 300  205000-205500   00     173.60  992.5    164.48    -0.29    -1.09
MOSCOW     170910 300  205500-210000   00     177.95  992.5    168.60     2.21     1.40
MOSCOW     170910 300  210000-210500   00     174.25  992.5    165.08     0.07    -0.75
MOSCOW     170910 300  210500-211000   00     176.28  992.5    167.03     1.25     0.42
MOSCOW     170910 300  211000-211500   00     175.88  992.5    166.70     1.05     0.21
MOSCOW     170910 300  211500-212000   00     176.87  992.6    167.70     1.66     0.81
MOSCOW     170910 300  212000-212500   00     175.10  992.6    166.02     0.64    -0.22
MOSCOW     170910 300  212500-213000   00     176.40  992.6    167.25     1.39     0.52
MOSCOW     170910 300  213000-213500   00     174.77  992.6    165.63     0.41    -0.48
MOSCOW     170910 300  213500-214000   00     175.43  992.6    166.33     0.83    -0.07
MOSCOW     170910 300  214000-214500   00     174.47  992.6    165.42     0.28    -0.63
MOSCOW     170910 300  214500-215000   00     177.63  992.6    168.42     2.10     1.18
MOSCOW     170910 300  215000-215500   00     175.27  992.6    166.17     0.73    -0.20
MOSCOW     170910 300  215500-220000   00     176.25  992.6    167.10     1.30     0.36
MOSCOW     170910 300  220000-220500   00     175.85  992.5    166.65     1.02     0.07
MOSCOW     170910 300  220500-221000   00     175.60  992.5    166.37     0.85    -0.11
MOSCOW     170910 300  221000-221500   00     175.75  992.5    166.52     0.95    -0.02
MOSCOW     170910 300  221500-222000   00     177.25  992.5    167.95     1.81     0.83
MOSCOW     170910 300  222000-222500   00     176.63  992.5    167.35     1.45     0.46
MOSCOW     170910 300  222500-223000   00     176.78  992.6    167.58     1.59     0.58
MOSCOW     170910 300  223000-223500   00     176.57  992.6    167.40     1.48     0.46
MOSCOW     170910 300  223500-224000   00     173.63  992.5    164.55    -0.25    -1.28
MOSCOW     170910 300  224000-224500   00     178.12  992.5    168.75     2.30     1.26
MOSCOW     170910 300  224500-225000   00     175.93  992.5    166.68     1.04    -0.01
MOSCOW     170910 300  225000-225500   00     174.25  992.5    165.10     0.08    -0.98
MOSCOW     170910 300  225500-230000   00     174.80  992.5    165.60     0.39    -0.68
MOSCOW     170910 300  230000-230500   00     176.62  992.5    167.33     1.44     0.36
MOSCOW     170910 300  230500-231000   00     177.08  992.5    167.77     1.70     0.61
MOSCOW     170910 300  231000-231500   00     176.58  992.5    167.32     1.43     0.33
MOSCOW     170910 300  231500-232000   00     176.87  992.5    167.57     1.58     0.47
MOSCOW     170910 300  232000-232500   00     176.62  992.5    167.33     1.44     0.31
MOSCOW     170910 300  232500-233000   00     177.45  992.5    168.12     1.92     0.78
MOSCOW     170910 300  233000-233500   00     177.00  992.5    167.65     1.63     0.48
MOSCOW     170910 300  233500-234000   00     176.42  992.4    167.03     1.25     0.09
MOSCOW     170910 300  234000-234500   00     174.93  992.4    165.62     0.40    -0.77
MOSCOW     170910 300  234500-235000   00     174.43  992.4    165.12     0.10    -1.08
MOSCOW     170910 300  235000-235500   00     176.48  992.4    167.03     1.25     0.06
MOSCOW     170910 300  235500-240000   00     176.53  992.4    167.13     1.32     0.12
MOSCOW     170911 300  000000-000500   00     176.43  992.5    167.13     1.32     0.11
MOSCOW     170911 300  000500-001000   00     175.52  992.4    166.18     0.74    -9999
MOSCOW     170911 300  001000-001500   00     177.72  992.4    168.27     2.01    -9999
MOSCOW     170911 300  001500-002000   00     176.50  992.5    167.22     1.37    -9999
MOSCOW     170911 300  002000-002500   00     177.32  992.5    167.98     1.83    -9999
MOSCOW     170911 300  002500-003000   00     175.92  992.5    166.67     1.04    -9999
MOSCOW     170911 300  003000-003500   00     173.18  992.5    164.08    -0.53    -9999
MOSCOW     170911 300  003500-004000   00     176.13  992.5    166.88     1.16    -9999
MOSCOW     170911 300  004000-004500   00     175.68  992.5    166.43     0.89    -9999
MOSCOW     170911 300  004500-005000   00     176.30  992.5    167.03     1.25    -9999
MOSCOW     170911 300  005000-005500   00     174.98  992.5    165.78     0.50    -9999
MOSCOW     170911 300  005500-010000   00     176.40  992.4    167.03     1.25    -9999
MOSCOW     170911 300  010000-010500   00     175.70  992.4    166.33     0.83    -9999
MOSCOW     170911 300  010500-011000   00     176.50  992.4    167.05     1.27    -9999
MOSCOW     170911 300  011000-011500   00     175.53  992.3    166.10     0.69    -9999
MOSCOW     170911 300  011500-012000   00     176.00  992.4    166.63     1.01    -9999
MOSCOW     170911 300  012000-012500   00     176.38  992.4    166.97     1.22    -9999
MOSCOW     170911 300  012500-013000   00     177.33  992.4    167.88     1.77    -9999
MOSCOW     170911 300  013000-013500   00     177.28  992.4    167.90     1.78    -9999
MOSCOW     170911 300  013500-014000   00     174.97  992.5    165.77     0.49    -9999
MOSCOW     170911 300  014000-014500   00     177.88  992.5    168.53     2.16    -9999
MOSCOW     170911 300  014500-015000   00     175.65  992.5    166.42     0.89    -9999
MOSCOW     170911 300  015000-015500   00     177.47  992.5    168.08     1.89    -9999
MOSCOW     170911 300  015500-020000   00     176.37  992.4    166.98     1.22    -9999
MOSCOW     170911 300  020000-020500   00     173.98  992.4    164.67    -0.18    -9999
MOSCOW     170911 300  020500-021000   00     176.65  992.3    167.12     1.31    -9999
MOSCOW     170911 300  021000-021500   00     175.92  992.3    166.43     0.89    -9999
MOSCOW     170911 300  021500-022000   00     176.32  992.2    166.70     1.05    -9999
MOSCOW     170911 300  022000-022500   00     175.48  992.2    165.90     0.57    -9999
MOSCOW     170911 300  022500-023000   00     174.02  992.2    164.52    -0.27    -9999
MOSCOW     170911 300  023000-023500   00     175.22  992.2    165.65     0.42    -9999
MOSCOW     170911 300  023500-024000   00     177.47  992.2    167.83     1.74    -9999
MOSCOW     170911 300  024000-024500   00     177.17  992.3    167.62     1.61    -9999
MOSCOW     170911 300  024500-025000   00     175.57  992.3    166.10     0.69    -9999
MOSCOW     170911 300  025000-025500   00     177.02  992.3    167.47     1.52    -9999
MOSCOW     170911 300  025500-030000   00     177.47  992.3    167.88     1.77    -9999
MOSCOW     170911 300  030000-030500   00     178.12  992.3    168.50     2.15    -9999
MOSCOW     170911 300  030500-031000   00     176.62  992.3    167.08     1.29    -9999
MOSCOW     170911 300  031000-031500   00     175.23  992.3    165.80     0.51    -9999
MOSCOW     170911 300  031500-032000   00     176.97  992.4    167.53     1.56    -9999
MOSCOW     170911 300  032000-032500   00     176.13  992.4    166.75     1.09    -9999
MOSCOW     170911 300  032500-033000   00     177.52  992.4    168.05     1.87    -9999
MOSCOW     170911 300  033000-033500   00     176.13  992.4    166.77     1.10    -9999
MOSCOW     170911 300  033500-034000   00     177.90  992.3    168.32     2.04    -9999
MOSCOW     170911 300  034000-034500   00     175.47  992.3    166.02     0.64    -9999
MOSCOW     170911 300  034500-035000   00     176.48  992.3    166.97     1.22    -9999
MOSCOW     170911 300  035000-035500   00     175.43  992.3    165.97     0.61    -9999
MOSCOW     170911 300  035500-040000   00     177.70  992.3    168.13     1.92    -9999
MOSCOW     170911 300  040000-040500   00     177.42  992.3    167.90     1.78    -9999
MOSCOW     170911 300  040500-041000   00     176.47  992.4    167.07     1.28    -9999
MOSCOW     170911 300  041000-041500   00     176.33  992.4    166.95     1.21    -9999
MOSCOW     170911 300  041500-042000   00     176.45  992.4    167.07     1.28    -9999
MOSCOW     170911 300  042000-042500   00     179.15  992.4    169.60     2.81    -9999
MOSCOW     170911 300  042500-043000   00     176.83  992.4    167.42     1.49    -9999
MOSCOW     170911 300  043000-043500   00     176.37  992.4    166.97     1.22    -9999
MOSCOW     170911 300  043500-044000   00     176.78  992.4    167.40     1.48    -9999
MOSCOW     170911 300  044000-044500   00     176.90  992.3    167.37     1.46    -9999
MOSCOW     170911 300  044500-045000   00     177.62  992.3    167.98     1.83    -9999
MOSCOW     170911 300  045000-045500   00     178.62  992.3    168.98     2.44    -9999
MOSCOW     170911 300  045500-050000   00     174.90  992.3    165.45     0.30    -9999
MOSCOW     170911 300  050000-050500   00     176.98  992.3    167.43     1.50    -9999
MOSCOW     170911 300  050500-051000   00     175.40  992.3    165.95     0.60    -9999
MOSCOW     170911 300  051000-051500   00     177.95  992.3    168.38     2.07    -9999
MOSCOW     170911 300  051500-052000   00     176.80  992.3    167.30     1.42    -9999
MOSCOW     170911 300  052000-052500   00     177.43  992.3    167.87     1.76    -9999
MOSCOW     170911 300  052500-053000   00     176.75  992.3    167.22     1.37    -9999
MOSCOW     170911 300  053000-053500   00     178.97  992.2    169.22     2.58    -9999
MOSCOW     170911 300  053500-054000   00     177.33  992.3    167.72     1.67    -9999
MOSCOW     170911 300  054000-054500   00     179.42  992.2    169.60     2.81    -9999
MOSCOW     170911 300  054500-055000   00     178.90  992.1    169.03     2.47    -9999
MOSCOW     170911 300  055000-055500   00     176.07  992.1    166.38     0.86    -9999
MOSCOW     170911 300  055500-060000   00     177.13  992.2    167.45     1.51    -9999
MOSCOW     170911 300  060000-060500   00     179.23  992.2    169.45     2.72    -9999
MOSCOW     170911 300  060500-061000   00     177.98  992.2    168.27     2.01    -9999
MOSCOW     170911 300  061000-061500   00     176.58  992.2    166.95     1.21    -9999
MOSCOW     170911 300  061500-062000   00     177.18  992.3    167.58     1.59    -9999
MOSCOW     170911 300  062000-062500   00     177.62  992.3    168.00     1.84    -9999
MOSCOW     170911 300  062500-063000   00     176.55  992.2    166.95     1.21    -9999
MOSCOW     170911 300  063000-063500   00     177.00  992.3    167.45     1.51    -9999
MOSCOW     170911 300  063500-064000   00     177.73  992.3    168.17     1.95    -9999
MOSCOW     170911 300  064000-064500   00     176.82  992.3    167.27     1.40    -9999
MOSCOW     170911 300  064500-065000   00     177.60  992.3    168.05     1.87    -9999
MOSCOW     170911 300  065000-065500   00     177.90  992.4    168.42     2.10    -9999
MOSCOW     170911 300  065500-070000   00     176.30  992.4    166.95     1.21    -9999
MOSCOW     170911 300  070000-070500   00     178.53  992.5    169.13     2.53    -9999
MOSCOW     170911 300  070500-071000   00     178.42  992.5    169.00     2.45    -9999
MOSCOW     170911 300  071000-071500   00     178.78  992.4    169.28     2.62    -9999
MOSCOW     170911 300  071500-072000   00     176.48  992.5    167.18     1.35    -9999
MOSCOW     170911 300  072000-072500   00     178.25  992.5    168.85     2.36    -9999
MOSCOW     170911 300  072500-073000   00     177.47  992.5    168.13     1.92    -9999
MOSCOW     170911 300  073000-073500   00     177.83  992.5    168.48     2.13    -9999
MOSCOW     170911 300  073500-074000   00     178.48  992.4    168.97     2.43    -9999
MOSCOW     170911 300  074000-074500   00     176.07  992.3    166.52     0.95    -9999
MOSCOW     170911 300  074500-075000   00     176.60  992.2    166.97     1.22    -9999
MOSCOW     170911 300  075000-075500   00     177.35  992.2    167.67     1.64    -9999
MOSCOW     170911 300  075500-080000   00     176.83  992.2    167.17     1.34    -9999
MOSCOW     170911 300  080000-080500   00     176.32  992.1    166.62     1.01    -9999
MOSCOW     170911 300  080500-081000   00     177.88  992.1    168.00     1.84    -9999
MOSCOW     170911 300  081000-081500   00     178.25  992.0    168.27     2.01    -9999
MOSCOW     170911 300  081500-082000   00     179.52  992.0    169.43     2.71    -9999
MOSCOW     170911 300  082000-082500   00     179.20  991.9    169.02     2.46    -9999
MOSCOW     170911 300  082500-083000   00     175.28  991.8    165.27     0.19    -9999
MOSCOW     170911 300  083000-083500   00     180.08  991.7    169.68     2.86    -9999
MOSCOW     170911 300  083500-084000   00     178.07  991.6    167.65     1.63    -9999
MOSCOW     170911 300  084000-084500   00     179.10  991.7    168.68     2.26    -9999
MOSCOW     170911 300  084500-085000   00     178.02  991.8    167.78     1.71    -9999
MOSCOW     170911 300  085000-085500   00     178.68  991.8    168.48     2.13    -9999
MOSCOW     170911 300  085500-090000   00     179.98  991.9    169.78     2.92    -9999
MOSCOW     170911 300  090000-090500   00     178.17  991.8    168.00     1.84    -9999
MOSCOW     170911 300  090500-091000   00     180.30  991.6    169.75     2.90    -9999
MOSCOW     170911 300  091000-091500   00     177.78  991.7    167.45     1.51    -9999
MOSCOW     170911 300  091500-092000   00     180.25  991.7    169.77     2.92    -9999
MOSCOW     170911 300  092000-092500   00     177.98  991.7    169.72     2.89    -9999
MOSCOW     170911 300  092500-093000   00     178.00  991.8    169.80     2.93    -9999
MOSCOW     170911 300  093000-093500   00     178.88  991.7    168.52     2.16    -9999
MOSCOW     170911 300  093500-094000   00     178.35  991.6    167.93     1.80    -9999
MOSCOW     170911 300  094000-094500   00     178.95  991.6    168.45     2.12    -9999
MOSCOW     170911 300  094500-095000   00     179.57  991.7    169.15     2.54    -9999
MOSCOW     170911 300  095000-095500   00     176.53  991.7    166.30     0.81    -9999
MOSCOW     170911 300  095500-100000   00     178.12  991.7    167.82     1.73    -9999
MOSCOW     170911 300  100000-100500   00     178.68  991.7    168.28     2.01    -9999
MOSCOW     170911 300  100500-101000   00     178.00  991.7    167.65     1.63    -9999
MOSCOW     170911 300  101000-101500   00     179.22  991.6    168.75     2.30    -9999
MOSCOW     170911 300  101500-102000   00     178.37  991.7    167.97     1.82    -9999
MOSCOW     170911 300  102000-102500   00     179.43  991.6    168.90     2.39    -9999
MOSCOW     170911 300  102500-103000   00     176.60  991.6    166.18     0.74    -9999
MOSCOW     170911 300  103000-103500   00     178.45  991.4    167.78     1.71    -9999
MOSCOW     170911 300  103500-104000   00     178.85  991.3    168.03     1.86    -9999
MOSCOW     170911 300  104000-104500   00     179.95  991.3    169.02     2.46    -9999
MOSCOW     170911 300  104500-105000   00     176.05  991.3    165.37     0.25    -9999
MOSCOW     170911 300  105000-105500   00     177.75  991.3    166.93     1.19    -9999
MOSCOW     170911 300  105500-110000   00     178.30  991.2    167.37     1.46    -9999
MOSCOW     170911 300  110000-110500   00     178.17  991.3    167.32     1.43    -9999
MOSCOW     170911 300  110500-111000   00     179.03  991.3    168.10     1.90    -9999
MOSCOW     170911 300  111000-111500   00     179.92  991.3    169.00     2.45    -9999
MOSCOW     170911 300  111500-112000   00     179.10  991.3    168.22     1.98    -9999
MOSCOW     170911 300  112000-112500   00     176.17  991.3    165.43     0.28    -9999
MOSCOW     170911 300  112500-113000   00     177.50  991.2    166.60     0.99    -9999
MOSCOW     170911 300  113000-113500   00     176.75  991.2    165.85     0.54    -9999
MOSCOW     170911 300  113500-114000   00     179.90  991.2    168.85     2.36    -9999
MOSCOW     170911 300  114000-114500   00     179.33  991.2    168.35     2.06    -9999
MOSCOW     170911 300  114500-115000   00     177.88  991.2    167.02     1.25    -9999
MOSCOW     170911 300  115000-115500   00     178.30  991.2    167.40     1.48    -9999
MOSCOW     170911 300  115500-120000   00     177.93  991.3    167.12     1.31    -9999
MOSCOW     170911 3600 120000-130000   00     177.84  991.2    166.96     1.21    -9999
MOSCOW     170911 3600 130000-140000   00     178.14  991.3    167.28     1.41    -9999
MOSCOW     170911 3600 140000-150000   00     178.53  991.2    167.54     1.56    -9999
MOSCOW     170911 3600 150000-160000   00     179.12  991.1    168.03     1.86    -9999
MOSCOW     170911 3600 160000-170000   00     176.83  991.2    165.99     0.63    -9999
MOSCOW     170911 3600 170000-180000   00     176.96  991.4    166.35     0.84    -9999
MOSCOW     170911 3600 180000-190000   00     175.57  991.6    165.22     0.16    -9999
MOSCOW     170911 3600 190000-200000   00     176.25  991.2    165.47     0.31    -9999
MOSCOW     170911 3600 200000-210000   00     177.79  991.2    166.88     1.16    -9999
MOSCOW     170911 3600 210000-220000   00     177.57  991.2    166.69     1.05    -9999
MOSCOW     170911 3600 220000-230000   00     177.15  991.1    166.16     0.73    -9999
MOSCOW     170911 3600 230000-240000   00     177.63  991.2    166.69     1.05    -9999
*
Comment: 1-hr data scaled 1.067 to match 5-min data	
Comment: Data from http://cr0.izmiran.ru/mosc/main.htm	
COMMENT UNIVERISTY OF OULU: FILE GENERATED FROM DATABASE AND OBTAINED FROM
COMMENT https://gle.oulu.fi at 2025-01-11 16:21:59 +00:00
COMMENT FOR HISTORICAL/ORIGINAL TEXT FILES SEE https://gle.oulu.fi/txtarchive/
COMMENT ORIGINAL AT https://gle.oulu.fi/txtarchive/GLE72/C072MOSC_cor.DAT
COMMENT DETRENDED DATA SHOW -9999 IF EQUAL TO INC% COLUMN 