ATHENS     LATITUDE    37.97     LONGITUDE     23.72     ALTITUDE    40 M
ATHENS     INSTRUMENT   3NM64    NEUTRON MONITOR     
ATHENS     STANDARD PRESSURE    980     mb     COEFFICIENT   -0.7      % / mb
ATHENS     PRE-INCREASE BASELINE TIME INTERVAL    170910    140000-160000   UT
ATHENS     PRE-INCREASE AVERAGE COUNTING RATE     55.78      COUNTS PER SECOND
ATHENS     TIME INTERVALS    300         3600     
ATHENS     SCALE FACTORS     1           1        
STATION    YYMMDD  SEC   TIME (UT)   CODE    UNCORR. PRESS.    CORR.    % INC.	DETRENDED
                         INTERVAL    TD      C/S     (mb)      C/S
ATHENS     170909 3600 000000-010000   00      54.70  981.4     55.20    -1.04    -9999
ATHENS     170909 3600 010000-020000   00      55.12  981.2     55.54    -0.44    -9999
ATHENS     170909 3600 020000-030000   00      55.31  980.8     55.58    -0.37    -9999
ATHENS     170909 3600 030000-040000   00      55.04  980.5     55.28    -0.89    -9999
ATHENS     170909 3600 040000-050000   00      54.96  980.5     55.12    -1.18    -9999
ATHENS     170909 3600 050000-060000   00      54.89  980.6     55.10    -1.22    -9999
ATHENS     170909 3600 060000-070000   00      54.75  981.1     55.18    -1.08    -9999
ATHENS     170909 3600 070000-080000   00      54.44  981.2     54.85    -1.66    -9999
ATHENS     170909 3600 080000-090000   00      54.38  981.0     54.76    -1.83    -9999
ATHENS     170909 3600 090000-100000   00      54.56  980.8     54.80    -1.76    -9999
ATHENS     170909 3600 100000-110000   00      54.71  980.5     54.88    -1.61    -9999
ATHENS     170909 3600 110000-120000   00      55.21  980.4     55.37    -0.73    -9999
ATHENS     170909 3600 120000-130000   00      54.89  979.9     54.84    -1.69    -9999
ATHENS     170909 3600 130000-140000   00      55.52  979.3     55.26    -0.94    -9999
ATHENS     170909 3600 140000-150000   00      55.14  978.9     54.69    -1.96    -9999
ATHENS     170909 3600 150000-160000   00      55.65  978.4     54.93    -1.53    -9999
ATHENS     170909 3600 160000-170000   00      56.08  977.9     55.30    -0.87    -9999
ATHENS     170909 3600 170000-180000   00      56.25  978.5     55.67    -0.19    -9999
ATHENS     170909 3600 180000-190000   00      56.00  979.1     55.57    -0.37    -9999
ATHENS     170909 3600 190000-200000   00      55.91  979.2     55.61    -0.31    -9999
ATHENS     170909 3600 200000-210000   00      55.86  979.3     55.63    -0.27    -9999
ATHENS     170909 3600 210000-220000   00      55.58  979.2     55.27    -0.91    -9999
ATHENS     170909 3600 220000-230000   00      55.81  979.0     55.35    -0.77    -9999
ATHENS     170909 3600 230000-240000   00      55.86  978.7     55.32    -0.82    -9999
ATHENS     170910 3600 000000-010000   00      56.30  978.4     55.65    -0.23    -9999
ATHENS     170910 3600 010000-020000   00      56.29  978.5     55.73    -0.09    -9999
ATHENS     170910 3600 020000-030000   00      56.43  978.5     55.89     0.20    -9999
ATHENS     170910 3600 030000-040000   00      56.27  978.7     55.75    -0.06    -9999
ATHENS     170910 3600 040000-050000   00      56.00  979.0     55.58    -0.36    -9999
ATHENS     170910 3600 050000-060000   00      56.19  979.0     55.81     0.06    -9999
ATHENS     170910 3600 060000-070000   00      56.26  979.2     55.92     0.25    -9999
ATHENS     170910 3600 070000-080000   00      56.04  979.5     55.81     0.05    -9999
ATHENS     170910 3600 080000-090000   00      55.93  979.5     55.71    -0.12    -9999
ATHENS     170910 3600 090000-100000   00      56.13  979.5     55.90     0.21    -9999
ATHENS     170910 3600 100000-110000   00      56.09  979.2     55.69    -0.17    -9999
ATHENS     170910 3600 110000-120000   00      56.51  978.9     56.08     0.53    -9999
ATHENS     170910 300  120000-120500   00      55.95  978.7     55.42    -0.64    -9999
ATHENS     170910 300  120500-121000   00      56.12  978.5     55.65    -0.24    -9999
ATHENS     170910 300  121000-121500   00      56.57  978.7     55.95     0.30    -9999
ATHENS     170910 300  121500-122000   00      55.11  978.6     54.59    -2.14    -9999
ATHENS     170910 300  122000-122500   00      56.26  978.6     55.71    -0.13    -9999
ATHENS     170910 300  122500-123000   00      56.58  978.6     56.04     0.46    -9999
ATHENS     170910 300  123000-123500   00      57.26  978.6     56.72     1.68    -9999
ATHENS     170910 300  123500-124000   00      55.81  978.6     55.28    -0.90    -9999
ATHENS     170910 300  124000-124500   00      57.82  978.6     57.17     2.49    -9999
ATHENS     170910 300  124500-125000   00      56.28  978.7     55.75    -0.05    -9999
ATHENS     170910 300  125000-125500   00      56.15  978.7     55.38    -0.72    -9999
ATHENS     170910 300  125500-130000   00      56.31  978.5     55.73    -0.09    -9999
ATHENS     170910 300  130000-130500   00      55.74  978.5     54.94    -1.51    -9999
ATHENS     170910 300  130500-131000   00      56.73  978.5     56.15     0.65    -9999
ATHENS     170910 300  131000-131500   00      56.32  978.4     55.70    -0.15    -9999
ATHENS     170910 300  131500-132000   00      56.10  978.3     55.45    -0.60    -9999
ATHENS     170910 300  132000-132500   00      56.48  978.4     55.75    -0.06    -9999
ATHENS     170910 300  132500-133000   00      55.53  978.3     54.87    -1.63    -9999
ATHENS     170910 300  133000-133500   00      56.45  978.2     55.63    -0.28    -9999
ATHENS     170910 300  133500-134000   00      56.59  978.2     55.93     0.26    -9999
ATHENS     170910 300  134000-134500   00      57.06  978.3     56.38     1.08    -9999
ATHENS     170910 300  134500-135000   00      55.30  978.2     54.62    -2.08    -9999
ATHENS     170910 300  135000-135500   00      56.59  978.3     55.90     0.22    -9999
ATHENS     170910 300  135500-140000   00      56.42  978.2     55.72    -0.11    -9999
ATHENS     170910 300  140000-140500   00      56.32  978.3     55.64    -0.26    -9999
ATHENS     170910 300  140500-141000   00      56.58  978.2     55.87     0.17    -9999
ATHENS     170910 300  141000-141500   00      55.87  978.3     55.02    -1.36    -9999
ATHENS     170910 300  141500-142000   00      56.21  978.4     55.57    -0.38    -9999
ATHENS     170910 300  142000-142500   00      55.71  978.3     55.06    -1.29    -9999
ATHENS     170910 300  142500-143000   00      56.68  978.3     56.02     0.43    -9999
ATHENS     170910 300  143000-143500   00      55.60  978.4     54.97    -1.45    -9999
ATHENS     170910 300  143500-144000   00      56.55  978.4     55.90     0.22    -9999
ATHENS     170910 300  144000-144500   00      55.96  978.4     55.35    -0.78    -9999
ATHENS     170910 300  144500-145000   00      55.85  978.4     55.23    -0.99    -9999
ATHENS     170910 300  145000-145500   00      56.52  978.3     55.87     0.15    -9999
ATHENS     170910 300  145500-150000   00      55.54  978.4     54.92    -1.55    -9999
ATHENS     170910 300  150000-150500   00      56.45  978.4     55.31    -0.84    -9999
ATHENS     170910 300  150500-151000   00      56.56  978.5     55.95     0.31    -9999
ATHENS     170910 300  151000-151500   00      56.80  978.4     56.18     0.71    -9999
ATHENS     170910 300  151500-152000   00      55.53  978.4     54.82    -1.72    -9999
ATHENS     170910 300  152000-152500   00      55.87  978.5     55.29    -0.88    -9999
ATHENS     170910 300  152500-153000   00      56.38  978.4     55.95     0.30    -9999
ATHENS     170910 300  153000-153500   00      57.34  978.5     56.73     1.71    -9999
ATHENS     170910 300  153500-154000   00      56.81  978.4     56.19     0.74    -9999
ATHENS     170910 300  154000-154500   00      57.99  978.5     57.33     2.78    -9999
ATHENS     170910 300  154500-155000   00      57.88  978.5     57.28     2.68    -9999
ATHENS     170910 300  155000-155500   00      55.95  978.4     55.34    -0.79    -9999
ATHENS     170910 300  155500-160000   00      57.53  978.6     56.95     2.10    -9999
ATHENS     170910 300  160000-160500   00      56.79  978.5     56.18     0.72    -9999
ATHENS     170910 300  160500-161000   00      56.31  978.4     55.69    -0.16    -9999
ATHENS     170910 300  161000-161500   00      55.15  978.4     54.18    -2.87    -9999
ATHENS     170910 300  161500-162000   00      56.24  978.4     55.60    -0.33    -9999
ATHENS     170910 300  162000-162500   00      56.20  978.5     55.61    -0.31    -9999
ATHENS     170910 300  162500-163000   00      56.23  978.6     55.68    -0.18    -9999
ATHENS     170910 300  163000-163500   00      56.12  978.7     55.45    -0.59    -9999
ATHENS     170910 300  163500-164000   00      56.21  978.7     55.71    -0.13    -9999
ATHENS     170910 300  164000-164500   00      55.65  978.8     54.98    -1.43    -9999
ATHENS     170910 300  164500-165000   00      56.00  978.7     55.47    -0.55    -9999
ATHENS     170910 300  165000-165500   00      55.46  978.8     54.98    -1.43    -9999
ATHENS     170910 300  165500-170000   00      55.86  978.8     55.37    -0.73    -9999
ATHENS     170910 300  170000-170500   00      55.62  978.8     55.15    -1.13    -9999
ATHENS     170910 300  170500-171000   00      57.05  978.8     56.55     1.39    -9999
ATHENS     170910 300  171000-171500   00      56.21  978.8     55.75    -0.05    -9999
ATHENS     170910 300  171500-172000   00      57.06  979.0     56.64     1.55    -9999
ATHENS     170910 300  172000-172500   00      56.08  979.0     55.69    -0.16    -9999
ATHENS     170910 300  172500-173000   00      56.36  979.0     55.96     0.33    -9999
ATHENS     170910 300  173000-173500   00      54.94  979.1     54.58    -2.15    -9999
ATHENS     170910 300  173500-174000   00      57.24  979.1     56.88     1.98    -9999
ATHENS     170910 300  174000-174500   00      55.71  979.2     55.39    -0.70    -9999
ATHENS     170910 300  174500-175000   00      55.18  979.3     54.92    -1.54    -9999
ATHENS     170910 300  175000-175500   00      56.61  979.3     56.25     0.84    -9999
ATHENS     170910 300  175500-180000   00      56.54  979.4     56.29     0.91    -9999
ATHENS     170910 300  180000-180500   00      54.77  979.3     54.51    -2.27    -9999
ATHENS     170910 300  180500-181000   00      55.16  979.4     54.80    -1.76    -9999
ATHENS     170910 300  181000-181500   00      56.29  979.4     56.34     1.00    -9999
ATHENS     170910 300  181500-182000   00      56.16  979.4     55.94     0.28    -9999
ATHENS     170910 300  182000-182500   00      56.70  979.5     56.50     1.30    -9999
ATHENS     170910 300  182500-183000   00      55.84  979.5     55.66    -0.22    -9999
ATHENS     170910 300  183000-183500   00      55.60  979.6     55.45    -0.59    -9999
ATHENS     170910 300  183500-184000   00      56.29  979.6     56.42     1.15    -9999
ATHENS     170910 300  184000-184500   00      55.42  979.7     55.30    -0.86    -9999
ATHENS     170910 300  184500-185000   00      56.85  979.7     56.74     1.72    -9999
ATHENS     170910 300  185000-185500   00      55.35  979.6     55.20    -1.04    -9999
ATHENS     170910 300  185500-190000   00      54.80  979.7     54.69    -1.95    -9999
ATHENS     170910 300  190000-190500   00      57.11  979.7     57.00     2.19    -9999
ATHENS     170910 300  190500-191000   00      55.77  979.8     55.69    -0.16    -9999
ATHENS     170910 300  191000-191500   00      56.21  979.8     56.12     0.62    -9999
ATHENS     170910 300  191500-192000   00      56.60  979.8     56.51     1.30    -9999
ATHENS     170910 300  192000-192500   00      55.52  979.9     55.50    -0.50    -9999
ATHENS     170910 300  192500-193000   00      57.22  980.0     57.09     2.35    -9999
ATHENS     170910 300  193000-193500   00      56.05  979.9     55.99     0.38    -9999
ATHENS     170910 300  193500-194000   00      54.66  979.9     54.71    -1.92    -9999
ATHENS     170910 300  194000-194500   00      56.72  979.8     56.56     1.39    -9999
ATHENS     170910 300  194500-195000   00      54.95  979.8     55.04    -1.33    -9999
ATHENS     170910 300  195000-195500   00      56.19  979.7     56.09     0.56    -9999
ATHENS     170910 300  195500-200000   00      55.40  979.8     55.33    -0.82    -9999
ATHENS     170910 300  200000-200500   00      56.27  979.8     56.18     0.72    -9999
ATHENS     170910 300  200500-201000   00      55.69  979.8     55.63    -0.27    -9999
ATHENS     170910 300  201000-201500   00      55.80  980.0     55.88     0.18    -9999
ATHENS     170910 300  201500-202000   00      55.53  980.0     55.51    -0.48    -9999
ATHENS     170910 300  202000-202500   00      55.08  979.9     55.06    -1.29    -9999
ATHENS     170910 300  202500-203000   00      56.04  980.0     56.06     0.50    -9999
ATHENS     170910 300  203000-203500   00      55.08  979.9     55.03    -1.35    -9999
ATHENS     170910 300  203500-204000   00      55.90  980.0     55.89     0.20    -9999
ATHENS     170910 300  204000-204500   00      56.47  979.9     56.69     1.63    -9999
ATHENS     170910 300  204500-205000   00      55.76  980.1     55.79     0.01    -9999
ATHENS     170910 300  205000-205500   00      56.22  980.1     56.24     0.83    -9999
ATHENS     170910 300  205500-210000   00      56.14  979.9     56.12     0.61    -9999
ATHENS     170910 300  210000-210500   00      56.44  979.8     56.37     1.05    -9999
ATHENS     170910 300  210500-211000   00      56.86  979.8     56.80     1.83    -9999
ATHENS     170910 300  211000-211500   00      55.44  979.8     55.37    -0.73    -9999
ATHENS     170910 300  211500-212000   00      56.20  979.9     56.15     0.65    -9999
ATHENS     170910 300  212000-212500   00      56.62  979.8     56.55     1.39    -9999
ATHENS     170910 300  212500-213000   00      56.45  979.7     56.32     0.97    -9999
ATHENS     170910 300  213000-213500   00      56.38  979.7     56.26     0.86    -9999
ATHENS     170910 300  213500-214000   00      56.86  979.9     56.81     1.84    -9999
ATHENS     170910 300  214000-214500   00      54.73  979.9     54.67    -1.99    -9999
ATHENS     170910 300  214500-215000   00      55.39  979.8     55.40    -0.68    -9999
ATHENS     170910 300  215000-215500   00      56.15  979.8     56.06     0.51    -9999
ATHENS     170910 300  215500-220000   00      55.99  979.7     55.86     0.14    -9999
ATHENS     170910 300  220000-220500   00      54.82  979.8     54.75    -1.85    -9999
ATHENS     170910 300  220500-221000   00      56.75  979.7     56.64     1.54    -9999
ATHENS     170910 300  221000-221500   00      54.83  979.6     54.45    -2.39    -9999
ATHENS     170910 300  221500-222000   00      56.87  979.6     56.71     1.66    -9999
ATHENS     170910 300  222000-222500   00      56.80  979.7     56.61     1.48    -9999
ATHENS     170910 300  222500-223000   00      56.32  979.6     56.15     0.67    -9999
ATHENS     170910 300  223000-223500   00      56.34  979.5     56.31     0.95    -9999
ATHENS     170910 300  223500-224000   00      56.40  979.4     56.16     0.68    -9999
ATHENS     170910 300  224000-224500   00      56.30  979.5     56.11     0.59    -9999
ATHENS     170910 300  224500-225000   00      55.76  979.4     55.52    -0.46    -9999
ATHENS     170910 300  225000-225500   00      55.34  979.4     55.09    -1.24    -9999
ATHENS     170910 300  225500-230000   00      55.38  979.4     55.14    -1.15    -9999
ATHENS     170910 300  230000-230500   00      57.22  979.4     56.96     2.12    -9999
ATHENS     170910 300  230500-231000   00      56.01  979.3     55.75    -0.05    -9999
ATHENS     170910 300  231000-231500   00      56.06  979.5     55.85     0.13    -9999
ATHENS     170910 300  231500-232000   00      55.57  979.4     55.35    -0.77    -9999
ATHENS     170910 300  232000-232500   00      55.39  979.4     55.16    -1.11    -9999
ATHENS     170910 300  232500-233000   00      56.49  979.4     56.17     0.69    -9999
ATHENS     170910 300  233000-233500   00      55.38  979.4     55.08    -1.26    -9999
ATHENS     170910 300  233500-234000   00      56.63  979.5     56.41     1.13    -9999
ATHENS     170910 300  234000-234500   00      56.11  979.4     55.80     0.04    -9999
ATHENS     170910 300  234500-235000   00      56.42  979.4     56.17     0.69    -9999
ATHENS     170910 300  235000-235500   00      55.33  979.4     55.10    -1.22    -9999
ATHENS     170910 300  235500-240000   00      56.55  979.4     56.30     0.93    -9999
ATHENS     170911 300  000000-000500   00      56.00  979.4     55.78     0.00    -9999
ATHENS     170911 300  000500-001000   00      56.28  979.4     56.02     0.43    -9999
ATHENS     170911 300  001000-001500   00      57.66  979.3     57.40     2.90    -9999
ATHENS     170911 300  001500-002000   00      56.70  979.4     56.48     1.24    -9999
ATHENS     170911 300  002000-002500   00      55.00  979.4     54.75    -1.84    -9999
ATHENS     170911 300  002500-003000   00      55.69  979.4     55.39    -0.71    -9999
ATHENS     170911 300  003000-003500   00      56.48  979.4     56.23     0.81    -9999
ATHENS     170911 300  003500-004000   00      55.00  979.4     54.45    -2.39    -9999
ATHENS     170911 300  004000-004500   00      57.12  979.4     56.87     1.95    -9999
ATHENS     170911 300  004500-005000   00      55.97  979.4     55.72    -0.10    -9999
ATHENS     170911 300  005000-005500   00      56.43  979.3     56.16     0.68    -9999
ATHENS     170911 300  005500-010000   00      57.35  979.3     57.05     2.27    -9999
ATHENS     170911 300  010000-010500   00      55.65  979.3     55.37    -0.74    -9999
ATHENS     170911 300  010500-011000   00      56.02  979.2     55.70    -0.15    -9999
ATHENS     170911 300  011000-011500   00      55.55  979.1     55.22    -1.01    -9999
ATHENS     170911 300  011500-012000   00      56.45  979.1     56.21     0.78    -9999
ATHENS     170911 300  012000-012500   00      56.41  979.0     56.04     0.46    -9999
ATHENS     170911 300  012500-013000   00      56.24  979.1     55.90     0.21    -9999
ATHENS     170911 300  013000-013500   00      55.95  979.1     55.59    -0.35    -9999
ATHENS     170911 300  013500-014000   00      57.16  979.1     56.78     1.79    -9999
ATHENS     170911 300  014000-014500   00      55.48  979.1     55.11    -1.20    -9999
ATHENS     170911 300  014500-015000   00      55.76  979.2     55.44    -0.61    -9999
ATHENS     170911 300  015000-015500   00      56.60  979.2     56.27     0.87    -9999
ATHENS     170911 300  015500-020000   00      56.64  979.2     56.31     0.95    -9999
ATHENS     170911 300  020000-020500   00      55.47  979.1     55.13    -1.16    -9999
ATHENS     170911 300  020500-021000   00      55.77  979.2     55.46    -0.57    -9999
ATHENS     170911 300  021000-021500   00      56.17  979.2     55.73    -0.09    -9999
ATHENS     170911 300  021500-022000   00      55.82  979.1     55.47    -0.55    -9999
ATHENS     170911 300  022000-022500   00      55.94  979.2     55.62    -0.30    -9999
ATHENS     170911 300  022500-023000   00      56.02  979.3     55.74    -0.07    -9999
ATHENS     170911 300  023000-023500   00      56.52  979.1     56.16     0.68    -9999
ATHENS     170911 300  023500-024000   00      55.63  979.2     55.31    -0.84    -9999
ATHENS     170911 300  024000-024500   00      55.86  979.1     55.43    -0.62    -9999
ATHENS     170911 300  024500-025000   00      55.97  979.1     55.60    -0.33    -9999
ATHENS     170911 300  025000-025500   00      56.24  979.1     55.88     0.17    -9999
ATHENS     170911 300  025500-030000   00      55.66  979.1     55.19    -1.06    -9999
ATHENS     170911 300  030000-030500   00      56.20  979.1     55.84     0.11    -9999
ATHENS     170911 300  030500-031000   00      57.25  979.2     56.93     2.05    -9999
ATHENS     170911 300  031000-031500   00      55.70  979.1     55.36    -0.76    -9999
ATHENS     170911 300  031500-032000   00      57.03  979.1     56.68     1.62    -9999
ATHENS     170911 300  032000-032500   00      56.33  979.2     55.82     0.06    -9999
ATHENS     170911 300  032500-033000   00      55.50  979.3     55.24    -0.98    -9999
ATHENS     170911 300  033000-033500   00      57.05  979.2     56.75     1.74    -9999
ATHENS     170911 300  033500-034000   00      57.16  979.3     56.86     1.94    -9999
ATHENS     170911 300  034000-034500   00      55.74  979.3     55.46    -0.58    -9999
ATHENS     170911 300  034500-035000   00      56.51  979.4     56.27     0.87    -9999
ATHENS     170911 300  035000-035500   00      56.92  979.2     56.62     1.50    -9999
ATHENS     170911 300  035500-040000   00      56.62  979.3     56.18     0.72    -9999
ATHENS     170911 300  040000-040500   00      55.54  979.3     55.25    -0.95    -9999
ATHENS     170911 300  040500-041000   00      55.40  979.3     55.24    -0.96    -9999
ATHENS     170911 300  041000-041500   00      56.23  979.2     55.41    -0.66    -9999
ATHENS     170911 300  041500-042000   00      56.15  979.1     55.81     0.06    -9999
ATHENS     170911 300  042000-042500   00      56.17  979.2     55.66    -0.21    -9999
ATHENS     170911 300  042500-043000   00      55.93  979.2     55.56    -0.40    -9999
ATHENS     170911 300  043000-043500   00      55.91  979.3     55.64    -0.25    -9999
ATHENS     170911 300  043500-044000   00      56.40  979.4     56.12     0.61    -9999
ATHENS     170911 300  044000-044500   00      56.63  979.4     56.39     1.10    -9999
ATHENS     170911 300  044500-045000   00      55.48  979.5     55.28    -0.89    -9999
ATHENS     170911 300  045000-045500   00      55.42  979.4     55.21    -1.03    -9999
ATHENS     170911 300  045500-050000   00      55.54  979.5     55.11    -1.20    -9999
ATHENS     170911 300  050000-050500   00      56.32  979.5     56.12     0.60    -9999
ATHENS     170911 300  050500-051000   00      56.37  979.5     56.17     0.70    -9999
ATHENS     170911 300  051000-051500   00      55.13  979.5     54.94    -1.51    -9999
ATHENS     170911 300  051500-052000   00      56.09  979.5     55.88     0.18    -9999
ATHENS     170911 300  052000-052500   00      55.80  979.5     55.51    -0.49    -9999
ATHENS     170911 300  052500-053000   00      56.66  979.6     56.43     1.17    -9999
ATHENS     170911 300  053000-053500   00      53.71  979.6     53.20    -4.63    -9999
ATHENS     170911 300  053500-054000   00      55.62  979.6     55.06    -1.28    -9999
ATHENS     170911 300  054000-054500   00      56.75  979.5     56.56     1.40    -9999
ATHENS     170911 300  054500-055000   00      56.93  979.6     56.76     1.75    -9999
ATHENS     170911 300  055000-055500   00      56.51  979.5     56.22     0.79    -9999
ATHENS     170911 300  055500-060000   00      55.83  979.4     55.58    -0.35    -9999
ATHENS     170911 300  060000-060500   00      55.87  979.4     55.64    -0.26    -9999
ATHENS     170911 300  060500-061000   00      55.51  979.4     55.29    -0.89    -9999
ATHENS     170911 300  061000-061500   00      56.26  979.4     56.02     0.43    -9999
ATHENS     170911 300  061500-062000   00      56.92  979.5     56.74     1.71    -9999
ATHENS     170911 300  062000-062500   00      57.43  979.6     57.25     2.64    -9999
ATHENS     170911 300  062500-063000   00      57.21  979.5     57.17     2.49    -9999
ATHENS     170911 300  063000-063500   00      56.48  979.4     56.26     0.86    -9999
ATHENS     170911 300  063500-064000   00      56.61  979.4     56.38     1.07    -9999
ATHENS     170911 300  064000-064500   00      56.33  979.4     56.10     0.57    -9999
ATHENS     170911 300  064500-065000   00      57.04  979.3     56.76     1.75    -9999
ATHENS     170911 300  065000-065500   00      56.85  979.3     56.57     1.41    -9999
ATHENS     170911 300  065500-070000   00      56.48  979.4     56.22     0.79    -9999
ATHENS     170911 300  070000-070500   00      56.38  979.4     56.13     0.63    -9999
ATHENS     170911 300  070500-071000   00      56.08  979.4     55.83     0.09    -9999
ATHENS     170911 300  071000-071500   00      56.40  979.4     56.16     0.69    -9999
ATHENS     170911 300  071500-072000   00      56.09  979.4     55.86     0.14    -9999
ATHENS     170911 300  072000-072500   00      56.24  979.4     56.00     0.39    -9999
ATHENS     170911 300  072500-073000   00      56.64  979.3     56.36     1.04    -9999
ATHENS     170911 300  073000-073500   00      56.36  979.4     56.11     0.59    -9999
ATHENS     170911 300  073500-074000   00      56.19  979.4     55.72    -0.10    -9999
ATHENS     170911 300  074000-074500   00      56.21  979.3     55.94     0.29    -9999
ATHENS     170911 300  074500-075000   00      56.52  979.3     56.24     0.82    -9999
ATHENS     170911 300  075000-075500   00      55.36  979.2     55.05    -1.31    -9999
ATHENS     170911 300  075500-080000   00      56.36  979.3     56.00     0.39    -9999
ATHENS     170911 300  080000-080500   00      55.50  979.3     55.23    -0.99    -9999
ATHENS     170911 300  080500-081000   00      54.96  979.3     54.70    -1.93    -9999
ATHENS     170911 300  081000-081500   00      56.86  979.4     56.61     1.49    -9999
ATHENS     170911 300  081500-082000   00      56.38  979.3     56.12     0.61    -9999
ATHENS     170911 300  082000-082500   00      57.42  979.3     57.05     2.27    -9999
ATHENS     170911 300  082500-083000   00      56.30  979.3     56.01     0.42    -9999
ATHENS     170911 300  083000-083500   00      56.36  979.4     56.11     0.58    -9999
ATHENS     170911 300  083500-084000   00      55.85  979.3     55.57    -0.39    -9999
ATHENS     170911 300  084000-084500   00      55.96  979.3     55.70    -0.14    -9999
ATHENS     170911 300  084500-085000   00      56.60  979.2     56.27     0.88    -9999
ATHENS     170911 300  085000-085500   00      56.37  979.2     56.05     0.48    -9999
ATHENS     170911 300  085500-090000   00      56.87  979.1     56.53     1.34    -9999
ATHENS     170911 300  090000-090500   00      56.69  979.0     56.31     0.94    -9999
ATHENS     170911 300  090500-091000   00      57.05  979.0     56.67     1.60    -9999
ATHENS     170911 300  091000-091500   00      56.01  979.0     55.63    -0.27    -9999
ATHENS     170911 300  091500-092000   00      57.35  979.0     56.95     2.10    -9999
ATHENS     170911 300  092000-092500   00      56.13  979.0     55.74    -0.08    -9999
ATHENS     170911 300  092500-093000   00      56.15  979.0     55.60    -0.32    -9999
ATHENS     170911 300  093000-093500   00      55.78  978.9     55.37    -0.73    -9999
ATHENS     170911 300  093500-094000   00      56.86  978.9     56.31     0.95    -9999
ATHENS     170911 300  094000-094500   00      56.78  978.8     56.30     0.92    -9999
ATHENS     170911 300  094500-095000   00      56.20  978.7     55.59    -0.34    -9999
ATHENS     170911 300  095000-095500   00      56.77  978.6     56.27     0.88    -9999
ATHENS     170911 300  095500-100000   00      56.65  978.6     56.10     0.57    -9999
ATHENS     170911 300  100000-100500   00      56.99  978.5     56.40     1.10    -9999
ATHENS     170911 300  100500-101000   00      56.04  978.5     54.92    -1.55    -9999
ATHENS     170911 300  101000-101500   00      56.62  978.6     56.06     0.50    -9999
ATHENS     170911 300  101500-102000   00      56.49  978.4     55.85     0.12    -9999
ATHENS     170911 300  102000-102500   00      56.92  978.3     56.25     0.84    -9999
ATHENS     170911 300  102500-103000   00      56.19  978.3     55.52    -0.48    -9999
ATHENS     170911 300  103000-103500   00      57.48  978.2     57.06     2.29    -9999
ATHENS     170911 300  103500-104000   00      55.73  978.3     55.05    -1.31    -9999
ATHENS     170911 300  104000-104500   00      56.13  978.2     55.32    -0.83    -9999
ATHENS     170911 300  104500-105000   00      56.69  978.2     55.98     0.35    -9999
ATHENS     170911 300  105000-105500   00      56.64  978.0     55.66    -0.21    -9999
ATHENS     170911 300  105500-110000   00      55.97  978.0     55.20    -1.05    -9999
ATHENS     170911 300  110000-110500   00      57.17  978.1     56.41     1.12    -9999
ATHENS     170911 300  110500-111000   00      57.10  978.0     56.32     0.97    -9999
ATHENS     170911 300  111000-111500   00      56.20  978.1     55.45    -0.60    -9999
ATHENS     170911 300  111500-112000   00      56.80  978.0     56.03     0.44    -9999
ATHENS     170911 300  112000-112500   00      56.54  978.0     55.75    -0.05    -9999
ATHENS     170911 300  112500-113000   00      56.86  978.0     56.08     0.54    -9999
ATHENS     170911 300  113000-113500   00      57.59  978.1     56.82     1.86    -9999
ATHENS     170911 300  113500-114000   00      57.07  978.1     56.31     0.95    -9999
ATHENS     170911 300  114000-114500   00      57.03  978.0     56.25     0.84    -9999
ATHENS     170911 300  114500-115000   00      56.64  977.9     55.83     0.08    -9999
ATHENS     170911 300  115000-115500   00      56.73  978.0     55.90     0.21    -9999
ATHENS     170911 300  115500-120000   00      56.67  977.9     55.83     0.08    -9999
ATHENS     170911 3600 120000-130000   00      57.14  977.6     56.18     0.72    -9999
ATHENS     170911 3600 130000-140000   00      57.32  976.8     56.02     0.43    -9999
ATHENS     170911 3600 140000-150000   00      57.59  976.1     56.03     0.44    -9999
ATHENS     170911 3600 150000-160000   00      57.52  975.6     55.77    -0.01    -9999
ATHENS     170911 3600 160000-170000   00      58.31  975.0     56.32     0.96    -9999
ATHENS     170911 3600 170000-180000   00      58.17  974.8     56.08     0.54    -9999
ATHENS     170911 3600 180000-190000   00      57.80  974.9     55.85     0.13    -9999
ATHENS     170911 3600 190000-200000   00      57.99  975.0     56.02     0.42    -9999
ATHENS     170911 3600 200000-210000   00      57.75  975.2     55.89     0.20    -9999
ATHENS     170911 3600 210000-220000   00      58.23  974.9     56.23     0.80    -9999
ATHENS     170911 3600 220000-230000   00      58.08  974.9     56.03     0.44    -9999
ATHENS     170911 3600 230000-240000   00      57.75  975.0     55.83     0.09    -9999
*
COMMENT UNIVERISTY OF OULU: FILE GENERATED FROM DATABASE AND OBTAINED FROM
COMMENT https://gle.oulu.fi at 2025-01-11 16:21:59 +00:00
COMMENT FOR HISTORICAL/ORIGINAL TEXT FILES SEE https://gle.oulu.fi/txtarchive/
COMMENT ORIGINAL AT https://gle.oulu.fi/txtarchive/GLE72/C072ATHN.DAT
COMMENT DETRENDED DATA SHOW -9999 IF EQUAL TO INC% COLUMN 