IRKUTSK3   LATITUDE    52.28     LONGITUDE     104.02    ALTITUDE    3000 M
IRKUTSK3   INSTRUMENT   6NM64    NEUTRON MONITOR     
IRKUTSK3   STANDARD PRESSURE    707     mb     COEFFICIENT   -0.72     % / mb
IRKUTSK3   PRE-INCREASE BASELINE TIME INTERVAL    170910    140000-160000   UT
IRKUTSK3   PRE-INCREASE AVERAGE COUNTING RATE    417.89      COUNTS PER SECOND
IRKUTSK3   TIME INTERVALS    300         3600     
IRKUTSK3   SCALE FACTORS     1           1        
STATION    YYMMDD  SEC   TIME (UT)   CODE    UNCORR. PRESS.    CORR.    % INC.	DETRENDED
                         INTERVAL    TD      C/S     (mb)      C/S
IRKUTSK3   170909 3600 000000-010000   00     401.35  718.7    412.15    -1.37    -9999
IRKUTSK3   170909 3600 010000-020000   00     400.47  718.7    411.32    -1.57    -9999
IRKUTSK3   170909 3600 020000-030000   00     398.55  718.9    409.95    -1.90    -9999
IRKUTSK3   170909 3600 030000-040000   00     398.33  718.8    409.22    -2.08    -9999
IRKUTSK3   170909 3600 040000-050000   00     396.47  718.8    407.62    -2.46    -9999
IRKUTSK3   170909 3600 050000-060000   00     396.88  718.7    407.48    -2.49    -9999
IRKUTSK3   170909 3600 060000-070000   00     397.82  718.6    408.18    -2.32    -9999
IRKUTSK3   170909 3600 070000-080000   00     395.58  718.6    405.90    -2.87    -9999
IRKUTSK3   170909 3600 080000-090000   00     396.38  718.8    407.30    -2.53    -9999
IRKUTSK3   170909 3600 090000-100000   00     396.05  719.2    408.25    -2.31    -9999
IRKUTSK3   170909 3600 100000-110000   00     396.00  719.7    409.53    -2.00    -9999
IRKUTSK3   170909 3600 110000-120000   00     395.93  720.1    410.75    -1.71    -9999
IRKUTSK3   170909 3600 120000-130000   00     394.38  720.5    410.35    -1.80    -9999
IRKUTSK3   170909 3600 130000-140000   00     392.47  720.7    408.88    -2.16    -9999
IRKUTSK3   170909 3600 140000-150000   00     393.18  720.7    409.60    -1.98    -9999
IRKUTSK3   170909 3600 150000-160000   00     393.02  721.0    410.10    -1.86    -9999
IRKUTSK3   170909 3600 160000-170000   00     395.25  720.7    411.53    -1.52    -9999
IRKUTSK3   170909 3600 170000-180000   00     398.02  720.5    414.07    -0.92    -9999
IRKUTSK3   170909 3600 180000-190000   00     400.10  720.4    415.97    -0.46    -9999
IRKUTSK3   170909 3600 190000-200000   00     400.07  720.5    416.03    -0.44    -9999
IRKUTSK3   170909 3600 200000-210000   00     401.93  720.4    417.90     0.00    -9999
IRKUTSK3   170909 3600 210000-220000   00     400.55  720.5    416.50    -0.33    -9999
IRKUTSK3   170909 3600 220000-230000   00     402.88  720.5    419.00     0.27    -9999
IRKUTSK3   170909 3600 230000-240000   00     400.47  720.6    416.88    -0.24    -9999
IRKUTSK3   170910 3600 000000-010000   00     400.50  720.7    417.42    -0.11    -9999
IRKUTSK3   170910 3600 010000-020000   00     399.97  720.7    416.78    -0.27    -9999
IRKUTSK3   170910 3600 020000-030000   00     400.85  720.9    418.30     0.10    -9999
IRKUTSK3   170910 3600 030000-040000   00     398.38  721.1    416.42    -0.35    -9999
IRKUTSK3   170910 3600 040000-050000   00     399.00  721.2    417.13    -0.18    -9999
IRKUTSK3   170910 3600 050000-060000   00     399.88  721.2    417.92     0.01    -9999
IRKUTSK3   170910 3600 060000-070000   00     400.27  721.2    418.48     0.14    -9999
IRKUTSK3   170910 3600 070000-080000   00     398.42  721.3    416.73    -0.28    -9999
IRKUTSK3   170910 3600 080000-090000   00     398.03  721.3    416.43    -0.35    -9999
IRKUTSK3   170910 3600 090000-100000   00     396.90  721.4    415.72    -0.52    -9999
IRKUTSK3   170910 3600 100000-110000   00     398.12  721.6    417.37    -0.13    -9999
IRKUTSK3   170910 3600 110000-120000   00     395.17  721.8    415.02    -0.69    -9999
IRKUTSK3   170910 300  120000-120500   00     393.60  721.9    414.00    -0.93    -9999
IRKUTSK3   170910 300  120500-121000   00     397.00  722.0    417.60    -0.07    -9999
IRKUTSK3   170910 300  121000-121500   00     398.00  722.0    418.60     0.17    -9999
IRKUTSK3   170910 300  121500-122000   00     396.40  722.0    416.40    -0.36    -9999
IRKUTSK3   170910 300  122000-122500   00     394.00  722.0    414.00    -0.93    -9999
IRKUTSK3   170910 300  122500-123000   00     395.20  722.0    415.60    -0.55    -9999
IRKUTSK3   170910 300  123000-123500   00     392.40  722.0    412.60    -1.27    -9999
IRKUTSK3   170910 300  123500-124000   00     394.20  722.0    414.80    -0.74    -9999
IRKUTSK3   170910 300  124000-124500   00     397.00  722.1    417.80    -0.02    -9999
IRKUTSK3   170910 300  124500-125000   00     395.20  722.1    415.40    -0.60    -9999
IRKUTSK3   170910 300  125000-125500   00     394.00  722.1    414.60    -0.79    -9999
IRKUTSK3   170910 300  125500-130000   00     395.80  722.2    416.60    -0.31    -9999
IRKUTSK3   170910 300  130000-130500   00     397.40  722.1    418.40     0.12    -9999
IRKUTSK3   170910 300  130500-131000   00     394.40  722.2    415.20    -0.64    -9999
IRKUTSK3   170910 300  131000-131500   00     397.00  722.2    418.00     0.03    -9999
IRKUTSK3   170910 300  131500-132000   00     395.80  722.2    416.80    -0.26    -9999
IRKUTSK3   170910 300  132000-132500   00     392.80  722.2    413.80    -0.98    -9999
IRKUTSK3   170910 300  132500-133000   00     396.80  722.3    418.00     0.03    -9999
IRKUTSK3   170910 300  133000-133500   00     393.80  722.3    415.00    -0.69    -9999
IRKUTSK3   170910 300  133500-134000   00     393.60  722.3    415.00    -0.69    -9999
IRKUTSK3   170910 300  134000-134500   00     393.40  722.3    414.40    -0.84    -9999
IRKUTSK3   170910 300  134500-135000   00     391.60  722.3    413.00    -1.17    -9999
IRKUTSK3   170910 300  135000-135500   00     393.40  722.3    414.40    -0.84    -9999
IRKUTSK3   170910 300  135500-140000   00     398.40  722.2    419.80     0.46    -9999
IRKUTSK3   170910 300  140000-140500   00     395.20  722.2    416.20    -0.40    -9999
IRKUTSK3   170910 300  140500-141000   00     395.20  722.3    416.40    -0.36    -9999
IRKUTSK3   170910 300  141000-141500   00     395.60  722.3    417.00    -0.21    -9999
IRKUTSK3   170910 300  141500-142000   00     398.00  722.2    419.40     0.36    -9999
IRKUTSK3   170910 300  142000-142500   00     397.20  722.2    418.00     0.03    -9999
IRKUTSK3   170910 300  142500-143000   00     396.40  722.2    417.40    -0.12    -9999
IRKUTSK3   170910 300  143000-143500   00     396.00  722.2    417.00    -0.21    -9999
IRKUTSK3   170910 300  143500-144000   00     394.20  722.2    415.20    -0.64    -9999
IRKUTSK3   170910 300  144000-144500   00     395.80  722.2    417.00    -0.21    -9999
IRKUTSK3   170910 300  144500-145000   00     394.80  722.3    416.00    -0.45    -9999
IRKUTSK3   170910 300  145000-145500   00     398.60  722.3    420.00     0.50    -9999
IRKUTSK3   170910 300  145500-150000   00     395.80  722.3    417.20    -0.17    -9999
IRKUTSK3   170910 300  150000-150500   00     396.60  722.4    418.00     0.03    -9999
IRKUTSK3   170910 300  150500-151000   00     394.20  722.3    415.80    -0.50    -9999
IRKUTSK3   170910 300  151000-151500   00     395.80  722.3    417.20    -0.17    -9999
IRKUTSK3   170910 300  151500-152000   00     393.60  722.3    414.80    -0.74    -9999
IRKUTSK3   170910 300  152000-152500   00     397.80  722.3    419.40     0.36    -9999
IRKUTSK3   170910 300  152500-153000   00     397.80  722.3    419.40     0.36    -9999
IRKUTSK3   170910 300  153000-153500   00     401.20  722.3    423.20     1.27    -9999
IRKUTSK3   170910 300  153500-154000   00     399.40  722.3    421.20     0.79    -9999
IRKUTSK3   170910 300  154000-154500   00     395.80  722.3    417.40    -0.12    -9999
IRKUTSK3   170910 300  154500-155000   00     397.80  722.3    419.20     0.31    -9999
IRKUTSK3   170910 300  155000-155500   00     396.00  722.4    417.60    -0.07    -9999
IRKUTSK3   170910 300  155500-160000   00     397.60  722.3    419.40     0.36    -9999
IRKUTSK3   170910 300  160000-160500   00     395.40  722.3    417.00    -0.21    -0.61
IRKUTSK3   170910 300  160500-161000   00     399.40  722.3    421.00     0.74     0.30
IRKUTSK3   170910 300  161000-161500   00     404.60  722.2    425.80     1.89     1.42
IRKUTSK3   170910 300  161500-162000   00     403.20  722.2    424.80     1.65     1.15
IRKUTSK3   170910 300  162000-162500   00     405.60  722.2    427.00     2.18     1.65
IRKUTSK3   170910 300  162500-163000   00     403.40  722.2    424.60     1.61     1.05
IRKUTSK3   170910 300  163000-163500   00     402.60  722.2    423.80     1.41     0.82
IRKUTSK3   170910 300  163500-164000   00     403.80  722.2    425.40     1.80     1.18
IRKUTSK3   170910 300  164000-164500   00     406.40  722.1    428.00     2.42     1.77
IRKUTSK3   170910 300  164500-165000   00     403.40  722.1    424.40     1.56     0.89
IRKUTSK3   170910 300  165000-165500   00     404.00  722.1    425.00     1.70     1.00
IRKUTSK3   170910 300  165500-170000   00     402.00  722.1    423.20     1.27     0.54
IRKUTSK3   170910 300  170000-170500   00     405.00  722.1    426.20     1.99     1.23
IRKUTSK3   170910 300  170500-171000   00     403.60  722.1    424.60     1.61     0.82
IRKUTSK3   170910 300  171000-171500   00     403.80  722.1    424.80     1.65     0.84
IRKUTSK3   170910 300  171500-172000   00     405.20  722.1    426.40     2.04     1.20
IRKUTSK3   170910 300  172000-172500   00     407.00  722.1    428.60     2.56     1.69
IRKUTSK3   170910 300  172500-173000   00     408.60  722.1    430.00     2.90     2.01
IRKUTSK3   170910 300  173000-173500   00     405.40  722.0    426.40     2.04     1.12
IRKUTSK3   170910 300  173500-174000   00     403.00  722.0    423.80     1.41     0.46
IRKUTSK3   170910 300  174000-174500   00     404.00  722.0    425.00     1.70     0.73
IRKUTSK3   170910 300  174500-175000   00     400.00  722.0    421.00     0.74    -0.26
IRKUTSK3   170910 300  175000-175500   00     403.40  722.0    424.20     1.51     0.49
IRKUTSK3   170910 300  175500-180000   00     407.00  722.0    427.80     2.37     1.32
IRKUTSK3   170910 300  180000-180500   00     405.40  722.0    426.40     2.04     0.97
IRKUTSK3   170910 300  180500-181000   00     403.80  722.0    424.60     1.61     0.51
IRKUTSK3   170910 300  181000-181500   00     402.60  722.0    423.40     1.32     0.20
IRKUTSK3   170910 300  181500-182000   00     401.60  722.0    422.40     1.08    -0.07
IRKUTSK3   170910 300  182000-182500   00     403.40  722.0    424.20     1.51     0.34
IRKUTSK3   170910 300  182500-183000   00     406.20  722.0    427.40     2.28     1.09
IRKUTSK3   170910 300  183000-183500   00     404.40  722.0    425.40     1.80     0.58
IRKUTSK3   170910 300  183500-184000   00     401.00  722.0    421.80     0.94    -0.30
IRKUTSK3   170910 300  184000-184500   00     401.60  722.0    422.40     1.08    -0.18
IRKUTSK3   170910 300  184500-185000   00     403.60  722.1    424.60     1.61     0.32
IRKUTSK3   170910 300  185000-185500   00     402.60  722.0    423.60     1.37     0.06
IRKUTSK3   170910 300  185500-190000   00     401.40  722.1    422.20     1.03    -0.30
IRKUTSK3   170910 300  190000-190500   00     404.40  722.0    425.40     1.80     0.45
IRKUTSK3   170910 300  190500-191000   00     403.80  722.1    424.80     1.65     0.28
IRKUTSK3   170910 300  191000-191500   00     404.00  722.1    425.20     1.75     0.36
IRKUTSK3   170910 300  191500-192000   00     403.00  722.1    424.20     1.51     0.09
IRKUTSK3   170910 300  192000-192500   00     403.40  722.1    424.80     1.65     0.21
IRKUTSK3   170910 300  192500-193000   00     404.20  722.1    425.40     1.80     0.34
IRKUTSK3   170910 300  193000-193500   00     405.60  722.1    427.00     2.18     0.70
IRKUTSK3   170910 300  193500-194000   00     407.00  722.1    428.20     2.47     0.97
IRKUTSK3   170910 300  194000-194500   00     402.80  722.1    423.80     1.41    -0.11
IRKUTSK3   170910 300  194500-195000   00     404.80  722.1    425.80     1.89     0.35
IRKUTSK3   170910 300  195000-195500   00     404.00  722.0    424.80     1.65     0.10
IRKUTSK3   170910 300  195500-200000   00     406.20  722.0    427.20     2.23     0.66
IRKUTSK3   170910 300  200000-200500   00     404.80  722.0    426.00     1.94     0.35
IRKUTSK3   170910 300  200500-201000   00     403.80  722.0    424.60     1.61     0.00
IRKUTSK3   170910 300  201000-201500   00     405.20  722.0    426.60     2.08     0.45
IRKUTSK3   170910 300  201500-202000   00     400.80  722.0    421.60     0.89    -0.76
IRKUTSK3   170910 300  202000-202500   00     403.20  722.0    424.20     1.51    -0.15
IRKUTSK3   170910 300  202500-203000   00     404.80  722.0    425.80     1.89     0.21
IRKUTSK3   170910 300  203000-203500   00     405.60  722.0    426.60     2.08     0.38
IRKUTSK3   170910 300  203500-204000   00     405.40  722.0    426.40     2.04     0.33
IRKUTSK3   170910 300  204000-204500   00     404.80  722.0    425.60     1.84     0.11
IRKUTSK3   170910 300  204500-205000   00     405.60  722.0    426.60     2.08     0.33
IRKUTSK3   170910 300  205000-205500   00     401.80  722.1    422.80     1.17    -0.59
IRKUTSK3   170910 300  205500-210000   00     404.00  722.1    425.20     1.75    -0.03
IRKUTSK3   170910 300  210000-210500   00     402.60  722.3    424.60     1.61    -0.18
IRKUTSK3   170910 300  210500-211000   00     405.00  722.3    426.80     2.13     0.32
IRKUTSK3   170910 300  211000-211500   00     404.00  722.3    426.00     1.94     0.12
IRKUTSK3   170910 300  211500-212000   00     401.80  722.3    423.80     1.41    -0.43
IRKUTSK3   170910 300  212000-212500   00     405.60  722.3    427.80     2.37     0.52
IRKUTSK3   170910 300  212500-213000   00     402.40  722.4    424.20     1.51    -0.36
IRKUTSK3   170910 300  213000-213500   00     405.20  722.3    427.00     2.18     0.30
IRKUTSK3   170910 300  213500-214000   00     401.20  722.4    423.00     1.22    -0.67
IRKUTSK3   170910 300  214000-214500   00     406.00  722.4    428.20     2.47     0.56
IRKUTSK3   170910 300  214500-215000   00     404.00  722.4    426.00     1.94     0.02
IRKUTSK3   170910 300  215000-215500   00     403.40  722.4    425.40     1.80    -0.13
IRKUTSK3   170910 300  215500-220000   00     403.00  722.4    425.20     1.75    -0.19
IRKUTSK3   170910 300  220000-220500   00     404.20  722.5    426.60     2.08     0.12
IRKUTSK3   170910 300  220500-221000   00     403.60  722.5    425.80     1.89    -9999
IRKUTSK3   170910 300  221000-221500   00     406.40  722.5    428.80     2.61    -9999
IRKUTSK3   170910 300  221500-222000   00     402.40  722.5    424.60     1.61    -9999
IRKUTSK3   170910 300  222000-222500   00     403.80  722.5    426.20     1.99    -9999
IRKUTSK3   170910 300  222500-223000   00     407.00  722.6    429.80     2.85    -9999
IRKUTSK3   170910 300  223000-223500   00     403.60  722.6    426.40     2.04    -9999
IRKUTSK3   170910 300  223500-224000   00     404.00  722.6    426.80     2.13    -9999
IRKUTSK3   170910 300  224000-224500   00     400.00  722.6    422.60     1.13    -9999
IRKUTSK3   170910 300  224500-225000   00     404.80  722.6    427.40     2.28    -9999
IRKUTSK3   170910 300  225000-225500   00     401.40  722.6    424.00     1.46    -9999
IRKUTSK3   170910 300  225500-230000   00     403.60  722.7    426.60     2.08    -9999
IRKUTSK3   170910 300  230000-230500   00     402.40  722.7    425.40     1.80    -9999
IRKUTSK3   170910 300  230500-231000   00     402.00  722.7    424.80     1.65    -9999
IRKUTSK3   170910 300  231000-231500   00     404.00  722.7    427.00     2.18    -9999
IRKUTSK3   170910 300  231500-232000   00     404.80  722.7    428.00     2.42    -9999
IRKUTSK3   170910 300  232000-232500   00     404.80  722.7    427.60     2.32    -9999
IRKUTSK3   170910 300  232500-233000   00     399.40  722.8    422.20     1.03    -9999
IRKUTSK3   170910 300  233000-233500   00     401.80  722.8    425.00     1.70    -9999
IRKUTSK3   170910 300  233500-234000   00     401.80  722.8    425.00     1.70    -9999
IRKUTSK3   170910 300  234000-234500   00     404.40  722.8    427.60     2.32    -9999
IRKUTSK3   170910 300  234500-235000   00     402.40  722.8    425.60     1.84    -9999
IRKUTSK3   170910 300  235000-235500   00     403.40  722.8    426.80     2.13    -9999
IRKUTSK3   170910 300  235500-240000   00     398.80  722.9    422.20     1.03    -9999
IRKUTSK3   170911 300  000000-000500   00     402.60  722.9    426.00     1.94    -9999
IRKUTSK3   170911 300  000500-001000   00     401.60  722.9    425.20     1.75    -9999
IRKUTSK3   170911 300  001000-001500   00     402.60  722.9    426.40     2.04    -9999
IRKUTSK3   170911 300  001500-002000   00     399.60  723.0    423.40     1.32    -9999
IRKUTSK3   170911 300  002000-002500   00     400.60  723.0    424.40     1.56    -9999
IRKUTSK3   170911 300  002500-003000   00     402.60  723.0    426.60     2.08    -9999
IRKUTSK3   170911 300  003000-003500   00     400.80  723.1    424.80     1.65    -9999
IRKUTSK3   170911 300  003500-004000   00     401.60  723.1    425.40     1.80    -9999
IRKUTSK3   170911 300  004000-004500   00     401.20  723.1    425.40     1.80    -9999
IRKUTSK3   170911 300  004500-005000   00     400.80  723.1    425.20     1.75    -9999
IRKUTSK3   170911 300  005000-005500   00     402.00  723.2    426.40     2.04    -9999
IRKUTSK3   170911 300  005500-010000   00     401.80  723.2    426.60     2.08    -9999
IRKUTSK3   170911 300  010000-010500   00     401.80  723.2    426.00     1.94    -9999
IRKUTSK3   170911 300  010500-011000   00     402.60  723.2    426.80     2.13    -9999
IRKUTSK3   170911 300  011000-011500   00     401.40  723.3    426.20     1.99    -9999
IRKUTSK3   170911 300  011500-012000   00     399.40  723.2    423.60     1.37    -9999
IRKUTSK3   170911 300  012000-012500   00     399.80  723.3    424.40     1.56    -9999
IRKUTSK3   170911 300  012500-013000   00     402.20  723.3    427.00     2.18    -9999
IRKUTSK3   170911 300  013000-013500   00     400.80  723.4    425.40     1.80    -9999
IRKUTSK3   170911 300  013500-014000   00     403.00  723.4    427.80     2.37    -9999
IRKUTSK3   170911 300  014000-014500   00     397.00  723.4    421.60     0.89    -9999
IRKUTSK3   170911 300  014500-015000   00     404.20  723.5    429.40     2.75    -9999
IRKUTSK3   170911 300  015000-015500   00     400.00  723.4    425.20     1.75    -9999
IRKUTSK3   170911 300  015500-020000   00     403.00  723.5    428.40     2.51    -9999
IRKUTSK3   170911 300  020000-020500   00     398.00  723.5    423.20     1.27    -9999
IRKUTSK3   170911 300  020500-021000   00     398.60  723.5    423.60     1.37    -9999
IRKUTSK3   170911 300  021000-021500   00     400.80  723.6    426.20     1.99    -9999
IRKUTSK3   170911 300  021500-022000   00     400.00  723.6    425.60     1.84    -9999
IRKUTSK3   170911 300  022000-022500   00     400.80  723.6    426.60     2.08    -9999
IRKUTSK3   170911 300  022500-023000   00     397.60  723.6    422.80     1.17    -9999
IRKUTSK3   170911 300  023000-023500   00     400.60  723.6    426.40     2.04    -9999
IRKUTSK3   170911 300  023500-024000   00     398.60  723.7    424.40     1.56    -9999
IRKUTSK3   170911 300  024000-024500   00     396.80  723.7    422.40     1.08    -9999
IRKUTSK3   170911 300  024500-025000   00     399.20  723.7    425.00     1.70    -9999
IRKUTSK3   170911 300  025000-025500   00     400.40  723.8    426.40     2.04    -9999
IRKUTSK3   170911 300  025500-030000   00     396.60  723.9    422.60     1.13    -9999
IRKUTSK3   170911 300  030000-030500   00     400.60  723.9    427.20     2.23    -9999
IRKUTSK3   170911 300  030500-031000   00     399.40  723.9    426.00     1.94    -9999
IRKUTSK3   170911 300  031000-031500   00     397.20  724.0    423.60     1.37    -9999
IRKUTSK3   170911 300  031500-032000   00     398.40  724.0    425.20     1.75    -9999
IRKUTSK3   170911 300  032000-032500   00     395.80  724.0    422.40     1.08    -9999
IRKUTSK3   170911 300  032500-033000   00     399.40  724.0    426.20     1.99    -9999
IRKUTSK3   170911 300  033000-033500   00     396.80  724.1    423.60     1.37    -9999
IRKUTSK3   170911 300  033500-034000   00     397.80  724.1    424.40     1.56    -9999
IRKUTSK3   170911 300  034000-034500   00     398.80  724.1    425.80     1.89    -9999
IRKUTSK3   170911 300  034500-035000   00     399.20  724.1    426.20     1.99    -9999
IRKUTSK3   170911 300  035000-035500   00     398.00  724.1    424.80     1.65    -9999
IRKUTSK3   170911 300  035500-040000   00     397.40  724.2    424.60     1.61    -9999
IRKUTSK3   170911 300  040000-040500   00     396.00  724.2    423.20     1.27    -9999
IRKUTSK3   170911 300  040500-041000   00     395.40  724.1    422.40     1.08    -9999
IRKUTSK3   170911 300  041000-041500   00     397.20  724.1    424.20     1.51    -9999
IRKUTSK3   170911 300  041500-042000   00     396.40  724.2    423.40     1.32    -9999
IRKUTSK3   170911 300  042000-042500   00     401.40  724.1    428.80     2.61    -9999
IRKUTSK3   170911 300  042500-043000   00     399.00  724.1    426.00     1.94    -9999
IRKUTSK3   170911 300  043000-043500   00     397.20  724.2    424.20     1.51    -9999
IRKUTSK3   170911 300  043500-044000   00     397.60  724.2    425.00     1.70    -9999
IRKUTSK3   170911 300  044000-044500   00     397.00  724.2    424.00     1.46    -9999
IRKUTSK3   170911 300  044500-045000   00     399.60  724.2    426.80     2.13    -9999
IRKUTSK3   170911 300  045000-045500   00     396.40  724.2    423.40     1.32    -9999
IRKUTSK3   170911 300  045500-050000   00     399.40  724.2    426.40     2.04    -9999
IRKUTSK3   170911 300  050000-050500   00     397.20  724.2    424.40     1.56    -9999
IRKUTSK3   170911 300  050500-051000   00     400.80  724.2    428.40     2.51    -9999
IRKUTSK3   170911 300  051000-051500   00     393.20  724.3    420.40     0.60    -9999
IRKUTSK3   170911 300  051500-052000   00     398.40  724.2    425.60     1.84    -9999
IRKUTSK3   170911 300  052000-052500   00     400.40  724.2    427.80     2.37    -9999
IRKUTSK3   170911 300  052500-053000   00     397.60  724.3    425.20     1.75    -9999
IRKUTSK3   170911 300  053000-053500   00     396.80  724.3    424.20     1.51    -9999
IRKUTSK3   170911 300  053500-054000   00     396.60  724.3    423.80     1.41    -9999
IRKUTSK3   170911 300  054000-054500   00     399.80  724.3    427.60     2.32    -9999
IRKUTSK3   170911 300  054500-055000   00     401.40  724.3    429.40     2.75    -9999
IRKUTSK3   170911 300  055000-055500   00     398.20  724.3    426.20     1.99    -9999
IRKUTSK3   170911 300  055500-060000   00     398.20  724.3    426.00     1.94    -9999
IRKUTSK3   170911 300  060000-060500   00     397.00  724.3    424.40     1.56    -9999
IRKUTSK3   170911 300  060500-061000   00     402.20  724.3    429.80     2.85    -9999
IRKUTSK3   170911 300  061000-061500   00     402.20  724.3    429.40     2.75    -9999
IRKUTSK3   170911 300  061500-062000   00     401.80  724.3    429.80     2.85    -9999
IRKUTSK3   170911 300  062000-062500   00     400.20  724.3    428.20     2.47    -9999
IRKUTSK3   170911 300  062500-063000   00     399.00  724.3    426.40     2.04    -9999
IRKUTSK3   170911 300  063000-063500   00     401.20  724.3    429.00     2.66    -9999
IRKUTSK3   170911 300  063500-064000   00     399.00  724.3    426.80     2.13    -9999
IRKUTSK3   170911 300  064000-064500   00     399.80  724.3    427.80     2.37    -9999
IRKUTSK3   170911 300  064500-065000   00     397.80  724.4    425.60     1.84    -9999
IRKUTSK3   170911 300  065000-065500   00     399.20  724.4    427.00     2.18    -9999
IRKUTSK3   170911 300  065500-070000   00     399.40  724.4    427.40     2.28    -9999
IRKUTSK3   170911 300  070000-070500   00     400.60  724.4    428.60     2.56    -9999
IRKUTSK3   170911 300  070500-071000   00     397.80  724.4    425.60     1.84    -9999
IRKUTSK3   170911 300  071000-071500   00     403.20  724.4    431.20     3.18    -9999
IRKUTSK3   170911 300  071500-072000   00     400.00  724.4    428.20     2.47    -9999
IRKUTSK3   170911 300  072000-072500   00     397.00  724.4    424.80     1.65    -9999
IRKUTSK3   170911 300  072500-073000   00     399.20  724.4    426.80     2.13    -9999
IRKUTSK3   170911 300  073000-073500   00     397.20  724.3    425.00     1.70    -9999
IRKUTSK3   170911 300  073500-074000   00     397.20  724.4    425.00     1.70    -9999
IRKUTSK3   170911 300  074000-074500   00     399.60  724.4    427.40     2.28    -9999
IRKUTSK3   170911 300  074500-075000   00     395.20  724.4    422.80     1.17    -9999
IRKUTSK3   170911 300  075000-075500   00     399.40  724.4    427.40     2.28    -9999
IRKUTSK3   170911 300  075500-080000   00     399.60  724.3    427.20     2.23    -9999
IRKUTSK3   170911 300  080000-080500   00     396.60  724.3    423.80     1.41    -9999
IRKUTSK3   170911 300  080500-081000   00     398.40  724.3    426.00     1.94    -9999
IRKUTSK3   170911 300  081000-081500   00     399.20  724.3    426.60     2.08    -9999
IRKUTSK3   170911 300  081500-082000   00     396.20  724.3    423.20     1.27    -9999
IRKUTSK3   170911 300  082000-082500   00     399.00  724.3    427.00     2.18    -9999
IRKUTSK3   170911 300  082500-083000   00     395.80  724.4    423.40     1.32    -9999
IRKUTSK3   170911 300  083000-083500   00     398.80  724.4    426.40     2.04    -9999
IRKUTSK3   170911 300  083500-084000   00     396.00  724.4    423.80     1.41    -9999
IRKUTSK3   170911 300  084000-084500   00     399.00  724.4    427.20     2.23    -9999
IRKUTSK3   170911 300  084500-085000   00     399.20  724.4    427.00     2.18    -9999
IRKUTSK3   170911 300  085000-085500   00     396.60  724.4    424.40     1.56    -9999
IRKUTSK3   170911 300  085500-090000   00     397.00  724.4    424.80     1.65    -9999
IRKUTSK3   170911 300  090000-090500   00     396.60  724.4    424.60     1.61    -9999
IRKUTSK3   170911 300  090500-091000   00     396.20  724.5    424.40     1.56    -9999
IRKUTSK3   170911 300  091000-091500   00     396.00  724.6    424.20     1.51    -9999
IRKUTSK3   170911 300  091500-092000   00     397.60  724.6    426.20     1.99    -9999
IRKUTSK3   170911 300  092000-092500   00     394.60  724.6    422.60     1.13    -9999
IRKUTSK3   170911 300  092500-093000   00     396.40  724.6    424.80     1.65    -9999
IRKUTSK3   170911 300  093000-093500   00     392.20  724.6    420.20     0.55    -9999
IRKUTSK3   170911 300  093500-094000   00     395.40  724.6    423.60     1.37    -9999
IRKUTSK3   170911 300  094000-094500   00     397.60  724.6    426.20     1.99    -9999
IRKUTSK3   170911 300  094500-095000   00     394.80  724.6    423.20     1.27    -9999
IRKUTSK3   170911 300  095000-095500   00     394.20  724.7    422.40     1.08    -9999
IRKUTSK3   170911 300  095500-100000   00     393.00  724.7    421.20     0.79    -9999
IRKUTSK3   170911 300  100000-100500   00     391.80  724.7    419.80     0.46    -9999
IRKUTSK3   170911 300  100500-101000   00     396.80  724.7    425.80     1.89    -9999
IRKUTSK3   170911 300  101000-101500   00     396.40  724.8    425.20     1.75    -9999
IRKUTSK3   170911 300  101500-102000   00     396.20  724.8    425.20     1.75    -9999
IRKUTSK3   170911 300  102000-102500   00     400.20  724.8    429.40     2.75    -9999
IRKUTSK3   170911 300  102500-103000   00     394.40  724.9    423.20     1.27    -9999
IRKUTSK3   170911 300  103000-103500   00     391.80  724.9    420.80     0.70    -9999
IRKUTSK3   170911 300  103500-104000   00     393.60  725.0    422.80     1.17    -9999
IRKUTSK3   170911 300  104000-104500   00     393.00  725.0    422.60     1.13    -9999
IRKUTSK3   170911 300  104500-105000   00     393.20  725.0    422.80     1.17    -9999
IRKUTSK3   170911 300  105000-105500   00     391.20  725.1    420.20     0.55    -9999
IRKUTSK3   170911 300  105500-110000   00     393.60  725.1    423.20     1.27    -9999
IRKUTSK3   170911 300  110000-110500   00     389.80  725.1    419.20     0.31    -9999
IRKUTSK3   170911 300  110500-111000   00     393.00  725.2    422.60     1.13    -9999
IRKUTSK3   170911 300  111000-111500   00     389.20  725.2    418.60     0.17    -9999
IRKUTSK3   170911 300  111500-112000   00     393.20  725.2    423.20     1.27    -9999
IRKUTSK3   170911 300  112000-112500   00     388.80  725.2    418.60     0.17    -9999
IRKUTSK3   170911 300  112500-113000   00     393.80  725.2    423.60     1.37    -9999
IRKUTSK3   170911 300  113000-113500   00     390.60  725.3    420.40     0.60    -9999
IRKUTSK3   170911 300  113500-114000   00     392.60  725.3    422.60     1.13    -9999
IRKUTSK3   170911 300  114000-114500   00     390.40  725.3    420.60     0.65    -9999
IRKUTSK3   170911 300  114500-115000   00     392.60  725.3    422.60     1.13    -9999
IRKUTSK3   170911 300  115000-115500   00     392.80  725.2    422.80     1.17    -9999
IRKUTSK3   170911 300  115500-120000   00     390.80  725.2    420.40     0.60    -9999
IRKUTSK3   170911 3600 120000-130000   00     391.68  725.3    421.60     0.89    -9999
IRKUTSK3   170911 3600 130000-140000   00     391.47  725.4    422.07     1.00    -9999
IRKUTSK3   170911 3600 140000-150000   00     392.10  725.5    422.82     1.18    -9999
IRKUTSK3   170911 3600 150000-160000   00     392.08  725.5    422.77     1.17    -9999
IRKUTSK3   170911 3600 160000-170000   00     393.37  725.4    423.83     1.42    -9999
IRKUTSK3   170911 3600 170000-180000   00     394.87  725.0    424.35     1.55    -9999
IRKUTSK3   170911 3600 180000-190000   00     395.98  724.7    424.70     1.63    -9999
IRKUTSK3   170911 3600 190000-200000   00     397.50  724.4    425.33     1.78    -9999
IRKUTSK3   170911 3600 200000-210000   00     397.83  724.2    425.17     1.74    -9999
IRKUTSK3   170911 3600 210000-220000   00     398.05  724.1    424.95     1.69    -9999
IRKUTSK3   170911 3600 220000-230000   00     397.90  724.1    424.77     1.65    -9999
IRKUTSK3   170911 3600 230000-240000   00     398.62  724.3    426.28     2.01    -9999
*
COMMENT UNIVERISTY OF OULU: FILE GENERATED FROM DATABASE AND OBTAINED FROM
COMMENT https://gle.oulu.fi at 2025-01-11 16:21:59 +00:00
COMMENT FOR HISTORICAL/ORIGINAL TEXT FILES SEE https://gle.oulu.fi/txtarchive/
COMMENT ORIGINAL AT https://gle.oulu.fi/txtarchive/GLE72/C072IRK3_cor.DAT
COMMENT DETRENDED DATA SHOW -9999 IF EQUAL TO INC% COLUMN 