IRKUTSK2   LATITUDE    52.28     LONGITUDE     104.02    ALTITUDE    2000 M
IRKUTSK2   INSTRUMENT   12NM64    NEUTRON MONITOR     
IRKUTSK2   STANDARD PRESSURE    789.2   mb     COEFFICIENT   -0.713    % / mb
IRKUTSK2   PRE-INCREASE BASELINE TIME INTERVAL    170910    140000-160000   UT
IRKUTSK2   PRE-INCREASE AVERAGE COUNTING RATE    365.45      COUNTS PER SECOND
IRKUTSK2   TIME INTERVALS    300         3600     
IRKUTSK2   SCALE FACTORS     1           1        
STATION    YYMMDD  SEC   TIME (UT)   CODE    UNCORR. PRESS.    CORR.    % INC.	DETRENDED
                         INTERVAL    TD      C/S     (mb)      C/S
IRKUTSK2   170909 3600 000000-010000   00     372.08  796.9    363.94    -0.41    -9999
IRKUTSK2   170909 3600 010000-020000   00     369.72  797.1    362.03    -0.94    -9999
IRKUTSK2   170909 3600 020000-030000   00     368.78  797.3    361.66    -1.04    -9999
IRKUTSK2   170909 3600 030000-040000   00     367.90  797.1    360.26    -1.42    -9999
IRKUTSK2   170909 3600 040000-050000   00     367.94  797.0    360.05    -1.48    -9999
IRKUTSK2   170909 3600 050000-060000   00     368.41  797.0    360.51    -1.35    -9999
IRKUTSK2   170909 3600 060000-070000   00     368.38  796.8    360.00    -1.49    -9999
IRKUTSK2   170909 3600 070000-080000   00     366.70  796.8    358.31    -1.95    -9999
IRKUTSK2   170909 3600 080000-090000   00     366.74  796.9    358.71    -1.85    -9999
IRKUTSK2   170909 3600 090000-100000   00     366.68  797.2    359.51    -1.63    -9999
IRKUTSK2   170909 3600 100000-110000   00     367.20  797.7    361.33    -1.13    -9999
IRKUTSK2   170909 3600 110000-120000   00     364.76  798.4    360.54    -1.34    -9999
IRKUTSK2   170909 3600 120000-130000   00     363.86  798.9    361.09    -1.19    -9999
IRKUTSK2   170909 3600 130000-140000   00     361.43  799.3    359.68    -1.58    -9999
IRKUTSK2   170909 3600 140000-150000   00     360.61  799.6    359.63    -1.59    -9999
IRKUTSK2   170909 3600 150000-160000   00     360.47  799.9    360.26    -1.42    -9999
IRKUTSK2   170909 3600 160000-170000   00     362.24  799.8    361.79    -1.00    -9999
IRKUTSK2   170909 3600 170000-180000   00     364.89  799.8    364.36    -0.30    -9999
IRKUTSK2   170909 3600 180000-190000   00     365.23  799.8    364.65    -0.22    -9999
IRKUTSK2   170909 3600 190000-200000   00     366.77  799.7    365.92     0.13    -9999
IRKUTSK2   170909 3600 200000-210000   00     368.05  799.6    367.11     0.45    -9999
IRKUTSK2   170909 3600 210000-220000   00     367.47  799.6    366.48     0.28    -9999
IRKUTSK2   170909 3600 220000-230000   00     367.56  799.6    366.46     0.28    -9999
IRKUTSK2   170909 3600 230000-240000   00     367.60  799.7    366.83     0.38    -9999
IRKUTSK2   170910 3600 000000-010000   00     367.92  799.8    367.34     0.52    -9999
IRKUTSK2   170910 3600 010000-020000   00     367.55  799.9    367.17     0.47    -9999
IRKUTSK2   170910 3600 020000-030000   00     367.93  799.8    367.31     0.51    -9999
IRKUTSK2   170910 3600 030000-040000   00     367.23  799.4    365.69     0.06    -9999
IRKUTSK2   170910 3600 040000-050000   00     368.24  799.3    366.25     0.22    -9999
IRKUTSK2   170910 3600 050000-060000   00     370.79  799.0    368.22     0.76    -9999
IRKUTSK2   170910 3600 060000-070000   00     369.08  798.9    366.18     0.20    -9999
IRKUTSK2   170910 3600 070000-080000   00     369.73  798.7    366.38     0.25    -9999
IRKUTSK2   170910 3600 080000-090000   00     369.62  798.5    365.77     0.09    -9999
IRKUTSK2   170910 3600 090000-100000   00     368.11  798.6    364.34    -0.30    -9999
IRKUTSK2   170910 3600 100000-110000   00     368.18  798.7    364.67    -0.21    -9999
IRKUTSK2   170910 3600 110000-120000   00     369.04  798.8    365.93     0.13    -9999
IRKUTSK2   170910 300  120000-120500   00     365.85  798.9    363.05    -0.66    -9999
IRKUTSK2   170910 300  120500-121000   00     367.48  799.0    364.82    -0.17    -9999
IRKUTSK2   170910 300  121000-121500   00     368.93  799.0    366.33     0.24    -9999
IRKUTSK2   170910 300  121500-122000   00     369.14  799.0    366.63     0.32    -9999
IRKUTSK2   170910 300  122000-122500   00     367.96  799.1    365.56     0.03    -9999
IRKUTSK2   170910 300  122500-123000   00     367.02  799.1    364.70    -0.21    -9999
IRKUTSK2   170910 300  123000-123500   00     367.69  799.1    365.45     0.00    -9999
IRKUTSK2   170910 300  123500-124000   00     367.03  799.2    364.84    -0.17    -9999
IRKUTSK2   170910 300  124000-124500   00     367.32  799.2    365.18    -0.07    -9999
IRKUTSK2   170910 300  124500-125000   00     364.37  799.2    362.35    -0.85    -9999
IRKUTSK2   170910 300  125000-125500   00     365.43  799.3    363.51    -0.53    -9999
IRKUTSK2   170910 300  125500-130000   00     368.02  799.3    366.14     0.19    -9999
IRKUTSK2   170910 300  130000-130500   00     368.45  799.3    366.61     0.32    -9999
IRKUTSK2   170910 300  130500-131000   00     361.60  799.4    359.93    -1.51    -9999
IRKUTSK2   170910 300  131000-131500   00     367.18  799.4    365.55     0.03    -9999
IRKUTSK2   170910 300  131500-132000   00     368.43  799.4    366.81     0.37    -9999
IRKUTSK2   170910 300  132000-132500   00     365.64  799.4    364.10    -0.37    -9999
IRKUTSK2   170910 300  132500-133000   00     366.39  799.5    364.99    -0.13    -9999
IRKUTSK2   170910 300  133000-133500   00     367.34  799.5    366.04     0.16    -9999
IRKUTSK2   170910 300  133500-134000   00     368.16  799.5    366.90     0.40    -9999
IRKUTSK2   170910 300  134000-134500   00     364.82  799.6    363.70    -0.48    -9999
IRKUTSK2   170910 300  134500-135000   00     366.22  799.6    365.12    -0.09    -9999
IRKUTSK2   170910 300  135000-135500   00     369.04  799.6    367.95     0.68    -9999
IRKUTSK2   170910 300  135500-140000   00     366.50  799.6    365.44     0.00    -9999
IRKUTSK2   170910 300  140000-140500   00     368.21  799.7    367.26     0.50    -9999
IRKUTSK2   170910 300  140500-141000   00     364.18  799.7    363.32    -0.58    -9999
IRKUTSK2   170910 300  141000-141500   00     367.44  799.7    366.60     0.31    -9999
IRKUTSK2   170910 300  141500-142000   00     363.25  799.7    362.41    -0.83    -9999
IRKUTSK2   170910 300  142000-142500   00     364.60  799.7    363.80    -0.45    -9999
IRKUTSK2   170910 300  142500-143000   00     364.94  799.7    364.21    -0.34    -9999
IRKUTSK2   170910 300  143000-143500   00     364.58  799.8    363.89    -0.43    -9999
IRKUTSK2   170910 300  143500-144000   00     365.46  799.7    364.78    -0.18    -9999
IRKUTSK2   170910 300  144000-144500   00     362.96  799.7    362.29    -0.87    -9999
IRKUTSK2   170910 300  144500-145000   00     366.17  799.8    365.57     0.03    -9999
IRKUTSK2   170910 300  145000-145500   00     364.96  799.8    364.42    -0.28    -9999
IRKUTSK2   170910 300  145500-150000   00     365.97  799.9    365.56     0.03    -9999
IRKUTSK2   170910 300  150000-150500   00     363.95  799.8    363.53    -0.53    -9999
IRKUTSK2   170910 300  150500-151000   00     368.80  799.9    368.49     0.83    -9999
IRKUTSK2   170910 300  151000-151500   00     368.94  799.9    368.61     0.87    -9999
IRKUTSK2   170910 300  151500-152000   00     367.44  799.9    367.12     0.46    -9999
IRKUTSK2   170910 300  152000-152500   00     364.94  799.9    364.67    -0.21    -9999
IRKUTSK2   170910 300  152500-153000   00     368.36  799.9    368.14     0.74    -9999
IRKUTSK2   170910 300  153000-153500   00     366.88  799.9    366.59     0.31    -9999
IRKUTSK2   170910 300  153500-154000   00     364.40  799.9    364.18    -0.35    -9999
IRKUTSK2   170910 300  154000-154500   00     366.27  799.9    366.02     0.16    -9999
IRKUTSK2   170910 300  154500-155000   00     366.82  799.9    366.55     0.30    -9999
IRKUTSK2   170910 300  155000-155500   00     367.28  799.9    367.01     0.43    -9999
IRKUTSK2   170910 300  155500-160000   00     366.00  799.9    365.80     0.09    -9999
IRKUTSK2   170910 300  160000-160500   00     369.34  799.9    369.11     1.00     0.61
IRKUTSK2   170910 300  160500-161000   00     366.84  799.9    366.52     0.29    -0.13
IRKUTSK2   170910 300  161000-161500   00     367.25  799.8    366.82     0.38    -0.07
IRKUTSK2   170910 300  161500-162000   00     370.12  799.8    369.52     1.11     0.63
IRKUTSK2   170910 300  162000-162500   00     372.20  799.7    371.49     1.65     1.14
IRKUTSK2   170910 300  162500-163000   00     372.21  799.7    371.50     1.66     1.12
IRKUTSK2   170910 300  163000-163500   00     372.65  799.7    371.91     1.77     1.20
IRKUTSK2   170910 300  163500-164000   00     373.28  799.7    372.52     1.93     1.33
IRKUTSK2   170910 300  164000-164500   00     374.64  799.7    373.89     2.31     1.68
IRKUTSK2   170910 300  164500-165000   00     371.06  799.7    370.31     1.33     0.67
IRKUTSK2   170910 300  165000-165500   00     372.35  799.7    371.55     1.67     0.98
IRKUTSK2   170910 300  165500-170000   00     372.06  799.7    371.27     1.59     0.87
IRKUTSK2   170910 300  170000-170500   00     375.62  799.7    374.82     2.56     1.81
IRKUTSK2   170910 300  170500-171000   00     374.47  799.7    373.73     2.27     1.50
IRKUTSK2   170910 300  171000-171500   00     373.79  799.7    373.08     2.09     1.29
IRKUTSK2   170910 300  171500-172000   00     372.61  799.8    371.96     1.78     0.95
IRKUTSK2   170910 300  172000-172500   00     372.40  799.7    371.59     1.68     0.82
IRKUTSK2   170910 300  172500-173000   00     373.87  799.7    372.99     2.06     1.18
IRKUTSK2   170910 300  173000-173500   00     369.23  799.6    368.27     0.77    -0.14
IRKUTSK2   170910 300  173500-174000   00     375.43  799.6    374.32     2.43     1.49
IRKUTSK2   170910 300  174000-174500   00     375.02  799.5    373.76     2.27     1.31
IRKUTSK2   170910 300  174500-175000   00     369.85  799.5    368.63     0.87    -0.12
IRKUTSK2   170910 300  175000-175500   00     372.41  799.5    371.11     1.55     0.53
IRKUTSK2   170910 300  175500-180000   00     374.05  799.5    372.72     1.99     0.95
IRKUTSK2   170910 300  180000-180500   00     372.99  799.5    371.54     1.66     0.59
IRKUTSK2   170910 300  180500-181000   00     372.70  799.5    371.31     1.60     0.51
IRKUTSK2   170910 300  181000-181500   00     374.16  799.4    372.69     1.98     0.86
IRKUTSK2   170910 300  181500-182000   00     372.59  799.5    371.15     1.56     0.42
IRKUTSK2   170910 300  182000-182500   00     374.62  799.5    373.13     2.10     0.93
IRKUTSK2   170910 300  182500-183000   00     373.96  799.4    372.46     1.92     0.73
IRKUTSK2   170910 300  183000-183500   00     371.50  799.4    369.97     1.24     0.03
IRKUTSK2   170910 300  183500-184000   00     373.25  799.4    371.73     1.72     0.48
IRKUTSK2   170910 300  184000-184500   00     376.74  799.4    375.11     2.64     1.38
IRKUTSK2   170910 300  184500-185000   00     370.01  799.4    368.42     0.81    -0.47
IRKUTSK2   170910 300  185000-185500   00     372.30  799.5    370.85     1.48     0.17
IRKUTSK2   170910 300  185500-190000   00     373.29  799.4    371.78     1.73     0.40
IRKUTSK2   170910 300  190000-190500   00     373.36  799.4    371.82     1.74     0.39
IRKUTSK2   170910 300  190500-191000   00     371.82  799.4    370.29     1.32    -0.05
IRKUTSK2   170910 300  191000-191500   00     372.21  799.4    370.66     1.42     0.02
IRKUTSK2   170910 300  191500-192000   00     373.47  799.4    371.93     1.77     0.35
IRKUTSK2   170910 300  192000-192500   00     372.91  799.4    371.36     1.62     0.18
IRKUTSK2   170910 300  192500-193000   00     372.16  799.4    370.56     1.40    -0.06
IRKUTSK2   170910 300  193000-193500   00     377.66  799.3    375.88     2.85     1.37
IRKUTSK2   170910 300  193500-194000   00     373.43  799.3    371.54     1.67     0.17
IRKUTSK2   170910 300  194000-194500   00     374.86  799.3    372.99     2.06     0.54
IRKUTSK2   170910 300  194500-195000   00     370.38  799.3    368.59     0.86    -0.68
IRKUTSK2   170910 300  195000-195500   00     372.41  799.3    370.52     1.39    -0.17
IRKUTSK2   170910 300  195500-200000   00     374.56  799.3    372.58     1.95     0.37
IRKUTSK2   170910 300  200000-200500   00     376.41  799.2    374.31     2.43     0.83
IRKUTSK2   170910 300  200500-201000   00     374.47  799.3    372.50     1.93     0.31
IRKUTSK2   170910 300  201000-201500   00     373.26  799.3    371.35     1.61    -0.03
IRKUTSK2   170910 300  201500-202000   00     375.00  799.3    373.01     2.07     0.41
IRKUTSK2   170910 300  202000-202500   00     373.73  799.3    371.77     1.73     0.05
IRKUTSK2   170910 300  202500-203000   00     372.81  799.3    370.90     1.49    -0.20
IRKUTSK2   170910 300  203000-203500   00     373.05  799.3    371.13     1.55    -0.16
IRKUTSK2   170910 300  203500-204000   00     369.74  799.2    367.73     0.62    -1.11
IRKUTSK2   170910 300  204000-204500   00     373.26  799.3    371.28     1.59    -0.16
IRKUTSK2   170910 300  204500-205000   00     372.49  799.3    370.66     1.42    -0.34
IRKUTSK2   170910 300  205000-205500   00     375.28  799.4    373.60     2.23     0.45
IRKUTSK2   170910 300  205500-210000   00     373.70  799.4    372.19     1.84     0.04
IRKUTSK2   170910 300  210000-210500   00     374.85  799.5    373.40     2.17     0.36
IRKUTSK2   170910 300  210500-211000   00     372.92  799.5    371.51     1.66    -0.17
IRKUTSK2   170910 300  211000-211500   00     374.42  799.5    373.04     2.08     0.23
IRKUTSK2   170910 300  211500-212000   00     373.37  799.5    371.97     1.78    -0.08
IRKUTSK2   170910 300  212000-212500   00     374.43  799.5    373.03     2.07     0.19
IRKUTSK2   170910 300  212500-213000   00     376.01  799.5    374.68     2.53     0.64
IRKUTSK2   170910 300  213000-213500   00     371.75  799.5    370.57     1.40    -0.51
IRKUTSK2   170910 300  213500-214000   00     374.75  799.6    373.69     2.25     0.33
IRKUTSK2   170910 300  214000-214500   00     373.05  799.6    372.09     1.82    -0.12
IRKUTSK2   170910 300  214500-215000   00     369.62  799.6    368.55     0.85    -1.10
IRKUTSK2   170910 300  215000-215500   00     372.76  799.6    371.64     1.69    -0.27
IRKUTSK2   170910 300  215500-220000   00     373.41  799.6    372.42     1.91    -0.07
IRKUTSK2   170910 300  220000-220500   00     369.76  799.7    368.92     0.95    -1.04
IRKUTSK2   170910 300  220500-221000   00     376.51  799.7    375.74     2.81    -9999
IRKUTSK2   170910 300  221000-221500   00     372.03  799.8    371.37     1.62    -9999
IRKUTSK2   170910 300  221500-222000   00     374.27  799.7    373.58     2.22    -9999
IRKUTSK2   170910 300  222000-222500   00     373.66  799.8    373.01     2.07    -9999
IRKUTSK2   170910 300  222500-223000   00     372.67  799.8    372.06     1.81    -9999
IRKUTSK2   170910 300  223000-223500   00     374.01  799.8    373.40     2.17    -9999
IRKUTSK2   170910 300  223500-224000   00     373.86  799.8    373.28     2.14    -9999
IRKUTSK2   170910 300  224000-224500   00     374.55  799.8    374.04     2.35    -9999
IRKUTSK2   170910 300  224500-225000   00     373.38  799.8    372.90     2.04    -9999
IRKUTSK2   170910 300  225000-225500   00     376.48  799.8    376.07     2.91    -9999
IRKUTSK2   170910 300  225500-230000   00     373.80  799.9    373.60     2.23    -9999
IRKUTSK2   170910 300  230000-230500   00     373.01  800.0    372.92     2.04    -9999
IRKUTSK2   170910 300  230500-231000   00     372.96  799.9    372.78     2.00    -9999
IRKUTSK2   170910 300  231000-231500   00     374.60  800.0    374.51     2.48    -9999
IRKUTSK2   170910 300  231500-232000   00     374.11  800.0    374.03     2.35    -9999
IRKUTSK2   170910 300  232000-232500   00     376.24  800.0    376.19     2.94    -9999
IRKUTSK2   170910 300  232500-233000   00     369.96  800.0    369.99     1.24    -9999
IRKUTSK2   170910 300  233000-233500   00     372.61  800.1    372.76     2.00    -9999
IRKUTSK2   170910 300  233500-234000   00     370.13  800.1    370.26     1.32    -9999
IRKUTSK2   170910 300  234000-234500   00     373.49  800.1    373.63     2.24    -9999
IRKUTSK2   170910 300  234500-235000   00     369.27  800.1    369.39     1.08    -9999
IRKUTSK2   170910 300  235000-235500   00     372.08  800.1    372.27     1.86    -9999
IRKUTSK2   170910 300  235500-240000   00     372.10  800.1    372.37     1.89    -9999
IRKUTSK2   170911 300  000000-000500   00     373.23  800.1    373.57     2.22    -9999
IRKUTSK2   170911 300  000500-001000   00     370.30  800.2    370.74     1.45    -9999
IRKUTSK2   170911 300  001000-001500   00     371.82  800.2    372.41     1.90    -9999
IRKUTSK2   170911 300  001500-002000   00     372.52  800.3    373.25     2.13    -9999
IRKUTSK2   170911 300  002000-002500   00     371.02  800.3    371.81     1.74    -9999
IRKUTSK2   170911 300  002500-003000   00     371.85  800.3    372.63     1.96    -9999
IRKUTSK2   170911 300  003000-003500   00     367.74  800.3    368.43     0.82    -9999
IRKUTSK2   170911 300  003500-004000   00     371.68  800.3    372.52     1.93    -9999
IRKUTSK2   170911 300  004000-004500   00     369.76  800.4    370.72     1.44    -9999
IRKUTSK2   170911 300  004500-005000   00     373.49  800.3    374.29     2.42    -9999
IRKUTSK2   170911 300  005000-005500   00     372.84  800.3    373.65     2.24    -9999
IRKUTSK2   170911 300  005500-010000   00     373.16  800.3    374.10     2.37    -9999
IRKUTSK2   170911 300  010000-010500   00     371.67  800.4    372.73     1.99    -9999
IRKUTSK2   170911 300  010500-011000   00     374.42  800.4    375.45     2.74    -9999
IRKUTSK2   170911 300  011000-011500   00     372.79  800.4    373.90     2.31    -9999
IRKUTSK2   170911 300  011500-012000   00     373.03  800.5    374.41     2.45    -9999
IRKUTSK2   170911 300  012000-012500   00     370.51  800.6    371.97     1.78    -9999
IRKUTSK2   170911 300  012500-013000   00     371.81  800.6    373.29     2.15    -9999
IRKUTSK2   170911 300  013000-013500   00     371.47  800.6    373.08     2.09    -9999
IRKUTSK2   170911 300  013500-014000   00     374.35  800.7    376.21     2.94    -9999
IRKUTSK2   170911 300  014000-014500   00     370.94  800.8    372.94     2.05    -9999
IRKUTSK2   170911 300  014500-015000   00     370.98  800.8    373.21     2.12    -9999
IRKUTSK2   170911 300  015000-015500   00     369.85  800.8    372.10     1.82    -9999
IRKUTSK2   170911 300  015500-020000   00     370.29  800.8    372.49     1.93    -9999
IRKUTSK2   170911 300  020000-020500   00     369.32  800.9    371.56     1.67    -9999
IRKUTSK2   170911 300  020500-021000   00     370.35  800.9    372.59     1.95    -9999
IRKUTSK2   170911 300  021000-021500   00     370.56  800.9    372.94     2.05    -9999
IRKUTSK2   170911 300  021500-022000   00     370.44  800.8    372.65     1.97    -9999
IRKUTSK2   170911 300  022000-022500   00     371.27  800.8    373.41     2.18    -9999
IRKUTSK2   170911 300  022500-023000   00     369.98  800.8    371.96     1.78    -9999
IRKUTSK2   170911 300  023000-023500   00     365.71  800.7    367.64     0.60    -9999
IRKUTSK2   170911 300  023500-024000   00     372.27  800.8    374.28     2.42    -9999
IRKUTSK2   170911 300  024000-024500   00     370.70  800.7    372.65     1.97    -9999
IRKUTSK2   170911 300  024500-025000   00     367.82  800.7    369.73     1.17    -9999
IRKUTSK2   170911 300  025000-025500   00     368.72  800.7    370.59     1.40    -9999
IRKUTSK2   170911 300  025500-030000   00     367.56  800.7    369.38     1.08    -9999
IRKUTSK2   170911 300  030000-030500   00     370.49  800.7    372.26     1.86    -9999
IRKUTSK2   170911 300  030500-031000   00     366.69  800.6    368.23     0.76    -9999
IRKUTSK2   170911 300  031000-031500   00     368.43  800.6    369.94     1.23    -9999
IRKUTSK2   170911 300  031500-032000   00     366.55  800.6    368.08     0.72    -9999
IRKUTSK2   170911 300  032000-032500   00     366.28  800.6    367.93     0.68    -9999
IRKUTSK2   170911 300  032500-033000   00     369.23  800.7    371.03     1.53    -9999
IRKUTSK2   170911 300  033000-033500   00     366.36  800.7    368.11     0.73    -9999
IRKUTSK2   170911 300  033500-034000   00     369.30  800.7    371.06     1.53    -9999
IRKUTSK2   170911 300  034000-034500   00     370.01  800.7    371.88     1.76    -9999
IRKUTSK2   170911 300  034500-035000   00     369.24  800.7    371.07     1.54    -9999
IRKUTSK2   170911 300  035000-035500   00     371.63  800.7    373.57     2.22    -9999
IRKUTSK2   170911 300  035500-040000   00     369.09  800.7    370.85     1.48    -9999
IRKUTSK2   170911 300  040000-040500   00     368.28  800.7    370.09     1.27    -9999
IRKUTSK2   170911 300  040500-041000   00     368.22  800.7    369.97     1.24    -9999
IRKUTSK2   170911 300  041000-041500   00     370.63  800.7    372.35     1.89    -9999
IRKUTSK2   170911 300  041500-042000   00     370.44  800.6    372.10     1.82    -9999
IRKUTSK2   170911 300  042000-042500   00     368.99  800.6    370.62     1.41    -9999
IRKUTSK2   170911 300  042500-043000   00     371.00  800.6    372.55     1.94    -9999
IRKUTSK2   170911 300  043000-043500   00     371.27  800.5    372.70     1.98    -9999
IRKUTSK2   170911 300  043500-044000   00     372.00  800.5    373.43     2.18    -9999
IRKUTSK2   170911 300  044000-044500   00     366.87  800.5    368.21     0.75    -9999
IRKUTSK2   170911 300  044500-045000   00     371.77  800.5    373.06     2.08    -9999
IRKUTSK2   170911 300  045000-045500   00     371.35  800.5    372.77     2.00    -9999
IRKUTSK2   170911 300  045500-050000   00     368.82  800.5    370.22     1.31    -9999
IRKUTSK2   170911 300  050000-050500   00     370.67  800.5    371.99     1.79    -9999
IRKUTSK2   170911 300  050500-051000   00     369.14  800.5    370.40     1.35    -9999
IRKUTSK2   170911 300  051000-051500   00     368.07  800.5    369.32     1.06    -9999
IRKUTSK2   170911 300  051500-052000   00     368.49  800.5    369.79     1.19    -9999
IRKUTSK2   170911 300  052000-052500   00     371.54  800.5    372.93     2.05    -9999
IRKUTSK2   170911 300  052500-053000   00     370.83  800.5    372.13     1.83    -9999
IRKUTSK2   170911 300  053000-053500   00     366.76  800.5    368.00     0.70    -9999
IRKUTSK2   170911 300  053500-054000   00     366.62  800.5    367.93     0.68    -9999
IRKUTSK2   170911 300  054000-054500   00     368.82  800.5    370.14     1.28    -9999
IRKUTSK2   170911 300  054500-055000   00     369.39  800.5    370.59     1.41    -9999
IRKUTSK2   170911 300  055000-055500   00     369.66  800.4    370.74     1.45    -9999
IRKUTSK2   170911 300  055500-060000   00     369.17  800.4    370.16     1.29    -9999
IRKUTSK2   170911 300  060000-060500   00     372.71  800.4    373.67     2.25    -9999
IRKUTSK2   170911 300  060500-061000   00     373.06  800.4    374.06     2.35    -9999
IRKUTSK2   170911 300  061000-061500   00     372.98  800.4    373.93     2.32    -9999
IRKUTSK2   170911 300  061500-062000   00     368.13  800.4    369.09     1.00    -9999
IRKUTSK2   170911 300  062000-062500   00     373.65  800.3    374.58     2.50    -9999
IRKUTSK2   170911 300  062500-063000   00     373.00  800.3    373.82     2.29    -9999
IRKUTSK2   170911 300  063000-063500   00     372.04  800.3    372.95     2.05    -9999
IRKUTSK2   170911 300  063500-064000   00     369.88  800.4    370.89     1.49    -9999
IRKUTSK2   170911 300  064000-064500   00     372.13  800.4    373.26     2.14    -9999
IRKUTSK2   170911 300  064500-065000   00     371.34  800.4    372.41     1.91    -9999
IRKUTSK2   170911 300  065000-065500   00     369.74  800.4    370.84     1.47    -9999
IRKUTSK2   170911 300  065500-070000   00     370.14  800.4    371.20     1.57    -9999
IRKUTSK2   170911 300  070000-070500   00     369.71  800.4    370.76     1.45    -9999
IRKUTSK2   170911 300  070500-071000   00     373.56  800.4    374.51     2.48    -9999
IRKUTSK2   170911 300  071000-071500   00     371.93  800.4    372.88     2.03    -9999
IRKUTSK2   170911 300  071500-072000   00     370.71  800.3    371.49     1.65    -9999
IRKUTSK2   170911 300  072000-072500   00     370.43  800.3    371.14     1.56    -9999
IRKUTSK2   170911 300  072500-073000   00     374.00  800.3    374.81     2.56    -9999
IRKUTSK2   170911 300  073000-073500   00     371.95  800.3    372.71     1.99    -9999
IRKUTSK2   170911 300  073500-074000   00     370.84  800.3    371.67     1.70    -9999
IRKUTSK2   170911 300  074000-074500   00     371.15  800.3    372.05     1.81    -9999
IRKUTSK2   170911 300  074500-075000   00     368.62  800.3    369.46     1.10    -9999
IRKUTSK2   170911 300  075000-075500   00     371.05  800.3    371.87     1.76    -9999
IRKUTSK2   170911 300  075500-080000   00     372.21  800.2    372.86     2.03    -9999
IRKUTSK2   170911 300  080000-080500   00     370.39  800.2    370.97     1.51    -9999
IRKUTSK2   170911 300  080500-081000   00     371.89  800.2    372.35     1.89    -9999
IRKUTSK2   170911 300  081000-081500   00     369.03  800.2    369.45     1.10    -9999
IRKUTSK2   170911 300  081500-082000   00     372.21  800.2    372.71     1.99    -9999
IRKUTSK2   170911 300  082000-082500   00     373.47  800.2    374.03     2.35    -9999
IRKUTSK2   170911 300  082500-083000   00     369.82  800.2    370.34     1.34    -9999
IRKUTSK2   170911 300  083000-083500   00     371.75  800.2    372.15     1.83    -9999
IRKUTSK2   170911 300  083500-084000   00     371.24  800.2    371.66     1.70    -9999
IRKUTSK2   170911 300  084000-084500   00     369.64  800.2    370.17     1.29    -9999
IRKUTSK2   170911 300  084500-085000   00     368.61  800.2    369.19     1.02    -9999
IRKUTSK2   170911 300  085000-085500   00     368.75  800.3    369.42     1.08    -9999
IRKUTSK2   170911 300  085500-090000   00     367.82  800.3    368.58     0.86    -9999
IRKUTSK2   170911 300  090000-090500   00     369.81  800.3    370.63     1.42    -9999
IRKUTSK2   170911 300  090500-091000   00     369.43  800.3    370.29     1.33    -9999
IRKUTSK2   170911 300  091000-091500   00     368.74  800.3    369.53     1.12    -9999
IRKUTSK2   170911 300  091500-092000   00     367.68  800.3    368.40     0.81    -9999
IRKUTSK2   170911 300  092000-092500   00     367.81  800.3    368.56     0.85    -9999
IRKUTSK2   170911 300  092500-093000   00     367.93  800.3    368.79     0.91    -9999
IRKUTSK2   170911 300  093000-093500   00     371.11  800.4    372.07     1.81    -9999
IRKUTSK2   170911 300  093500-094000   00     371.52  800.3    372.43     1.91    -9999
IRKUTSK2   170911 300  094000-094500   00     370.04  800.4    370.98     1.51    -9999
IRKUTSK2   170911 300  094500-095000   00     367.17  800.4    368.14     0.74    -9999
IRKUTSK2   170911 300  095000-095500   00     367.37  800.4    368.42     0.81    -9999
IRKUTSK2   170911 300  095500-100000   00     369.07  800.4    370.04     1.26    -9999
IRKUTSK2   170911 300  100000-100500   00     366.23  800.4    367.18     0.47    -9999
IRKUTSK2   170911 300  100500-101000   00     369.08  800.4    370.16     1.29    -9999
IRKUTSK2   170911 300  101000-101500   00     369.96  800.5    371.24     1.58    -9999
IRKUTSK2   170911 300  101500-102000   00     370.40  800.5    371.79     1.73    -9999
IRKUTSK2   170911 300  102000-102500   00     365.58  800.6    367.05     0.44    -9999
IRKUTSK2   170911 300  102500-103000   00     367.07  800.6    368.67     0.88    -9999
IRKUTSK2   170911 300  103000-103500   00     364.95  800.6    366.58     0.31    -9999
IRKUTSK2   170911 300  103500-104000   00     364.97  800.7    366.68     0.34    -9999
IRKUTSK2   170911 300  104000-104500   00     367.66  800.7    369.53     1.12    -9999
IRKUTSK2   170911 300  104500-105000   00     368.48  800.8    370.61     1.41    -9999
IRKUTSK2   170911 300  105000-105500   00     367.32  800.9    369.62     1.14    -9999
IRKUTSK2   170911 300  105500-110000   00     366.10  800.9    368.50     0.83    -9999
IRKUTSK2   170911 300  110000-110500   00     366.60  801.0    369.08     0.99    -9999
IRKUTSK2   170911 300  110500-111000   00     366.49  801.0    369.04     0.98    -9999
IRKUTSK2   170911 300  111000-111500   00     368.26  801.0    370.93     1.50    -9999
IRKUTSK2   170911 300  111500-112000   00     364.74  801.1    367.49     0.56    -9999
IRKUTSK2   170911 300  112000-112500   00     362.58  801.1    365.44     0.00    -9999
IRKUTSK2   170911 300  112500-113000   00     361.90  801.2    364.90    -0.15    -9999
IRKUTSK2   170911 300  113000-113500   00     365.01  801.2    368.12     0.73    -9999
IRKUTSK2   170911 300  113500-114000   00     362.80  801.2    365.90     0.12    -9999
IRKUTSK2   170911 300  114000-114500   00     366.52  801.2    369.55     1.12    -9999
IRKUTSK2   170911 300  114500-115000   00     364.16  801.1    367.11     0.45    -9999
IRKUTSK2   170911 300  115000-115500   00     365.68  801.1    368.68     0.88    -9999
IRKUTSK2   170911 300  115500-120000   00     364.40  801.2    367.46     0.55    -9999
IRKUTSK2   170911 3600 120000-130000   00     364.11  801.3    367.38     0.53    -9999
IRKUTSK2   170911 3600 130000-140000   00     363.24  801.4    366.97     0.42    -9999
IRKUTSK2   170911 3600 140000-150000   00     364.43  801.5    368.43     0.81    -9999
IRKUTSK2   170911 3600 150000-160000   00     365.09  801.6    369.22     1.03    -9999
IRKUTSK2   170911 3600 160000-170000   00     366.65  801.4    370.22     1.30    -9999
IRKUTSK2   170911 3600 170000-180000   00     367.28  801.1    370.16     1.29    -9999
IRKUTSK2   170911 3600 180000-190000   00     368.29  800.9    370.72     1.44    -9999
IRKUTSK2   170911 3600 190000-200000   00     369.54  800.8    371.52     1.66    -9999
IRKUTSK2   170911 3600 200000-210000   00     370.21  800.6    371.91     1.77    -9999
IRKUTSK2   170911 3600 210000-220000   00     370.21  800.5    371.47     1.65    -9999
IRKUTSK2   170911 3600 220000-230000   00     369.41  800.5    370.73     1.44    -9999
IRKUTSK2   170911 3600 230000-240000   00     369.86  800.7    371.66     1.70    -9999
*
COMMENT UNIVERISTY OF OULU: FILE GENERATED FROM DATABASE AND OBTAINED FROM
COMMENT https://gle.oulu.fi at 2025-01-11 16:21:59 +00:00
COMMENT FOR HISTORICAL/ORIGINAL TEXT FILES SEE https://gle.oulu.fi/txtarchive/
COMMENT ORIGINAL AT https://gle.oulu.fi/txtarchive/GLE72/C072IRK2_cor.DAT
COMMENT DETRENDED DATA SHOW -9999 IF EQUAL TO INC% COLUMN 