TERREADELI LATITUDE    -66.65    LONGITUDE     140       ALTITUDE    32 M
TERREADELI INSTRUMENT   9-NM-64  NEUTRON MONITOR	
TERREADELI STANDARD PRESSURE    987     mb     COEFFICIENT   -0.74     % / mb
TERREADELI PRE-INCREASE BASELINE TIME INTERVAL    170910    140000-160000   UT
TERREADELI PRE-INCREASE AVERAGE COUNTING RATE    116.72      COUNTS PER SECOND
TERREADELI TIME INTERVALS    300         3600     
TERREADELI SCALE FACTORS     1           1        
STATION    YYMMDD  SEC   TIME (UT)   CODE    UNCORR. PRESS.    CORR.    % INC.	DETRENDED
                         INTERVAL    TD      C/S     (mb)      C/S
TERREADELI 170909 3600 000000-010000   00     107.17  996.2    115.11    -1.38    -9999
TERREADELI 170909 3600 010000-020000   00     106.92  995.8    114.50    -1.90    -9999
TERREADELI 170909 3600 020000-030000   00     107.28  995.6    114.73    -1.70    -9999
TERREADELI 170909 3600 030000-040000   00     107.62  995.0    114.59    -1.82    -9999
TERREADELI 170909 3600 040000-050000   00     106.97  994.5    113.48    -2.78    -9999
TERREADELI 170909 3600 050000-060000   00     108.06  993.8    114.00    -2.33    -9999
TERREADELI 170909 3600 060000-070000   00     109.13  992.9    114.39    -2.00    -9999
TERREADELI 170909 3600 070000-080000   00     109.82  991.8    114.14    -2.21    -9999
TERREADELI 170909 3600 080000-090000   00     110.77  990.7    114.23    -2.13    -9999
TERREADELI 170909 3600 090000-100000   00     111.79  989.6    114.29    -2.08    -9999
TERREADELI 170909 3600 100000-110000   00     112.82  988.4    114.33    -2.04    -9999
TERREADELI 170909 3600 110000-120000   00     113.78  986.9    114.04    -2.29    -9999
TERREADELI 170909 3600 120000-130000   00     115.12  985.7    114.32    -2.05    -9999
TERREADELI 170909 3600 130000-140000   00     116.69  983.8    114.30    -2.08    -9999
TERREADELI 170909 3600 140000-150000   00     118.29  982.2    114.51    -1.89    -9999
TERREADELI 170909 3600 150000-160000   00     120.38  980.3    114.86    -1.59    -9999
TERREADELI 170909 3600 160000-170000   00     121.89  978.4    114.68    -1.75    -9999
TERREADELI 170909 3600 170000-180000   00     123.28  977.2    114.97    -1.50    -9999
TERREADELI 170909 3600 180000-190000   00     123.71  976.8    115.05    -1.43    -9999
TERREADELI 170909 3600 190000-200000   00     125.10  975.5    115.23    -1.28    -9999
TERREADELI 170909 3600 200000-210000   00     125.32  975.0    115.02    -1.46    -9999
TERREADELI 170909 3600 210000-220000   00     125.82  974.8    115.30    -1.22    -9999
TERREADELI 170909 3600 220000-230000   00     127.19  973.9    115.80    -0.79    -9999
TERREADELI 170909 3600 230000-240000   00     127.98  973.4    116.06    -0.57    -9999
TERREADELI 170910 3600 000000-010000   00     128.53  973.1    116.31    -0.35    -9999
TERREADELI 170910 3600 010000-020000   00     128.50  973.1    116.29    -0.37    -9999
TERREADELI 170910 3600 020000-030000   00     128.84  972.5    116.04    -0.58    -9999
TERREADELI 170910 3600 030000-040000   00     129.39  971.8    115.95    -0.66    -9999
TERREADELI 170910 3600 040000-050000   00     130.37  971.4    116.49    -0.20    -9999
TERREADELI 170910 3600 050000-060000   00     131.63  970.6    116.87     0.13    -9999
TERREADELI 170910 3600 060000-070000   00     131.31  970.0    116.13    -0.51    -9999
TERREADELI 170910 3600 070000-080000   00     131.66  969.8    116.21    -0.43    -9999
TERREADELI 170910 3600 080000-090000   00     131.93  969.7    116.39    -0.28    -9999
TERREADELI 170910 3600 090000-100000   00     132.72  969.3    116.71    -0.01    -9999
TERREADELI 170910 3600 100000-110000   00     133.34  968.6    116.70    -0.01    -9999
TERREADELI 170910 3600 110000-120000   00     133.11  968.6    116.45    -0.23    -9999
TERREADELI 170910 300  120000-120500   00     133.07  968.4    116.26    -0.39    -9999
TERREADELI 170910 300  120500-121000   00     131.67  968.3    114.97    -1.50    -9999
TERREADELI 170910 300  121000-121500   00     133.07  968.3    116.21    -0.43    -9999
TERREADELI 170910 300  121500-122000   00     132.20  968.2    115.34    -1.18    -9999
TERREADELI 170910 300  122000-122500   00     132.60  968.2    115.67    -0.90    -9999
TERREADELI 170910 300  122500-123000   00     133.07  968.2    116.12    -0.51    -9999
TERREADELI 170910 300  123000-123500   00     133.00  968.3    116.09    -0.54    -9999
TERREADELI 170910 300  123500-124000   00     133.33  968.3    116.38    -0.29    -9999
TERREADELI 170910 300  124000-124500   00     132.87  968.3    115.99    -0.62    -9999
TERREADELI 170910 300  124500-125000   00     132.80  968.3    115.96    -0.65    -9999
TERREADELI 170910 300  125000-125500   00     133.33  968.2    116.33    -0.33    -9999
TERREADELI 170910 300  125500-130000   00     133.60  968.3    116.61    -0.09    -9999
TERREADELI 170910 300  130000-130500   00     133.60  968.2    116.59    -0.11    -9999
TERREADELI 170910 300  130500-131000   00     133.13  968.5    116.36    -0.30    -9999
TERREADELI 170910 300  131000-131500   00     132.93  968.3    116.10    -0.53    -9999
TERREADELI 170910 300  131500-132000   00     134.20  968.2    117.06     0.29    -9999
TERREADELI 170910 300  132000-132500   00     132.87  968.3    115.97    -0.64    -9999
TERREADELI 170910 300  132500-133000   00     134.33  968.3    117.32     0.51    -9999
TERREADELI 170910 300  133000-133500   00     133.07  968.1    116.03    -0.59    -9999
TERREADELI 170910 300  133500-134000   00     132.33  968.1    115.39    -1.14    -9999
TERREADELI 170910 300  134000-134500   00     132.47  968.0    115.41    -1.12    -9999
TERREADELI 170910 300  134500-135000   00     135.47  968.0    118.00     1.10    -9999
TERREADELI 170910 300  135000-135500   00     134.13  968.0    116.87     0.13    -9999
TERREADELI 170910 300  135500-140000   00     134.87  968.1    117.53     0.69    -9999
TERREADELI 170910 300  140000-140500   00     134.27  968.1    117.01     0.25    -9999
TERREADELI 170910 300  140500-141000   00     134.20  968.1    116.95     0.20    -9999
TERREADELI 170910 300  141000-141500   00     132.87  968.1    115.79    -0.80    -9999
TERREADELI 170910 300  141500-142000   00     134.20  968.1    116.97     0.22    -9999
TERREADELI 170910 300  142000-142500   00     134.07  968.1    116.83     0.10    -9999
TERREADELI 170910 300  142500-143000   00     133.33  968.1    116.24    -0.41    -9999
TERREADELI 170910 300  143000-143500   00     133.60  968.2    116.56    -0.13    -9999
TERREADELI 170910 300  143500-144000   00     135.27  968.3    118.06     1.15    -9999
TERREADELI 170910 300  144000-144500   00     133.40  968.4    116.57    -0.13    -9999
TERREADELI 170910 300  144500-145000   00     135.20  968.3    118.01     1.10    -9999
TERREADELI 170910 300  145000-145500   00     133.87  968.2    116.77     0.05    -9999
TERREADELI 170910 300  145500-150000   00     132.87  968.4    116.06    -0.56    -9999
TERREADELI 170910 300  150000-150500   00     133.20  968.5    116.44    -0.24    -9999
TERREADELI 170910 300  150500-151000   00     132.73  968.6    116.15    -0.49    -9999
TERREADELI 170910 300  151000-151500   00     133.13  968.7    116.55    -0.15    -9999
TERREADELI 170910 300  151500-152000   00     134.40  968.7    117.68     0.82    -9999
TERREADELI 170910 300  152000-152500   00     132.13  968.6    115.60    -0.96    -9999
TERREADELI 170910 300  152500-153000   00     133.87  968.7    117.24     0.44    -9999
TERREADELI 170910 300  153000-153500   00     133.87  968.6    117.12     0.34    -9999
TERREADELI 170910 300  153500-154000   00     133.00  968.6    116.38    -0.29    -9999
TERREADELI 170910 300  154000-154500   00     132.80  968.5    116.14    -0.50    -9999
TERREADELI 170910 300  154500-155000   00     132.07  968.7    115.68    -0.89    -9999
TERREADELI 170910 300  155000-155500   00     133.80  968.6    117.11     0.34    -9999
TERREADELI 170910 300  155500-160000   00     134.00  968.7    117.33     0.52    -9999
TERREADELI 170910 300  160000-160500   00     135.40  968.6    118.48     1.51     1.39
TERREADELI 170910 300  160500-161000   00     134.73  968.7    117.95     1.05     0.92
TERREADELI 170910 300  161000-161500   00     132.00  968.8    115.67    -0.90    -1.04
TERREADELI 170910 300  161500-162000   00     132.87  968.7    116.36    -0.31    -0.46
TERREADELI 170910 300  162000-162500   00     132.60  968.7    116.13    -0.51    -0.67
TERREADELI 170910 300  162500-163000   00     135.20  968.7    118.38     1.42     1.25
TERREADELI 170910 300  163000-163500   00     133.87  968.7    117.19     0.40     0.23
TERREADELI 170910 300  163500-164000   00     134.93  968.7    118.12     1.20     1.02
TERREADELI 170910 300  164000-164500   00     135.33  968.6    118.45     1.48     1.29
TERREADELI 170910 300  164500-165000   00     136.67  968.6    119.57     2.44     2.24
TERREADELI 170910 300  165000-165500   00     139.80  968.7    122.46     4.92     4.71
TERREADELI 170910 300  165500-170000   00     138.33  968.7    121.12     3.77     3.55
TERREADELI 170910 300  170000-170500   00     140.07  968.6    122.54     4.99     4.76
TERREADELI 170910 300  170500-171000   00     139.40  968.6    121.99     4.51     4.27
TERREADELI 170910 300  171000-171500   00     140.00  968.6    122.49     4.94     4.70
TERREADELI 170910 300  171500-172000   00     139.47  968.6    122.00     4.52     4.27
TERREADELI 170910 300  172000-172500   00     140.67  968.5    123.00     5.38     5.12
TERREADELI 170910 300  172500-173000   00     139.53  968.5    122.01     4.53     4.26
TERREADELI 170910 300  173000-173500   00     139.60  968.5    122.09     4.60     4.32
TERREADELI 170910 300  173500-174000   00     138.67  968.5    121.25     3.88     3.59
TERREADELI 170910 300  174000-174500   00     140.27  968.5    122.67     5.10     4.80
TERREADELI 170910 300  174500-175000   00     140.27  968.6    122.69     5.12     4.82
TERREADELI 170910 300  175000-175500   00     141.53  968.5    123.78     6.05     5.74
TERREADELI 170910 300  175500-180000   00     140.20  968.6    122.64     5.07     4.75
TERREADELI 170910 300  180000-180500   00     140.60  968.5    122.91     5.31     4.98
TERREADELI 170910 300  180500-181000   00     142.00  968.5    124.11     6.33     5.99
TERREADELI 170910 300  181000-181500   00     140.87  968.4    123.05     5.42     5.08
TERREADELI 170910 300  181500-182000   00     141.33  968.4    123.48     5.79     5.44
TERREADELI 170910 300  182000-182500   00     140.20  968.3    122.42     4.88     4.52
TERREADELI 170910 300  182500-183000   00     141.00  968.3    123.09     5.46     5.09
TERREADELI 170910 300  183000-183500   00     140.33  968.2    122.44     4.90     4.52
TERREADELI 170910 300  183500-184000   00     140.40  968.3    122.54     4.99     4.61
TERREADELI 170910 300  184000-184500   00     140.67  968.2    122.73     5.15     4.76
TERREADELI 170910 300  184500-185000   00     138.20  968.1    120.50     3.24     2.84
TERREADELI 170910 300  185000-185500   00     138.20  968.1    120.48     3.22     2.81
TERREADELI 170910 300  185500-190000   00     142.20  968.1    123.92     6.17     5.75
TERREADELI 170910 300  190000-190500   00     141.93  968.1    123.71     5.99     5.57
TERREADELI 170910 300  190500-191000   00     139.80  968.1    121.87     4.42     3.99
TERREADELI 170910 300  191000-191500   00     139.00  968.1    121.20     3.84     3.40
TERREADELI 170910 300  191500-192000   00     139.73  968.1    121.84     4.39     3.94
TERREADELI 170910 300  192000-192500   00     140.53  968.1    122.49     4.95     4.50
TERREADELI 170910 300  192500-193000   00     138.40  968.1    120.61     3.33     2.87
TERREADELI 170910 300  193000-193500   00     139.00  968.0    121.11     3.76     3.29
TERREADELI 170910 300  193500-194000   00     139.80  968.1    121.83     4.38     3.90
TERREADELI 170910 300  194000-194500   00     140.60  968.0    122.45     4.91     4.43
TERREADELI 170910 300  194500-195000   00     139.33  968.1    121.42     4.03     3.54
TERREADELI 170910 300  195000-195500   00     139.13  968.2    121.37     3.98     3.48
TERREADELI 170910 300  195500-200000   00     141.00  968.1    122.92     5.32     4.81
TERREADELI 170910 300  200000-200500   00     139.53  968.2    121.69     4.26     3.75
TERREADELI 170910 300  200500-201000   00     138.27  968.2    120.59     3.31     2.79
TERREADELI 170910 300  201000-201500   00     140.13  968.2    122.29     4.77     4.24
TERREADELI 170910 300  201500-202000   00     139.27  968.3    121.58     4.16     3.63
TERREADELI 170910 300  202000-202500   00     140.20  968.3    122.37     4.84     4.30
TERREADELI 170910 300  202500-203000   00     141.87  968.2    123.73     6.00     5.45
TERREADELI 170910 300  203000-203500   00     138.47  968.1    120.69     3.40     2.84
TERREADELI 170910 300  203500-204000   00     139.27  968.2    121.51     4.10     3.54
TERREADELI 170910 300  204000-204500   00     139.87  968.3    122.13     4.63     4.06
TERREADELI 170910 300  204500-205000   00     139.73  968.3    122.01     4.53     3.95
TERREADELI 170910 300  205000-205500   00     139.80  968.3    122.04     4.56     3.98
TERREADELI 170910 300  205500-210000   00     140.53  968.3    122.68     5.11     4.52
TERREADELI 170910 300  210000-210500   00     138.73  968.4    121.19     3.83     3.23
TERREADELI 170910 300  210500-211000   00     137.20  968.4    119.89     2.72     2.12
TERREADELI 170910 300  211000-211500   00     138.47  968.5    121.07     3.73     3.12
TERREADELI 170910 300  211500-212000   00     138.87  968.6    121.49     4.09     3.47
TERREADELI 170910 300  212000-212500   00     137.67  968.7    120.52     3.25     2.63
TERREADELI 170910 300  212500-213000   00     138.53  968.7    121.30     3.92     3.29
TERREADELI 170910 300  213000-213500   00     139.07  968.7    121.77     4.32     3.68
TERREADELI 170910 300  213500-214000   00     138.07  968.7    120.94     3.61     2.97
TERREADELI 170910 300  214000-214500   00     138.47  968.7    121.29     3.92     3.27
TERREADELI 170910 300  214500-215000   00     138.27  968.9    121.23     3.87     3.21
TERREADELI 170910 300  215000-215500   00     137.27  968.8    120.28     3.06     2.40
TERREADELI 170910 300  215500-220000   00     137.40  968.9    120.45     3.20     2.53
TERREADELI 170910 300  220000-220500   00     136.33  968.9    119.54     2.42     1.74
TERREADELI 170910 300  220500-221000   00     137.87  968.9    120.88     3.57     2.89
TERREADELI 170910 300  221000-221500   00     136.20  968.9    119.47     2.36     1.67
TERREADELI 170910 300  221500-222000   00     137.20  969.0    120.39     3.15     2.46
TERREADELI 170910 300  222000-222500   00     137.27  969.0    120.48     3.22     2.52
TERREADELI 170910 300  222500-223000   00     137.33  969.1    120.65     3.37     2.66
TERREADELI 170910 300  223000-223500   00     136.60  969.1    120.01     2.82     2.11
TERREADELI 170910 300  223500-224000   00     138.13  969.2    121.40     4.01     3.29
TERREADELI 170910 300  224000-224500   00     137.40  969.2    120.76     3.46     2.74
TERREADELI 170910 300  224500-225000   00     136.40  969.3    119.98     2.79     2.06
TERREADELI 170910 300  225000-225500   00     137.27  969.3    120.69     3.40     2.66
TERREADELI 170910 300  225500-230000   00     137.00  969.3    120.46     3.20     2.46
TERREADELI 170910 300  230000-230500   00     136.07  969.4    119.80     2.64     1.89
TERREADELI 170910 300  230500-231000   00     136.80  969.4    120.42     3.17     2.42
TERREADELI 170910 300  231000-231500   00     136.47  969.4    120.15     2.94     2.18
TERREADELI 170910 300  231500-232000   00     136.80  969.6    120.57     3.30     2.54
TERREADELI 170910 300  232000-232500   00     135.47  969.7    119.49     2.37     1.60
TERREADELI 170910 300  232500-233000   00     135.87  969.6    119.79     2.63     1.85
TERREADELI 170910 300  233000-233500   00     134.93  969.6    118.95     1.91     1.13
TERREADELI 170910 300  233500-234000   00     138.27  969.7    121.93     4.47     3.68
TERREADELI 170910 300  234000-234500   00     136.87  969.7    120.72     3.43     2.64
TERREADELI 170910 300  234500-235000   00     137.27  969.8    121.17     3.81     3.01
TERREADELI 170910 300  235000-235500   00     136.53  969.9    120.62     3.34     2.54
TERREADELI 170910 300  235500-240000   00     136.53  969.8    120.57     3.30     2.49
TERREADELI 170911 300  000000-000500   00     136.20  969.9    120.35     3.11     2.30
TERREADELI 170911 300  000500-001000   00     137.07  969.9    121.14     3.79     2.97
TERREADELI 170911 300  001000-001500   00     136.87  970.0    121.01     3.68     2.86
TERREADELI 170911 300  001500-002000   00     136.00  970.1    120.34     3.10     2.27
TERREADELI 170911 300  002000-002500   00     134.40  970.1    118.94     1.91     1.07
TERREADELI 170911 300  002500-003000   00     137.80  970.2    122.05     4.57     3.73
TERREADELI 170911 300  003000-003500   00     134.93  970.3    119.58     2.45     1.60
TERREADELI 170911 300  003500-004000   00     135.73  970.3    120.24     3.02     2.17
TERREADELI 170911 300  004000-004500   00     137.67  970.3    121.98     4.51     3.65
TERREADELI 170911 300  004500-005000   00     134.80  970.3    119.49     2.37     1.51
TERREADELI 170911 300  005000-005500   00     134.33  970.3    119.07     2.02     1.15
TERREADELI 170911 300  005500-010000   00     135.27  970.4    119.93     2.75     1.88
TERREADELI 170911 300  010000-010500   00     135.33  970.4    120.01     2.82     1.95
TERREADELI 170911 300  010500-011000   00     137.53  970.4    121.98     4.51     3.63
TERREADELI 170911 300  011000-011500   00     135.67  970.5    120.35     3.11     2.23
TERREADELI 170911 300  011500-012000   00     135.40  970.5    120.14     2.93     2.04
TERREADELI 170911 300  012000-012500   00     133.60  970.5    118.54     1.56     0.67
TERREADELI 170911 300  012500-013000   00     136.07  970.6    120.83     3.52     2.62
TERREADELI 170911 300  013000-013500   00     133.40  970.7    118.55     1.57     0.67
TERREADELI 170911 300  013500-014000   00     136.80  970.7    121.55     4.14     3.23
TERREADELI 170911 300  014000-014500   00     134.67  970.7    119.72     2.58     1.67
TERREADELI 170911 300  014500-015000   00     135.40  970.8    120.45     3.20     2.28
TERREADELI 170911 300  015000-015500   00     133.87  970.8    119.04     1.99     1.07
TERREADELI 170911 300  015500-020000   00     139.33  970.8    123.92     6.17     5.24
TERREADELI 170911 300  020000-020500   00     135.73  970.8    120.70     3.41     2.48
TERREADELI 170911 300  020500-021000   00     135.67  970.8    120.64     3.36     2.43
TERREADELI 170911 300  021000-021500   00     134.00  970.7    119.11     2.05     1.11
TERREADELI 170911 300  021500-022000   00     133.60  970.9    118.87     1.84     0.90
TERREADELI 170911 300  022000-022500   00     135.07  970.9    120.20     2.98     2.03
TERREADELI 170911 300  022500-023000   00     135.07  971.0    120.27     3.04     2.09
TERREADELI 170911 300  023000-023500   00     135.60  971.0    120.77     3.47     2.51
TERREADELI 170911 300  023500-024000   00     135.53  971.0    120.69     3.40     2.44
TERREADELI 170911 300  024000-024500   00     134.33  970.9    119.59     2.46     1.50
TERREADELI 170911 300  024500-025000   00     135.47  971.0    120.65     3.37     2.40
TERREADELI 170911 300  025000-025500   00     133.13  971.1    118.71     1.71     0.74
TERREADELI 170911 300  025500-030000   00     134.67  971.2    120.10     2.90     1.92
TERREADELI 170911 300  030000-030500   00     133.13  971.3    118.81     1.79     0.81
TERREADELI 170911 300  030500-031000   00     136.33  971.3    121.74     4.30     3.32
TERREADELI 170911 300  031000-031500   00     134.40  971.3    119.96     2.78     1.79
TERREADELI 170911 300  031500-032000   00     136.40  971.4    121.82     4.37     3.38
TERREADELI 170911 300  032000-032500   00     137.00  971.3    122.26     4.75     3.76
TERREADELI 170911 300  032500-033000   00     133.67  971.4    119.40     2.30     1.30
TERREADELI 170911 300  033000-033500   00     133.40  971.5    119.23     2.16     1.16
TERREADELI 170911 300  033500-034000   00     135.00  971.5    120.71     3.42     2.41
TERREADELI 170911 300  034000-034500   00     134.60  971.7    120.47     3.22     2.21
TERREADELI 170911 300  034500-035000   00     134.20  971.6    120.09     2.89     1.88
TERREADELI 170911 300  035000-035500   00     133.67  971.7    119.66     2.52     1.50
TERREADELI 170911 300  035500-040000   00     131.27  971.7    117.54     0.70    -0.32
TERREADELI 170911 300  040000-040500   00     133.07  971.8    119.27     2.18     1.16
TERREADELI 170911 300  040500-041000   00     131.80  971.8    118.08     1.17     0.14
TERREADELI 170911 300  041000-041500   00     133.33  971.8    119.51     2.39     1.36
TERREADELI 170911 300  041500-042000   00     133.80  971.9    119.97     2.79     1.76
TERREADELI 170911 300  042000-042500   00     134.00  971.9    120.20     2.98     1.94
TERREADELI 170911 300  042500-043000   00     133.80  971.9    119.97     2.79     1.75
TERREADELI 170911 300  043000-043500   00     131.33  972.0    117.83     0.95    -0.09
TERREADELI 170911 300  043500-044000   00     132.07  972.0    118.49     1.52     0.47
TERREADELI 170911 300  044000-044500   00     133.67  972.0    119.95     2.77     1.72
TERREADELI 170911 300  044500-045000   00     133.27  972.1    119.64     2.50     1.45
TERREADELI 170911 300  045000-045500   00     133.27  972.1    119.64     2.50     1.45
TERREADELI 170911 300  045500-050000   00     132.33  972.0    118.75     1.74     0.68
TERREADELI 170911 300  050000-050500   00     134.60  972.1    120.88     3.57     2.51
TERREADELI 170911 300  050500-051000   00     133.93  972.1    120.26     3.03     1.97
TERREADELI 170911 300  051000-051500   00     133.27  971.9    119.49     2.38     1.31
TERREADELI 170911 300  051500-052000   00     133.80  972.0    120.09     2.89     1.82
TERREADELI 170911 300  052000-052500   00     134.13  972.1    120.48     3.23     2.16
TERREADELI 170911 300  052500-053000   00     131.53  972.2    118.24     1.31     0.24
TERREADELI 170911 300  053000-053500   00     130.67  972.3    117.49     0.66    -0.42
TERREADELI 170911 300  053500-054000   00     131.33  972.3    118.09     1.17     0.09
TERREADELI 170911 300  054000-054500   00     132.13  972.3    118.85     1.83     0.75
TERREADELI 170911 300  054500-055000   00     131.73  972.3    118.52     1.54     0.46
TERREADELI 170911 300  055000-055500   00     131.20  972.5    118.13     1.21     0.12
TERREADELI 170911 300  055500-060000   00     134.75  972.5    121.36     3.97     2.88
TERREADELI 170911 300  060000-060500   00     133.33  972.5    120.14     2.93     1.84
TERREADELI 170911 300  060500-061000   00     131.87  972.6    118.89     1.86     0.77
TERREADELI 170911 300  061000-061500   00     131.73  972.7    118.82     1.80     0.70
TERREADELI 170911 300  061500-062000   00     131.47  972.7    118.63     1.64     0.54
TERREADELI 170911 300  062000-062500   00     131.80  972.8    119.00     1.96     0.86
TERREADELI 170911 300  062500-063000   00     131.33  972.8    118.53     1.55     0.45
TERREADELI 170911 300  063000-063500   00     131.27  972.7    118.45     1.48     0.37
TERREADELI 170911 300  063500-064000   00     131.87  972.9    119.11     2.05     0.94
TERREADELI 170911 300  064000-064500   00     130.80  973.0    118.24     1.30     0.19
TERREADELI 170911 300  064500-065000   00     132.73  973.1    120.06     2.86     1.75
TERREADELI 170911 300  065000-065500   00     131.60  973.0    119.01     1.96     0.85
TERREADELI 170911 300  065500-070000   00     131.13  973.2    118.73     1.72     0.60
TERREADELI 170911 300  070000-070500   00     130.53  973.3    118.25     1.32     0.20
TERREADELI 170911 300  070500-071000   00     130.47  973.2    118.12     1.20     0.08
TERREADELI 170911 300  071000-071500   00     130.87  973.3    118.53     1.55     0.43
TERREADELI 170911 300  071500-072000   00     130.00  973.4    117.86     0.98    -0.14
TERREADELI 170911 300  072000-072500   00     129.80  973.4    117.71     0.85    -0.28
TERREADELI 170911 300  072500-073000   00     129.87  973.4    117.79     0.92    -0.21
TERREADELI 170911 300  073000-073500   00     130.67  973.4    118.51     1.54     0.41
TERREADELI 170911 300  073500-074000   00     131.07  973.4    118.81     1.79     0.66
TERREADELI 170911 300  074000-074500   00     131.73  973.4    119.48     2.37     1.24
TERREADELI 170911 300  074500-075000   00     132.87  973.6    120.68     3.39     2.26
TERREADELI 170911 300  075000-075500   00     128.53  973.7    116.81     0.08    -1.06
TERREADELI 170911 300  075500-080000   00     128.47  973.7    116.77     0.05    -1.09
TERREADELI 170911 300  080000-080500   00     128.93  973.8    117.24     0.45    -0.69
TERREADELI 170911 300  080500-081000   00     129.67  973.7    117.84     0.96    -9999
TERREADELI 170911 300  081000-081500   00     129.47  973.9    117.87     0.99    -9999
TERREADELI 170911 300  081500-082000   00     129.27  974.0    117.73     0.87    -9999
TERREADELI 170911 300  082000-082500   00     130.00  974.0    118.40     1.44    -9999
TERREADELI 170911 300  082500-083000   00     130.00  974.0    118.38     1.42    -9999
TERREADELI 170911 300  083000-083500   00     131.00  974.1    119.36     2.26    -9999
TERREADELI 170911 300  083500-084000   00     129.40  974.2    118.02     1.11    -9999
TERREADELI 170911 300  084000-084500   00     129.33  974.2    118.00     1.10    -9999
TERREADELI 170911 300  084500-085000   00     131.67  974.3    120.16     2.95    -9999
TERREADELI 170911 300  085000-085500   00     129.47  974.2    118.08     1.17    -9999
TERREADELI 170911 300  085500-090000   00     130.73  974.3    119.35     2.26    -9999
TERREADELI 170911 300  090000-090500   00     128.73  974.3    117.55     0.71    -9999
TERREADELI 170911 300  090500-091000   00     129.80  974.6    118.71     1.71    -9999
TERREADELI 170911 300  091000-091500   00     128.40  974.6    117.48     0.65    -9999
TERREADELI 170911 300  091500-092000   00     129.53  974.6    118.49     1.52    -9999
TERREADELI 170911 300  092000-092500   00     127.67  974.6    116.76     0.04    -9999
TERREADELI 170911 300  092500-093000   00     127.67  974.6    116.78     0.06    -9999
TERREADELI 170911 300  093000-093500   00     130.07  974.5    118.86     1.84    -9999
TERREADELI 170911 300  093500-094000   00     130.47  974.3    119.13     2.07    -9999
TERREADELI 170911 300  094000-094500   00     133.20  974.5    121.73     4.29    -9999
TERREADELI 170911 300  094500-095000   00     129.60  974.5    118.44     1.47    -9999
TERREADELI 170911 300  095000-095500   00     128.80  974.5    117.75     0.89    -9999
TERREADELI 170911 300  095500-100000   00     127.60  974.6    116.75     0.02    -9999
TERREADELI 170911 300  100000-100500   00     128.67  974.7    117.82     0.94    -9999
TERREADELI 170911 300  100500-101000   00     129.20  974.7    118.30     1.36    -9999
TERREADELI 170911 300  101000-101500   00     129.07  974.7    118.16     1.23    -9999
TERREADELI 170911 300  101500-102000   00     128.53  974.7    117.67     0.81    -9999
TERREADELI 170911 300  102000-102500   00     130.53  974.8    119.62     2.49    -9999
TERREADELI 170911 300  102500-103000   00     128.20  974.9    117.57     0.73    -9999
TERREADELI 170911 300  103000-103500   00     127.07  975.0    116.60    -0.10    -9999
TERREADELI 170911 300  103500-104000   00     129.33  974.9    118.54     1.56    -9999
TERREADELI 170911 300  104000-104500   00     127.27  975.0    116.81     0.08    -9999
TERREADELI 170911 300  104500-105000   00     127.80  975.1    117.37     0.56    -9999
TERREADELI 170911 300  105000-105500   00     128.20  974.7    117.41     0.59    -9999
TERREADELI 170911 300  105500-110000   00     129.73  974.7    118.77     1.76    -9999
TERREADELI 170911 300  110000-110500   00     128.53  974.6    117.60     0.75    -9999
TERREADELI 170911 300  110500-111000   00     128.60  974.6    117.68     0.83    -9999
TERREADELI 170911 300  111000-111500   00     128.20  974.9    117.57     0.73    -9999
TERREADELI 170911 300  111500-112000   00     130.07  975.2    119.50     2.38    -9999
TERREADELI 170911 300  112000-112500   00     128.27  975.3    117.92     1.03    -9999
TERREADELI 170911 300  112500-113000   00     129.87  975.2    119.34     2.24    -9999
TERREADELI 170911 300  113000-113500   00     128.60  975.2    118.17     1.25    -9999
TERREADELI 170911 300  113500-114000   00     128.53  975.1    118.07     1.15    -9999
TERREADELI 170911 300  114000-114500   00     128.93  975.3    118.53     1.55    -9999
TERREADELI 170911 300  114500-115000   00     128.87  975.1    118.37     1.42    -9999
TERREADELI 170911 300  115000-115500   00     129.27  975.1    118.72     1.71    -9999
TERREADELI 170911 300  115500-120000   00     127.00  975.1    116.63    -0.07    -9999
TERREADELI 170911 3600 120000-130000   00     128.71  975.1    118.16     1.23    -9999
TERREADELI 170911 3600 130000-140000   00     128.82  974.7    117.91     1.02    -9999
TERREADELI 170911 3600 140000-150000   00     129.66  974.0    118.07     1.16    -9999
TERREADELI 170911 3600 150000-160000   00     130.23  973.5    118.19     1.26    -9999
TERREADELI 170911 3600 160000-170000   00     131.01  972.6    118.09     1.18    -9999
TERREADELI 170911 3600 170000-180000   00     131.48  971.9    117.86     0.98    -9999
TERREADELI 170911 3600 180000-190000   00     131.18  972.1    117.78     0.91    -9999
TERREADELI 170911 3600 190000-200000   00     130.71  972.7    117.87     0.99    -9999
TERREADELI 170911 3600 200000-210000   00     130.71  973.5    118.58     1.59    -9999
TERREADELI 170911 3600 210000-220000   00     130.26  974.1    118.70     1.70    -9999
TERREADELI 170911 3600 220000-230000   00     129.32  975.0    118.70     1.70    -9999
TERREADELI 170911 3600 230000-240000   00     128.33  976.7    119.23     2.15    -9999
*
COMMENT UNIVERISTY OF OULU: FILE GENERATED FROM DATABASE AND OBTAINED FROM
COMMENT https://gle.oulu.fi at 2025-01-11 16:21:59 +00:00
COMMENT FOR HISTORICAL/ORIGINAL TEXT FILES SEE https://gle.oulu.fi/txtarchive/
COMMENT ORIGINAL AT https://gle.oulu.fi/txtarchive/GLE72/C072TERA_cor.DAT
COMMENT DETRENDED DATA SHOW -9999 IF EQUAL TO INC% COLUMN 