THULE      LATITUDE    76.6      LONGITUDE     -68.8     ALTITUDE    260 M
THULE      INSTRUMENT   9NM64    NEUTRON MONITOR     	
THULE      STANDARD PRESSURE    996.4   mb     COEFFICIENT   -0.56     % / mb
THULE      PRE-INCREASE BASELINE TIME INTERVAL    170910    140000-160000   UT
THULE      PRE-INCREASE AVERAGE COUNTING RATE    126.85      COUNTS PER SECOND
THULE      TIME INTERVALS    300         3600     
THULE      SCALE FACTORS     1           1        
STATION    YYMMDD  SEC   TIME (UT)   CODE    UNCORR. PRESS.    CORR.    % INC.	DETRENDED
                         INTERVAL    TD      C/S     (mb)      C/S
THULE      170909 3600 000000-010000   00     130.41  996.3    122.03    -3.80    -9999
THULE      170909 3600 010000-020000   00     130.92  995.7    121.92    -3.88    -9999
THULE      170909 3600 020000-030000   00     132.91  994.5    122.72    -3.26    -9999
THULE      170909 3600 030000-040000   00     133.29  993.6    122.28    -3.60    -9999
THULE      170909 3600 040000-050000   00     135.98  992.7    123.88    -2.34    -9999
THULE      170909 3600 050000-060000   00     136.32  991.4    123.01    -3.03    -9999
THULE      170909 3600 060000-070000   00     136.10  990.7    122.18    -3.68    -9999
THULE      170909 3600 070000-080000   00     137.46  990.1    122.83    -3.17    -9999
THULE      170909 3600 080000-090000   00     138.96  989.6    123.71    -2.48    -9999
THULE      170909 3600 090000-100000   00     139.46  989.4    123.95    -2.28    -9999
THULE      170909 3600 100000-110000   00     140.00  988.6    123.71    -2.48    -9999
THULE      170909 3600 110000-120000   00     140.73  988.3    124.05    -2.21    -9999
THULE      170909 3600 120000-130000   00     140.29  987.9    123.37    -2.74    -9999
THULE      170909 3600 130000-140000   00     141.61  987.4    124.00    -2.25    -9999
THULE      170909 3600 140000-150000   00     143.07  986.9    124.80    -1.62    -9999
THULE      170909 3600 150000-160000   00     143.95  986.1    124.87    -1.56    -9999
THULE      170909 3600 160000-170000   00     144.74  985.5    125.03    -1.43    -9999
THULE      170909 3600 170000-180000   00     144.77  985.1    124.64    -1.74    -9999
THULE      170909 3600 180000-190000   00     145.84  984.4    124.93    -1.51    -9999
THULE      170909 3600 190000-200000   00     146.60  983.7    124.88    -1.55    -9999
THULE      170909 3600 200000-210000   00     146.96  982.8    124.39    -1.94    -9999
THULE      170909 3600 210000-220000   00     148.58  981.5    124.55    -1.81    -9999
THULE      170909 3600 220000-230000   00     149.62  981.3    125.26    -1.26    -9999
THULE      170909 3600 230000-240000   00     149.12  980.9    124.48    -1.87    -9999
THULE      170910 3600 000000-010000   00     150.07  980.1    124.54    -1.82    -9999
THULE      170910 3600 010000-020000   00     151.71  979.6    125.39    -1.15    -9999
THULE      170910 3600 020000-030000   00     151.56  979.3    124.98    -1.47    -9999
THULE      170910 3600 030000-040000   00     152.30  978.8    125.18    -1.32    -9999
THULE      170910 3600 040000-050000   00     153.47  978.3    125.67    -0.93    -9999
THULE      170910 3600 050000-060000   00     153.22  978.4    125.48    -1.08    -9999
THULE      170910 3600 060000-070000   00     152.81  978.5    125.29    -1.23    -9999
THULE      170910 3600 070000-080000   00     152.76  978.9    125.64    -0.95    -9999
THULE      170910 3600 080000-090000   00     152.49  979.5    125.91    -0.74    -9999
THULE      170910 3600 090000-100000   00     151.95  980.0    125.98    -0.68    -9999
THULE      170910 3600 100000-110000   00     151.33  980.5    125.94    -0.72    -9999
THULE      170910 3600 110000-120000   00     151.05  980.8    125.95    -0.71    -9999
THULE      170910 300  120000-120500   00     151.64  980.9    126.54    -0.24    -9999
THULE      170910 300  120500-121000   00     154.21  981.0    128.81     1.55    -9999
THULE      170910 300  121000-121500   00     151.71  981.0    126.73    -0.09    -9999
THULE      170910 300  121500-122000   00     151.97  981.1    126.98     0.10    -9999
THULE      170910 300  122000-122500   00     152.48  981.0    127.39     0.42    -9999
THULE      170910 300  122500-123000   00     151.91  981.1    126.94     0.07    -9999
THULE      170910 300  123000-123500   00     151.08  981.2    126.39    -0.36    -9999
THULE      170910 300  123500-124000   00     150.87  981.3    126.25    -0.47    -9999
THULE      170910 300  124000-124500   00     150.38  981.4    125.98    -0.68    -9999
THULE      170910 300  124500-125000   00     149.83  981.5    125.62    -0.97    -9999
THULE      170910 300  125000-125500   00     151.24  981.6    126.84    -0.01    -9999
THULE      170910 300  125500-130000   00     152.48  981.6    127.90     0.83    -9999
THULE      170910 300  130000-130500   00     149.73  981.6    125.62    -0.97    -9999
THULE      170910 300  130500-131000   00     148.38  981.6    124.52    -1.84    -9999
THULE      170910 300  131000-131500   00     152.73  981.6    128.12     1.00    -9999
THULE      170910 300  131500-132000   00     150.69  981.6    126.45    -0.31    -9999
THULE      170910 300  132000-132500   00     150.94  981.7    126.69    -0.13    -9999
THULE      170910 300  132500-133000   00     151.67  981.7    127.32     0.37    -9999
THULE      170910 300  133000-133500   00     150.94  981.7    126.71    -0.11    -9999
THULE      170910 300  133500-134000   00     149.72  981.7    125.69    -0.92    -9999
THULE      170910 300  134000-134500   00     153.40  981.7    128.78     1.52    -9999
THULE      170910 300  134500-135000   00     149.85  981.8    125.88    -0.77    -9999
THULE      170910 300  135000-135500   00     151.24  981.9    127.13     0.22    -9999
THULE      170910 300  135500-140000   00     149.70  981.9    125.86    -0.78    -9999
THULE      170910 300  140000-140500   00     154.96  982.0    130.36     2.76    -9999
THULE      170910 300  140500-141000   00     148.65  982.1    125.15    -1.34    -9999
THULE      170910 300  141000-141500   00     148.68  982.0    125.15    -1.34    -9999
THULE      170910 300  141500-142000   00     151.82  982.0    127.76     0.71    -9999
THULE      170910 300  142000-142500   00     151.95  982.1    127.92     0.85    -9999
THULE      170910 300  142500-143000   00     149.39  982.1    125.77    -0.85    -9999
THULE      170910 300  143000-143500   00     150.81  982.1    126.97     0.10    -9999
THULE      170910 300  143500-144000   00     150.22  982.1    126.49    -0.28    -9999
THULE      170910 300  144000-144500   00     149.88  982.1    126.23    -0.49    -9999
THULE      170910 300  144500-145000   00     151.42  982.1    127.51     0.52    -9999
THULE      170910 300  145000-145500   00     149.74  982.1    126.11    -0.58    -9999
THULE      170910 300  145500-150000   00     152.29  982.2    128.31     1.15    -9999
THULE      170910 300  150000-150500   00     150.47  982.3    126.85     0.00    -9999
THULE      170910 300  150500-151000   00     151.96  982.3    128.12     1.00    -9999
THULE      170910 300  151000-151500   00     151.14  982.3    127.47     0.49    -9999
THULE      170910 300  151500-152000   00     150.34  982.3    126.81    -0.03    -9999
THULE      170910 300  152000-152500   00     147.66  982.4    124.58    -1.79    -9999
THULE      170910 300  152500-153000   00     148.41  982.4    125.26    -1.26    -9999
THULE      170910 300  153000-153500   00     150.21  982.4    126.79    -0.05    -9999
THULE      170910 300  153500-154000   00     149.78  982.5    126.50    -0.27    -9999
THULE      170910 300  154000-154500   00     151.06  982.6    127.65     0.63    -9999
THULE      170910 300  154500-155000   00     149.00  982.6    125.93    -0.72    -9999
THULE      170910 300  155000-155500   00     150.82  982.6    127.51     0.52    -9999
THULE      170910 300  155500-160000   00     150.38  982.7    127.18     0.26    -9999
THULE      170910 300  160000-160500   00     151.18  982.7    127.84     0.78     0.75
THULE      170910 300  160500-161000   00     149.01  982.8    126.12    -0.58    -0.62
THULE      170910 300  161000-161500   00     148.60  982.9    125.86    -0.78    -0.82
THULE      170910 300  161500-162000   00     148.82  982.9    126.06    -0.62    -0.67
THULE      170910 300  162000-162500   00     149.33  983.0    126.56    -0.23    -0.28
THULE      170910 300  162500-163000   00     150.59  983.0    127.69     0.67     0.61
THULE      170910 300  163000-163500   00     151.04  983.1    128.16     1.03     0.97
THULE      170910 300  163500-164000   00     150.36  983.2    127.66     0.64     0.57
THULE      170910 300  164000-164500   00     152.24  983.3    129.33     1.96     1.89
THULE      170910 300  164500-165000   00     152.31  983.3    129.38     1.99     1.91
THULE      170910 300  165000-165500   00     154.45  983.3    131.21     3.44     3.36
THULE      170910 300  165500-170000   00     153.01  983.3    130.03     2.51     2.42
THULE      170910 300  170000-170500   00     154.49  983.4    131.32     3.53     3.43
THULE      170910 300  170500-171000   00     151.69  983.4    128.99     1.68     1.58
THULE      170910 300  171000-171500   00     156.55  983.4    133.13     4.95     4.84
THULE      170910 300  171500-172000   00     157.68  983.4    134.11     5.72     5.61
THULE      170910 300  172000-172500   00     152.68  983.4    129.84     2.36     2.24
THULE      170910 300  172500-173000   00     152.57  983.4    129.73     2.27     2.15
THULE      170910 300  173000-173500   00     156.46  983.4    133.04     4.88     4.75
THULE      170910 300  173500-174000   00     155.63  983.5    132.41     4.38     4.25
THULE      170910 300  174000-174500   00     157.07  983.5    133.65     5.36     5.22
THULE      170910 300  174500-175000   00     158.43  983.5    134.80     6.27     6.13
THULE      170910 300  175000-175500   00     157.64  983.5    134.15     5.76     5.61
THULE      170910 300  175500-180000   00     155.21  983.6    132.11     4.15     3.99
THULE      170910 300  180000-180500   00     156.20  983.6    132.99     4.84     4.68
THULE      170910 300  180500-181000   00     154.11  983.6    131.26     3.48     3.31
THULE      170910 300  181000-181500   00     153.75  983.7    131.03     3.30     3.13
THULE      170910 300  181500-182000   00     157.06  983.7    133.86     5.53     5.35
THULE      170910 300  182000-182500   00     153.49  983.7    130.83     3.14     2.96
THULE      170910 300  182500-183000   00     154.65  983.7    131.78     3.89     3.70
THULE      170910 300  183000-183500   00     156.66  983.7    133.47     5.22     5.03
THULE      170910 300  183500-184000   00     155.48  983.6    132.44     4.41     4.21
THULE      170910 300  184000-184500   00     159.57  983.7    135.93     7.16     6.96
THULE      170910 300  184500-185000   00     155.89  983.7    132.82     4.70     4.49
THULE      170910 300  185000-185500   00     153.69  983.8    131.05     3.31     3.09
THULE      170910 300  185500-190000   00     152.75  983.9    130.35     2.76     2.54
THULE      170910 300  190000-190500   00     152.85  984.0    130.49     2.87     2.64
THULE      170910 300  190500-191000   00     155.23  983.9    132.51     4.46     4.23
THULE      170910 300  191000-191500   00     156.50  984.0    133.69     5.39     5.15
THULE      170910 300  191500-192000   00     154.60  984.1    132.09     4.13     3.89
THULE      170910 300  192000-192500   00     154.39  984.1    131.94     4.01     3.76
THULE      170910 300  192500-193000   00     154.97  984.1    132.45     4.42     4.17
THULE      170910 300  193000-193500   00     155.87  984.2    133.36     5.13     4.87
THULE      170910 300  193500-194000   00     155.10  984.3    132.75     4.65     4.39
THULE      170910 300  194000-194500   00     154.41  984.3    132.14     4.17     3.90
THULE      170910 300  194500-195000   00     153.16  984.4    131.18     3.42     3.14
THULE      170910 300  195000-195500   00     155.00  984.4    132.79     4.68     4.40
THULE      170910 300  195500-200000   00     151.33  984.5    129.68     2.23     1.94
THULE      170910 300  200000-200500   00     152.87  984.5    130.99     3.27     2.98
THULE      170910 300  200500-201000   00     154.57  984.5    132.47     4.43     4.13
THULE      170910 300  201000-201500   00     155.17  984.5    133.01     4.85     4.55
THULE      170910 300  201500-202000   00     152.37  984.5    130.61     2.96     2.65
THULE      170910 300  202000-202500   00     153.85  984.6    131.95     4.02     3.71
THULE      170910 300  202500-203000   00     154.89  984.6    132.90     4.77     4.45
THULE      170910 300  203000-203500   00     149.41  984.7    128.23     1.09     0.76
THULE      170910 300  203500-204000   00     154.35  984.7    132.53     4.48     4.15
THULE      170910 300  204000-204500   00     151.58  984.8    130.18     2.63     2.29
THULE      170910 300  204500-205000   00     153.28  984.8    131.68     3.81     3.47
THULE      170910 300  205000-205500   00     152.02  984.8    130.62     2.97     2.62
THULE      170910 300  205500-210000   00     151.81  984.9    130.48     2.87     2.52
THULE      170910 300  210000-210500   00     150.68  984.9    129.53     2.11     1.75
THULE      170910 300  210500-211000   00     153.11  984.9    131.65     3.78     3.42
THULE      170910 300  211000-211500   00     152.06  984.9    130.74     3.06     2.69
THULE      170910 300  211500-212000   00     151.57  984.9    130.27     2.70     2.33
THULE      170910 300  212000-212500   00     150.56  984.9    129.43     2.04     1.66
THULE      170910 300  212500-213000   00     151.62  984.9    130.36     2.77     2.38
THULE      170910 300  213000-213500   00     153.52  984.9    132.01     4.07     3.68
THULE      170910 300  213500-214000   00     152.10  984.9    130.75     3.08     2.68
THULE      170910 300  214000-214500   00     150.68  984.9    129.51     2.10     1.70
THULE      170910 300  214500-215000   00     153.18  984.9    131.71     3.83     3.42
THULE      170910 300  215000-215500   00     152.06  984.9    130.75     3.07     2.66
THULE      170910 300  215500-220000   00     150.57  984.9    129.49     2.08     1.66
THULE      170910 300  220000-220500   00     152.30  985.0    131.03     3.30     2.88
THULE      170910 300  220500-221000   00     151.68  985.0    130.47     2.86     2.43
THULE      170910 300  221000-221500   00     152.33  985.0    131.09     3.34     2.91
THULE      170910 300  221500-222000   00     152.74  985.1    131.49     3.66     3.22
THULE      170910 300  222000-222500   00     149.67  985.1    128.87     1.59     1.14
THULE      170910 300  222500-223000   00     149.35  985.1    128.58     1.36     0.91
THULE      170910 300  223000-223500   00     149.34  985.1    128.63     1.40     0.94
THULE      170910 300  223500-224000   00     151.99  985.1    130.88     3.18     2.72
THULE      170910 300  224000-224500   00     153.60  985.2    132.32     4.31     3.84
THULE      170910 300  224500-225000   00     151.55  985.2    130.54     2.91     2.44
THULE      170910 300  225000-225500   00     149.56  985.2    128.82     1.55     1.07
THULE      170910 300  225500-230000   00     151.18  985.1    130.21     2.65     2.17
THULE      170910 300  230000-230500   00     147.95  985.2    127.44     0.47    -0.02
THULE      170910 300  230500-231000   00     151.36  985.1    130.35     2.76     2.27
THULE      170910 300  231000-231500   00     152.26  985.1    131.13     3.37     2.87
THULE      170910 300  231500-232000   00     149.99  985.1    129.16     1.82     1.31
THULE      170910 300  232000-232500   00     151.17  985.1    130.16     2.61     2.10
THULE      170910 300  232500-233000   00     151.95  985.1    130.83     3.14     2.62
THULE      170910 300  233000-233500   00     152.39  985.1    131.22     3.44     2.92
THULE      170910 300  233500-234000   00     150.21  985.1    129.37     1.98     1.45
THULE      170910 300  234000-234500   00     151.61  985.2    130.64     2.99     2.46
THULE      170910 300  234500-235000   00     151.54  985.3    130.67     3.01     2.47
THULE      170910 300  235000-235500   00     151.69  985.4    130.90     3.19     2.65
THULE      170910 300  235500-240000   00     148.83  985.5    128.50     1.30     0.75
THULE      170911 300  000000-000500   00     147.68  985.5    127.56     0.56     0.01
THULE      170911 300  000500-001000   00     151.01  985.6    130.47     2.85     2.29
THULE      170911 300  001000-001500   00     148.11  985.6    128.00     0.90     0.33
THULE      170911 300  001500-002000   00     149.70  985.6    129.38     2.00     1.43
THULE      170911 300  002000-002500   00     147.11  985.6    127.18     0.26    -0.32
THULE      170911 300  002500-003000   00     149.16  985.7    128.98     1.68     1.10
THULE      170911 300  003000-003500   00     148.53  985.7    128.42     1.24     0.65
THULE      170911 300  003500-004000   00     148.24  985.6    128.15     1.03     0.44
THULE      170911 300  004000-004500   00     148.42  985.7    128.32     1.16     0.56
THULE      170911 300  004500-005000   00     149.81  985.6    129.43     2.04     1.44
THULE      170911 300  005000-005500   00     147.53  985.6    127.46     0.48    -0.13
THULE      170911 300  005500-010000   00     147.69  985.6    127.59     0.59    -0.02
THULE      170911 300  010000-010500   00     146.97  985.6    127.04     0.15    -0.47
THULE      170911 300  010500-011000   00     150.67  985.7    130.29     2.71     2.08
THULE      170911 300  011000-011500   00     148.77  985.7    128.69     1.45     0.82
THULE      170911 300  011500-012000   00     147.41  985.8    127.57     0.57    -0.07
THULE      170911 300  012000-012500   00     147.85  985.8    127.99     0.90     0.26
THULE      170911 300  012500-013000   00     150.49  985.8    130.26     2.69     2.04
THULE      170911 300  013000-013500   00     149.47  985.8    129.38     1.99     1.34
THULE      170911 300  013500-014000   00     146.67  985.9    127.00     0.12    -0.54
THULE      170911 300  014000-014500   00     148.40  985.9    128.52     1.32     0.66
THULE      170911 300  014500-015000   00     148.79  985.9    128.89     1.61     0.94
THULE      170911 300  015000-015500   00     147.88  985.9    128.08     0.97     0.30
THULE      170911 300  015500-020000   00     150.25  985.9    130.11     2.57     1.89
THULE      170911 300  020000-020500   00     149.93  985.9    129.86     2.38     1.69
THULE      170911 300  020500-021000   00     149.69  985.9    129.68     2.23     1.54
THULE      170911 300  021000-021500   00     147.33  985.9    127.59     0.59    -0.11
THULE      170911 300  021500-022000   00     146.37  985.8    126.71    -0.11    -0.81
THULE      170911 300  022000-022500   00     145.95  985.9    126.42    -0.34    -1.05
THULE      170911 300  022500-023000   00     148.10  985.9    128.29     1.14     0.43
THULE      170911 300  023000-023500   00     148.18  985.9    128.38     1.20     0.48
THULE      170911 300  023500-024000   00     149.33  985.9    129.38     1.99     1.27
THULE      170911 300  024000-024500   00     147.45  986.0    127.81     0.76     0.03
THULE      170911 300  024500-025000   00     146.42  986.1    126.98     0.11    -0.62
THULE      170911 300  025000-025500   00     148.00  986.1    128.39     1.22     0.48
THULE      170911 300  025500-030000   00     148.63  986.2    128.99     1.69     0.94
THULE      170911 300  030000-030500   00     147.90  986.2    128.34     1.17     0.42
THULE      170911 300  030500-031000   00     146.64  986.1    127.25     0.32    -0.44
THULE      170911 300  031000-031500   00     145.35  986.2    126.17    -0.54    -1.30
THULE      170911 300  031500-032000   00     149.38  986.2    129.64     2.20     1.43
THULE      170911 300  032000-032500   00     147.39  986.1    127.87     0.81     0.04
THULE      170911 300  032500-033000   00     151.11  986.2    131.15     3.39     2.61
THULE      170911 300  033000-033500   00     149.25  986.2    129.56     2.14     1.36
THULE      170911 300  033500-034000   00     145.76  986.2    126.53    -0.25    -1.04
THULE      170911 300  034000-034500   00     149.24  986.2    129.56     2.14     1.35
THULE      170911 300  034500-035000   00     144.52  986.3    125.53    -1.04    -1.84
THULE      170911 300  035000-035500   00     148.28  986.4    128.89     1.61     0.80
THULE      170911 300  035500-040000   00     148.04  986.5    128.76     1.51     0.70
THULE      170911 300  040000-040500   00     147.59  986.5    128.40     1.22     0.40
THULE      170911 300  040500-041000   00     146.14  986.6    127.20     0.28    -0.54
THULE      170911 300  041000-041500   00     149.28  986.7    130.03     2.51     1.68
THULE      170911 300  041500-042000   00     147.70  986.7    128.71     1.46     0.63
THULE      170911 300  042000-042500   00     146.05  986.8    127.31     0.36    -0.48
THULE      170911 300  042500-043000   00     146.46  986.8    127.72     0.68    -0.16
THULE      170911 300  043000-043500   00     146.92  986.9    128.19     1.05     0.20
THULE      170911 300  043500-044000   00     145.76  987.0    127.28     0.34    -0.51
THULE      170911 300  044000-044500   00     146.55  987.0    128.00     0.91     0.05
THULE      170911 300  044500-045000   00     144.25  987.1    126.06    -0.62    -1.49
THULE      170911 300  045000-045500   00     145.29  987.2    127.03     0.14    -0.73
THULE      170911 300  045500-050000   00     145.60  987.2    127.32     0.37    -0.51
THULE      170911 300  050000-050500   00     145.86  987.2    127.58     0.58    -0.30
THULE      170911 300  050500-051000   00     142.75  987.2    124.83    -1.59    -2.48
THULE      170911 300  051000-051500   00     149.49  987.2    130.77     3.09     2.20
THULE      170911 300  051500-052000   00     145.09  987.4    127.03     0.14    -0.76
THULE      170911 300  052000-052500   00     144.66  987.5    126.77    -0.06    -0.96
THULE      170911 300  052500-053000   00     144.10  987.6    126.41    -0.34    -1.25
THULE      170911 300  053000-053500   00     144.13  987.7    126.48    -0.29    -1.21
THULE      170911 300  053500-054000   00     146.63  987.7    128.75     1.50     0.58
THULE      170911 300  054000-054500   00     144.99  987.8    127.35     0.40    -0.53
THULE      170911 300  054500-055000   00     147.39  987.9    129.54     2.12     1.19
THULE      170911 300  055000-055500   00     145.48  988.0    127.98     0.89    -0.05
THULE      170911 300  055500-060000   00     145.96  988.1    128.51     1.31     0.37
THULE      170911 300  060000-060500   00     145.40  988.2    128.08     0.97     0.02
THULE      170911 300  060500-061000   00     144.32  988.3    127.21     0.28    -0.67
THULE      170911 300  061000-061500   00     147.13  988.3    129.77     2.30     1.34
THULE      170911 300  061500-062000   00     143.08  988.4    126.23    -0.49    -1.45
THULE      170911 300  062000-062500   00     146.48  988.5    129.31     1.94     0.97
THULE      170911 300  062500-063000   00     144.90  988.5    127.99     0.90    -0.08
THULE      170911 300  063000-063500   00     144.92  988.6    128.04     0.94    -0.04
THULE      170911 300  063500-064000   00     145.12  988.7    128.32     1.16     0.17
THULE      170911 300  064000-064500   00     145.08  988.8    128.35     1.19     0.20
THULE      170911 300  064500-065000   00     142.37  988.8    126.04    -0.64    -1.64
THULE      170911 300  065000-065500   00     144.31  989.0    127.88     0.81    -0.19
THULE      170911 300  065500-070000   00     145.36  989.1    128.89     1.61     0.60
THULE      170911 300  070000-070500   00     143.90  989.1    127.66     0.64    -0.37
THULE      170911 300  070500-071000   00     143.46  989.2    127.32     0.37    -0.65
THULE      170911 300  071000-071500   00     145.69  989.3    129.38     2.00     0.98
THULE      170911 300  071500-072000   00     144.28  989.3    128.18     1.05     0.02
THULE      170911 300  072000-072500   00     146.16  989.4    129.94     2.44     1.40
THULE      170911 300  072500-073000   00     143.19  989.4    127.31     0.36    -0.68
THULE      170911 300  073000-073500   00     142.84  989.5    127.03     0.14    -0.91
THULE      170911 300  073500-074000   00     146.22  989.6    130.14     2.60     1.55
THULE      170911 300  074000-074500   00     144.75  989.6    128.88     1.60     0.54
THULE      170911 300  074500-075000   00     145.08  989.7    129.22     1.87     0.81
THULE      170911 300  075000-075500   00     142.89  989.7    127.33     0.38    -0.69
THULE      170911 300  075500-080000   00     144.36  989.8    128.74     1.49     0.42
THULE      170911 300  080000-080500   00     142.23  989.9    126.91     0.04    -1.04
THULE      170911 300  080500-081000   00     142.74  989.9    127.40     0.44    -9999
THULE      170911 300  081000-081500   00     142.46  990.0    127.20     0.27    -9999
THULE      170911 300  081500-082000   00     142.94  990.1    127.71     0.68    -9999
THULE      170911 300  082000-082500   00     142.95  990.2    127.80     0.75    -9999
THULE      170911 300  082500-083000   00     144.77  990.3    129.53     2.12    -9999
THULE      170911 300  083000-083500   00     143.44  990.4    128.45     1.26    -9999
THULE      170911 300  083500-084000   00     142.52  990.5    127.71     0.68    -9999
THULE      170911 300  084000-084500   00     144.10  990.6    129.22     1.87    -9999
THULE      170911 300  084500-085000   00     143.11  990.7    128.41     1.23    -9999
THULE      170911 300  085000-085500   00     144.47  990.7    129.72     2.26    -9999
THULE      170911 300  085500-090000   00     143.26  990.8    128.70     1.46    -9999
THULE      170911 300  090000-090500   00     144.17  990.8    129.49     2.08    -9999
THULE      170911 300  090500-091000   00     140.26  990.8    126.02    -0.65    -9999
THULE      170911 300  091000-091500   00     142.76  990.9    128.35     1.18    -9999
THULE      170911 300  091500-092000   00     143.74  991.0    129.27     1.91    -9999
THULE      170911 300  092000-092500   00     144.78  991.0    130.22     2.66    -9999
THULE      170911 300  092500-093000   00     142.75  991.0    128.44     1.25    -9999
THULE      170911 300  093000-093500   00     142.25  991.2    128.17     1.04    -9999
THULE      170911 300  093500-094000   00     145.46  991.4    131.23     3.46    -9999
THULE      170911 300  094000-094500   00     142.32  991.5    128.54     1.33    -9999
THULE      170911 300  094500-095000   00     142.86  991.6    129.08     1.76    -9999
THULE      170911 300  095000-095500   00     142.75  991.7    129.05     1.74    -9999
THULE      170911 300  095500-100000   00     139.42  991.8    126.12    -0.57    -9999
THULE      170911 300  100000-100500   00     141.51  991.9    128.15     1.02    -9999
THULE      170911 300  100500-101000   00     140.39  991.9    127.19     0.27    -9999
THULE      170911 300  101000-101500   00     142.61  992.0    129.23     1.87    -9999
THULE      170911 300  101500-102000   00     140.53  992.0    127.40     0.44    -9999
THULE      170911 300  102000-102500   00     140.24  992.1    127.22     0.29    -9999
THULE      170911 300  102500-103000   00     142.34  992.2    129.22     1.87    -9999
THULE      170911 300  103000-103500   00     140.34  992.4    127.54     0.55    -9999
THULE      170911 300  103500-104000   00     142.30  992.5    129.40     2.01    -9999
THULE      170911 300  104000-104500   00     142.37  992.5    129.54     2.12    -9999
THULE      170911 300  104500-105000   00     141.97  992.6    129.25     1.89    -9999
THULE      170911 300  105000-105500   00     142.19  992.7    129.55     2.13    -9999
THULE      170911 300  105500-110000   00     139.45  992.8    127.14     0.23    -9999
THULE      170911 300  110000-110500   00     139.84  992.9    127.58     0.58    -9999
THULE      170911 300  110500-111000   00     140.93  993.0    128.64     1.41    -9999
THULE      170911 300  111000-111500   00     142.04  993.0    129.73     2.27    -9999
THULE      170911 300  111500-112000   00     138.28  993.1    126.37    -0.37    -9999
THULE      170911 300  112000-112500   00     139.85  993.2    127.90     0.83    -9999
THULE      170911 300  112500-113000   00     139.53  993.3    127.73     0.70    -9999
THULE      170911 300  113000-113500   00     139.87  993.5    128.14     1.02    -9999
THULE      170911 300  113500-114000   00     140.50  993.6    128.85     1.57    -9999
THULE      170911 300  114000-114500   00     140.78  993.7    129.20     1.85    -9999
THULE      170911 300  114500-115000   00     139.88  993.7    128.41     1.23    -9999
THULE      170911 300  115000-115500   00     140.07  993.8    128.65     1.42    -9999
THULE      170911 300  115500-120000   00     142.02  993.9    130.50     2.88    -9999
THULE      170911 3600 120000-130000   00     139.58  994.2    128.58     1.36    -9999
THULE      170911 3600 130000-140000   00     139.15  995.0    128.99     1.69    -9999
THULE      170911 3600 140000-150000   00     138.35  995.9    129.07     1.75    -9999
THULE      170911 3600 150000-160000   00     136.63  996.8    128.37     1.20    -9999
THULE      170911 3600 160000-170000   00     135.61  997.7    128.24     1.09    -9999
THULE      170911 3600 170000-180000   00     134.11  998.5    127.59     0.59    -9999
THULE      170911 3600 180000-190000   00     134.60  999.4    128.90     1.62    -9999
THULE      170911 3600 190000-200000   00     133.80 1000.2    128.92     1.63    -9999
THULE      170911 3600 200000-210000   00     132.72 1000.8    128.45     1.26    -9999
THULE      170911 3600 210000-220000   00     132.02 1001.5    128.42     1.24    -9999
THULE      170911 3600 220000-230000   00     131.40 1002.2    128.49     1.30    -9999
THULE      170911 3600 230000-240000   00     130.54 1002.9    128.27     1.12    -9999
*
COMMENT UNIVERISTY OF OULU: FILE GENERATED FROM DATABASE AND OBTAINED FROM
COMMENT https://gle.oulu.fi at 2025-01-11 16:21:59 +00:00
COMMENT FOR HISTORICAL/ORIGINAL TEXT FILES SEE https://gle.oulu.fi/txtarchive/
COMMENT ORIGINAL AT https://gle.oulu.fi/txtarchive/GLE72/C072THUL_cor.DAT
COMMENT DETRENDED DATA SHOW -9999 IF EQUAL TO INC% COLUMN 