LOMNICKY   LATITUDE    49.2      LONGITUDE     20.22     ALTITUDE    2634 M
LOMNICKY   INSTRUMENT   8-NM-64  NEUTRON MONITOR	
LOMNICKY   STANDARD PRESSURE    747     mb     COEFFICIENT   -0.72     % / mb
LOMNICKY   PRE-INCREASE BASELINE TIME INTERVAL    170910    140000-160000   UT
LOMNICKY   PRE-INCREASE AVERAGE COUNTING RATE    467.90      COUNTS PER SECOND
LOMNICKY   TIME INTERVALS    300         3600     
LOMNICKY   SCALE FACTORS     1           1        
STATION    YYMMDD  SEC   TIME (UT)   CODE    UNCORR. PRESS.    CORR.    % INC.	DETRENDED
                         INTERVAL    TD      C/S     (mb)      C/S
LOMNICKY   170909 3600 000000-010000   00     450.74  737.3    463.95    -0.84    -9999
LOMNICKY   170909 3600 010000-020000   00     453.02  736.9    465.03    -0.61    -9999
LOMNICKY   170909 3600 020000-030000   00     455.01  736.4    465.16    -0.58    -9999
LOMNICKY   170909 3600 030000-040000   00     456.15  735.8    464.51    -0.72    -9999
LOMNICKY   170909 3600 040000-050000   00     456.55  735.7    464.68    -0.69    -9999
LOMNICKY   170909 3600 050000-060000   00     457.04  735.5    464.32    -0.76    -9999
LOMNICKY   170909 3600 060000-070000   00     458.21  735.3    464.90    -0.64    -9999
LOMNICKY   170909 3600 070000-080000   00     457.89  735.2    464.15    -0.80    -9999
LOMNICKY   170909 3600 080000-090000   00     456.15  735.2    462.42    -1.17    -9999
LOMNICKY   170909 3600 090000-100000   00     455.70  735.3    462.27    -1.20    -9999
LOMNICKY   170909 3600 100000-110000   00     453.26  735.4    460.32    -1.62    -9999
LOMNICKY   170909 3600 110000-120000   00     453.19  735.4    460.18    -1.65    -9999
LOMNICKY   170909 3600 120000-130000   00     452.85  735.5    459.97    -1.69    -9999
LOMNICKY   170909 3600 130000-140000   00     455.18  735.4    462.15    -1.23    -9999
LOMNICKY   170909 3600 140000-150000   00     454.04  735.1    460.09    -1.67    -9999
LOMNICKY   170909 3600 150000-160000   00     455.46  734.8    460.37    -1.61    -9999
LOMNICKY   170909 3600 160000-170000   00     454.98  734.5    458.99    -1.90    -9999
LOMNICKY   170909 3600 170000-180000   00     456.62  734.4    460.34    -1.62    -9999
LOMNICKY   170909 3600 180000-190000   00     456.10  734.7    460.87    -1.50    -9999
LOMNICKY   170909 3600 190000-200000   00     455.46  734.5    459.57    -1.78    -9999
LOMNICKY   170909 3600 200000-210000   00     457.35  734.5    461.54    -1.36    -9999
LOMNICKY   170909 3600 210000-220000   00     460.69  734.4    464.56    -0.71    -9999
LOMNICKY   170909 3600 220000-230000   00     463.44  734.5    467.40    -0.11    -9999
LOMNICKY   170909 3600 230000-240000   00     464.95  734.4    468.66     0.16    -9999
LOMNICKY   170910 3600 000000-010000   00     464.55  734.5    468.76     0.18    -9999
LOMNICKY   170910 3600 010000-020000   00     465.85  734.6    470.40     0.54    -9999
LOMNICKY   170910 3600 020000-030000   00     464.50  734.8    469.67     0.38    -9999
LOMNICKY   170910 3600 030000-040000   00     464.51  734.5    468.76     0.19    -9999
LOMNICKY   170910 3600 040000-050000   00     465.61  734.5    469.64     0.37    -9999
LOMNICKY   170910 3600 050000-060000   00     465.67  734.8    470.66     0.59    -9999
LOMNICKY   170910 3600 060000-070000   00     464.45  735.2    470.86     0.63    -9999
LOMNICKY   170910 3600 070000-080000   00     462.59  735.7    470.53     0.56    -9999
LOMNICKY   170910 3600 080000-090000   00     460.68  736.0    469.65     0.38    -9999
LOMNICKY   170910 3600 090000-100000   00     459.19  736.3    469.20     0.28    -9999
LOMNICKY   170910 3600 100000-110000   00     458.61  736.8    470.41     0.54    -9999
LOMNICKY   170910 3600 110000-120000   00     457.48  737.1    470.15     0.48    -9999
LOMNICKY   170910 300  120000-120500   00     456.24  737.3    469.39     0.32    -9999
LOMNICKY   170910 300  120500-121000   00     454.74  737.4    468.22     0.07    -9999
LOMNICKY   170910 300  121000-121500   00     454.63  737.4    468.10     0.04    -9999
LOMNICKY   170910 300  121500-122000   00     457.81  737.2    470.92     0.65    -9999
LOMNICKY   170910 300  122000-122500   00     457.48  737.3    470.71     0.60    -9999
LOMNICKY   170910 300  122500-123000   00     456.02  737.3    469.40     0.32    -9999
LOMNICKY   170910 300  123000-123500   00     455.23  737.5    469.13     0.26    -9999
LOMNICKY   170910 300  123500-124000   00     456.62  737.5    470.49     0.55    -9999
LOMNICKY   170910 300  124000-124500   00     452.85  737.3    466.21    -0.36    -9999
LOMNICKY   170910 300  124500-125000   00     455.11  737.3    468.42     0.11    -9999
LOMNICKY   170910 300  125000-125500   00     456.52  737.4    470.32     0.52    -9999
LOMNICKY   170910 300  125500-130000   00     453.27  737.5    467.11    -0.17    -9999
LOMNICKY   170910 300  130000-130500   00     459.52  737.4    473.26     1.15    -9999
LOMNICKY   170910 300  130500-131000   00     457.93  737.4    471.76     0.83    -9999
LOMNICKY   170910 300  131000-131500   00     454.69  737.5    468.69     0.17    -9999
LOMNICKY   170910 300  131500-132000   00     455.84  737.6    470.03     0.46    -9999
LOMNICKY   170910 300  132000-132500   00     457.61  737.6    471.81     0.84    -9999
LOMNICKY   170910 300  132500-133000   00     452.12  737.5    466.14    -0.37    -9999
LOMNICKY   170910 300  133000-133500   00     454.51  737.6    468.86     0.21    -9999
LOMNICKY   170910 300  133500-134000   00     451.81  737.8    466.68    -0.26    -9999
LOMNICKY   170910 300  134000-134500   00     456.43  737.6    470.91     0.64    -9999
LOMNICKY   170910 300  134500-135000   00     451.54  737.6    465.68    -0.47    -9999
LOMNICKY   170910 300  135000-135500   00     453.20  737.7    467.65    -0.05    -9999
LOMNICKY   170910 300  135500-140000   00     452.55  737.7    467.20    -0.15    -9999
LOMNICKY   170910 300  140000-140500   00     453.21  737.7    467.84    -0.01    -9999
LOMNICKY   170910 300  140500-141000   00     454.80  737.7    469.42     0.33    -9999
LOMNICKY   170910 300  141000-141500   00     451.03  737.8    465.87    -0.43    -9999
LOMNICKY   170910 300  141500-142000   00     450.17  737.6    464.16    -0.80    -9999
LOMNICKY   170910 300  142000-142500   00     452.30  737.7    466.78    -0.24    -9999
LOMNICKY   170910 300  142500-143000   00     452.89  737.7    467.35    -0.12    -9999
LOMNICKY   170910 300  143000-143500   00     454.51  737.7    469.21     0.28    -9999
LOMNICKY   170910 300  143500-144000   00     452.45  737.9    467.54    -0.08    -9999
LOMNICKY   170910 300  144000-144500   00     454.53  737.9    469.71     0.39    -9999
LOMNICKY   170910 300  144500-145000   00     454.33  737.8    469.31     0.30    -9999
LOMNICKY   170910 300  145000-145500   00     453.38  737.9    468.56     0.14    -9999
LOMNICKY   170910 300  145500-150000   00     452.07  737.9    467.37    -0.11    -9999
LOMNICKY   170910 300  150000-150500   00     453.58  737.9    468.97     0.23    -9999
LOMNICKY   170910 300  150500-151000   00     452.55  738.0    468.25     0.07    -9999
LOMNICKY   170910 300  151000-151500   00     452.62  737.9    467.91     0.00    -9999
LOMNICKY   170910 300  151500-152000   00     452.36  737.9    467.49    -0.09    -9999
LOMNICKY   170910 300  152000-152500   00     454.46  737.9    469.80     0.41    -9999
LOMNICKY   170910 300  152500-153000   00     451.73  737.8    466.69    -0.26    -9999
LOMNICKY   170910 300  153000-153500   00     453.35  737.9    468.56     0.14    -9999
LOMNICKY   170910 300  153500-154000   00     452.64  737.9    467.77    -0.03    -9999
LOMNICKY   170910 300  154000-154500   00     448.56  737.9    463.48    -0.94    -9999
LOMNICKY   170910 300  154500-155000   00     454.16  737.9    469.33     0.31    -9999
LOMNICKY   170910 300  155000-155500   00     453.18  737.9    468.36     0.10    -9999
LOMNICKY   170910 300  155500-160000   00     454.59  737.9    469.79     0.40    -9999
LOMNICKY   170910 300  160000-160500   00     452.33  737.9    467.51    -0.08    -0.12
LOMNICKY   170910 300  160500-161000   00     451.52  738.0    467.05    -0.18    -0.23
LOMNICKY   170910 300  161000-161500   00     450.35  738.0    465.77    -0.45    -0.50
LOMNICKY   170910 300  161500-162000   00     450.53  737.9    465.75    -0.46    -0.52
LOMNICKY   170910 300  162000-162500   00     454.07  737.8    468.91     0.22     0.16
LOMNICKY   170910 300  162500-163000   00     454.13  737.8    468.99     0.23     0.16
LOMNICKY   170910 300  163000-163500   00     454.55  737.8    469.56     0.36     0.29
LOMNICKY   170910 300  163500-164000   00     456.72  737.8    471.59     0.79     0.71
LOMNICKY   170910 300  164000-164500   00     456.83  737.9    472.06     0.89     0.80
LOMNICKY   170910 300  164500-165000   00     456.41  737.8    471.52     0.77     0.68
LOMNICKY   170910 300  165000-165500   00     457.39  737.9    472.84     1.06     0.96
LOMNICKY   170910 300  165500-170000   00     461.07  737.9    476.69     1.88     1.77
LOMNICKY   170910 300  170000-170500   00     454.66  737.9    470.03     0.46     0.35
LOMNICKY   170910 300  170500-171000   00     455.42  738.0    470.91     0.64     0.52
LOMNICKY   170910 300  171000-171500   00     459.91  737.9    475.47     1.62     1.49
LOMNICKY   170910 300  171500-172000   00     455.99  737.9    471.44     0.76     0.62
LOMNICKY   170910 300  172000-172500   00     457.53  737.9    472.85     1.06     0.92
LOMNICKY   170910 300  172500-173000   00     458.05  738.1    473.98     1.30     1.15
LOMNICKY   170910 300  173000-173500   00     457.28  738.1    473.34     1.16     1.00
LOMNICKY   170910 300  173500-174000   00     458.58  738.1    474.71     1.46     1.29
LOMNICKY   170910 300  174000-174500   00     458.51  738.0    474.22     1.35     1.17
LOMNICKY   170910 300  174500-175000   00     455.36  738.0    470.96     0.66     0.48
LOMNICKY   170910 300  175000-175500   00     455.80  738.0    471.31     0.73     0.54
LOMNICKY   170910 300  175500-180000   00     455.35  738.0    470.98     0.66     0.46
LOMNICKY   170910 300  180000-180500   00     455.19  738.1    471.22     0.71     0.50
LOMNICKY   170910 300  180500-181000   00     456.29  738.1    472.21     0.92     0.70
LOMNICKY   170910 300  181000-181500   00     451.59  738.0    467.18    -0.15    -0.38
LOMNICKY   170910 300  181500-182000   00     457.03  738.0    472.80     1.05     0.81
LOMNICKY   170910 300  182000-182500   00     456.72  737.9    472.16     0.91     0.66
LOMNICKY   170910 300  182500-183000   00     457.56  738.0    473.23     1.14     0.88
LOMNICKY   170910 300  183000-183500   00     451.73  738.1    467.55    -0.07    -0.34
LOMNICKY   170910 300  183500-184000   00     452.34  738.1    468.33     0.09    -0.19
LOMNICKY   170910 300  184000-184500   00     451.17  738.2    467.23    -0.14    -0.43
LOMNICKY   170910 300  184500-185000   00     449.83  738.2    466.02    -0.40    -0.70
LOMNICKY   170910 300  185000-185500   00     453.99  738.0    469.54     0.35     0.04
LOMNICKY   170910 300  185500-190000   00     454.67  738.0    470.32     0.52     0.20
LOMNICKY   170910 300  190000-190500   00     455.98  738.0    471.60     0.79     0.46
LOMNICKY   170910 300  190500-191000   00     455.53  738.0    471.08     0.68     0.34
LOMNICKY   170910 300  191000-191500   00     451.01  738.0    466.37    -0.33    -0.68
LOMNICKY   170910 300  191500-192000   00     455.54  737.9    470.97     0.66     0.30
LOMNICKY   170910 300  192000-192500   00     457.06  738.0    472.75     1.04     0.66
LOMNICKY   170910 300  192500-193000   00     454.03  737.9    469.44     0.33    -0.06
LOMNICKY   170910 300  193000-193500   00     455.90  738.0    471.53     0.78     0.38
LOMNICKY   170910 300  193500-194000   00     453.91  738.0    469.61     0.37    -0.04
LOMNICKY   170910 300  194000-194500   00     452.13  738.1    468.04     0.03    -0.39
LOMNICKY   170910 300  194500-195000   00     452.60  738.1    468.45     0.12    -0.32
LOMNICKY   170910 300  195000-195500   00     452.41  738.0    467.90     0.00    -0.45
LOMNICKY   170910 300  195500-200000   00     456.59  737.9    471.77     0.83     0.37
LOMNICKY   170910 300  200000-200500   00     455.03  737.7    469.66     0.38    -0.09
LOMNICKY   170910 300  200500-201000   00     453.49  737.7    468.12     0.05    -9999
LOMNICKY   170910 300  201000-201500   00     457.57  737.7    472.24     0.93    -9999
LOMNICKY   170910 300  201500-202000   00     453.20  737.6    467.32    -0.12    -9999
LOMNICKY   170910 300  202000-202500   00     453.83  737.6    467.99     0.02    -9999
LOMNICKY   170910 300  202500-203000   00     454.43  737.4    468.19     0.06    -9999
LOMNICKY   170910 300  203000-203500   00     452.67  737.4    466.34    -0.33    -9999
LOMNICKY   170910 300  203500-204000   00     454.38  737.5    468.28     0.08    -9999
LOMNICKY   170910 300  204000-204500   00     452.77  737.5    466.61    -0.27    -9999
LOMNICKY   170910 300  204500-205000   00     454.61  737.5    468.53     0.14    -9999
LOMNICKY   170910 300  205000-205500   00     456.34  737.6    470.64     0.59    -9999
LOMNICKY   170910 300  205500-210000   00     453.83  737.7    468.45     0.12    -9999
LOMNICKY   170910 300  210000-210500   00     452.37  737.8    467.17    -0.16    -9999
LOMNICKY   170910 300  210500-211000   00     455.46  737.7    470.11     0.47    -9999
LOMNICKY   170910 300  211000-211500   00     459.75  737.7    474.36     1.38    -9999
LOMNICKY   170910 300  211500-212000   00     456.07  737.6    470.36     0.53    -9999
LOMNICKY   170910 300  212000-212500   00     456.49  737.7    471.04     0.67    -9999
LOMNICKY   170910 300  212500-213000   00     455.15  737.6    469.36     0.31    -9999
LOMNICKY   170910 300  213000-213500   00     454.61  737.6    468.95     0.23    -9999
LOMNICKY   170910 300  213500-214000   00     454.49  737.6    468.67     0.17    -9999
LOMNICKY   170910 300  214000-214500   00     458.16  737.6    472.42     0.97    -9999
LOMNICKY   170910 300  214500-215000   00     458.88  737.4    472.60     1.01    -9999
LOMNICKY   170910 300  215000-215500   00     455.73  737.6    469.90     0.43    -9999
LOMNICKY   170910 300  215500-220000   00     456.51  737.5    470.47     0.55    -9999
LOMNICKY   170910 300  220000-220500   00     461.43  737.5    475.48     1.62    -9999
LOMNICKY   170910 300  220500-221000   00     460.18  737.4    474.07     1.32    -9999
LOMNICKY   170910 300  221000-221500   00     456.68  737.5    470.78     0.62    -9999
LOMNICKY   170910 300  221500-222000   00     457.75  737.5    471.93     0.86    -9999
LOMNICKY   170910 300  222000-222500   00     462.65  737.5    476.97     1.94    -9999
LOMNICKY   170910 300  222500-223000   00     459.86  737.6    474.12     1.33    -9999
LOMNICKY   170910 300  223000-223500   00     458.87  737.7    473.50     1.20    -9999
LOMNICKY   170910 300  223500-224000   00     458.99  737.7    473.78     1.26    -9999
LOMNICKY   170910 300  224000-224500   00     455.32  737.6    469.70     0.39    -9999
LOMNICKY   170910 300  224500-225000   00     456.79  737.6    471.23     0.71    -9999
LOMNICKY   170910 300  225000-225500   00     459.76  737.4    473.68     1.24    -9999
LOMNICKY   170910 300  225500-230000   00     462.83  737.4    476.54     1.85    -9999
LOMNICKY   170910 300  230000-230500   00     460.17  737.5    474.11     1.33    -9999
LOMNICKY   170910 300  230500-231000   00     460.10  737.4    473.89     1.28    -9999
LOMNICKY   170910 300  231000-231500   00     461.99  737.4    475.82     1.69    -9999
LOMNICKY   170910 300  231500-232000   00     458.99  737.4    472.84     1.06    -9999
LOMNICKY   170910 300  232000-232500   00     456.78  737.5    470.62     0.58    -9999
LOMNICKY   170910 300  232500-233000   00     459.99  737.3    473.51     1.20    -9999
LOMNICKY   170910 300  233000-233500   00     463.63  737.4    477.37     2.03    -9999
LOMNICKY   170910 300  233500-234000   00     456.08  737.4    469.61     0.37    -9999
LOMNICKY   170910 300  234000-234500   00     457.54  737.1    470.32     0.52    -9999
LOMNICKY   170910 300  234500-235000   00     461.35  737.0    473.92     1.29    -9999
LOMNICKY   170910 300  235000-235500   00     461.08  736.9    473.26     1.15    -9999
LOMNICKY   170910 300  235500-240000   00     459.55  737.0    471.79     0.83    -9999
LOMNICKY   170911 300  000000-000500   00     461.92  737.0    474.42     1.39    -9999
LOMNICKY   170911 300  000500-001000   00     458.14  737.1    470.94     0.65    -9999
LOMNICKY   170911 300  001000-001500   00     463.35  737.2    476.67     1.87    -9999
LOMNICKY   170911 300  001500-002000   00     460.94  737.3    474.50     1.41    -9999
LOMNICKY   170911 300  002000-002500   00     458.00  737.6    472.30     0.94    -9999
LOMNICKY   170911 300  002500-003000   00     459.71  737.5    473.94     1.29    -9999
LOMNICKY   170911 300  003000-003500   00     461.29  737.5    475.28     1.58    -9999
LOMNICKY   170911 300  003500-004000   00     460.14  737.4    473.90     1.28    -9999
LOMNICKY   170911 300  004000-004500   00     458.84  737.3    472.13     0.90    -9999
LOMNICKY   170911 300  004500-005000   00     462.03  737.4    475.72     1.67    -9999
LOMNICKY   170911 300  005000-005500   00     461.21  737.4    475.10     1.54    -9999
LOMNICKY   170911 300  005500-010000   00     462.45  737.6    476.80     1.90    -9999
LOMNICKY   170911 300  010000-010500   00     458.71  737.4    472.35     0.95    -9999
LOMNICKY   170911 300  010500-011000   00     464.52  737.3    478.17     2.20    -9999
LOMNICKY   170911 300  011000-011500   00     464.17  737.3    477.60     2.07    -9999
LOMNICKY   170911 300  011500-012000   00     462.72  737.3    476.13     1.76    -9999
LOMNICKY   170911 300  012000-012500   00     461.10  737.2    474.38     1.39    -9999
LOMNICKY   170911 300  012500-013000   00     459.52  737.3    472.83     1.05    -9999
LOMNICKY   170911 300  013000-013500   00     460.83  737.3    474.17     1.34    -9999
LOMNICKY   170911 300  013500-014000   00     461.49  737.2    474.65     1.44    -9999
LOMNICKY   170911 300  014000-014500   00     463.73  737.2    477.06     1.96    -9999
LOMNICKY   170911 300  014500-015000   00     461.47  737.2    474.47     1.41    -9999
LOMNICKY   170911 300  015000-015500   00     460.80  737.0    473.17     1.13    -9999
LOMNICKY   170911 300  015500-020000   00     460.90  736.8    472.79     1.05    -9999
LOMNICKY   170911 300  020000-020500   00     462.24  736.8    474.09     1.32    -9999
LOMNICKY   170911 300  020500-021000   00     464.53  736.9    476.72     1.89    -9999
LOMNICKY   170911 300  021000-021500   00     459.39  737.0    471.66     0.80    -9999
LOMNICKY   170911 300  021500-022000   00     460.54  737.0    473.11     1.11    -9999
LOMNICKY   170911 300  022000-022500   00     464.17  737.0    476.63     1.87    -9999
LOMNICKY   170911 300  022500-023000   00     459.98  736.9    472.20     0.92    -9999
LOMNICKY   170911 300  023000-023500   00     461.70  736.9    473.77     1.26    -9999
LOMNICKY   170911 300  023500-024000   00     462.67  736.9    474.77     1.47    -9999
LOMNICKY   170911 300  024000-024500   00     461.55  736.9    473.52     1.20    -9999
LOMNICKY   170911 300  024500-025000   00     462.24  736.8    474.00     1.31    -9999
LOMNICKY   170911 300  025000-025500   00     462.29  736.7    473.78     1.26    -9999
LOMNICKY   170911 300  025500-030000   00     462.09  736.7    473.43     1.18    -9999
LOMNICKY   170911 300  030000-030500   00     462.34  736.7    473.82     1.27    -9999
LOMNICKY   170911 300  030500-031000   00     465.12  736.6    476.43     1.82    -9999
LOMNICKY   170911 300  031000-031500   00     462.83  736.5    473.61     1.22    -9999
LOMNICKY   170911 300  031500-032000   00     463.84  736.5    474.58     1.43    -9999
LOMNICKY   170911 300  032000-032500   00     464.41  736.5    475.11     1.54    -9999
LOMNICKY   170911 300  032500-033000   00     464.06  736.4    474.71     1.46    -9999
LOMNICKY   170911 300  033000-033500   00     461.67  736.4    472.20     0.92    -9999
LOMNICKY   170911 300  033500-034000   00     462.46  736.4    472.90     1.07    -9999
LOMNICKY   170911 300  034000-034500   00     464.85  736.4    475.23     1.57    -9999
LOMNICKY   170911 300  034500-035000   00     464.10  736.3    474.34     1.38    -9999
LOMNICKY   170911 300  035000-035500   00     464.19  736.3    474.39     1.39    -9999
LOMNICKY   170911 300  035500-040000   00     467.78  736.3    478.14     2.19    -9999
LOMNICKY   170911 300  040000-040500   00     464.40  736.4    474.87     1.49    -9999
LOMNICKY   170911 300  040500-041000   00     462.37  736.4    472.73     1.03    -9999
LOMNICKY   170911 300  041000-041500   00     462.63  736.4    472.97     1.09    -9999
LOMNICKY   170911 300  041500-042000   00     460.53  736.3    470.72     0.60    -9999
LOMNICKY   170911 300  042000-042500   00     463.52  736.4    473.84     1.27    -9999
LOMNICKY   170911 300  042500-043000   00     467.41  736.3    477.61     2.08    -9999
LOMNICKY   170911 300  043000-043500   00     461.59  736.3    471.70     0.81    -9999
LOMNICKY   170911 300  043500-044000   00     463.46  736.3    473.71     1.24    -9999
LOMNICKY   170911 300  044000-044500   00     464.41  736.3    474.57     1.43    -9999
LOMNICKY   170911 300  044500-045000   00     461.75  736.3    471.87     0.85    -9999
LOMNICKY   170911 300  045000-045500   00     462.27  736.2    472.21     0.92    -9999
LOMNICKY   170911 300  045500-050000   00     464.15  736.3    474.20     1.35    -9999
LOMNICKY   170911 300  050000-050500   00     467.07  736.2    477.10     1.97    -9999
LOMNICKY   170911 300  050500-051000   00     462.92  736.2    472.79     1.05    -9999
LOMNICKY   170911 300  051000-051500   00     469.66  736.1    479.40     2.46    -9999
LOMNICKY   170911 300  051500-052000   00     463.02  736.1    472.38     0.96    -9999
LOMNICKY   170911 300  052000-052500   00     465.32  736.0    474.37     1.38    -9999
LOMNICKY   170911 300  052500-053000   00     464.50  735.9    473.42     1.18    -9999
LOMNICKY   170911 300  053000-053500   00     463.57  736.0    472.66     1.02    -9999
LOMNICKY   170911 300  053500-054000   00     467.26  735.9    476.02     1.74    -9999
LOMNICKY   170911 300  054000-054500   00     466.50  735.9    475.34     1.59    -9999
LOMNICKY   170911 300  054500-055000   00     467.00  735.8    475.56     1.64    -9999
LOMNICKY   170911 300  055000-055500   00     466.09  736.0    475.14     1.55    -9999
LOMNICKY   170911 300  055500-060000   00     463.65  735.9    472.45     0.97    -9999
LOMNICKY   170911 300  060000-060500   00     467.34  735.9    476.17     1.77    -9999
LOMNICKY   170911 300  060500-061000   00     466.38  735.8    474.91     1.50    -9999
LOMNICKY   170911 300  061000-061500   00     463.06  735.9    471.69     0.81    -9999
LOMNICKY   170911 300  061500-062000   00     466.30  735.8    474.83     1.48    -9999
LOMNICKY   170911 300  062000-062500   00     463.85  735.9    472.50     0.98    -9999
LOMNICKY   170911 300  062500-063000   00     466.90  735.9    475.89     1.71    -9999
LOMNICKY   170911 300  063000-063500   00     466.87  735.9    475.84     1.70    -9999
LOMNICKY   170911 300  063500-064000   00     468.47  736.0    477.66     2.09    -9999
LOMNICKY   170911 300  064000-064500   00     466.74  736.0    475.91     1.71    -9999
LOMNICKY   170911 300  064500-065000   00     466.39  736.0    475.61     1.65    -9999
LOMNICKY   170911 300  065000-065500   00     468.28  736.0    477.63     2.08    -9999
LOMNICKY   170911 300  065500-070000   00     468.48  736.1    477.89     2.14    -9999
LOMNICKY   170911 300  070000-070500   00     467.95  736.0    477.29     2.01    -9999
LOMNICKY   170911 300  070500-071000   00     466.87  735.9    475.82     1.69    -9999
LOMNICKY   170911 300  071000-071500   00     467.78  736.0    476.89     1.92    -9999
LOMNICKY   170911 300  071500-072000   00     466.89  735.9    475.89     1.71    -9999
LOMNICKY   170911 300  072000-072500   00     466.88  735.9    475.78     1.69    -9999
LOMNICKY   170911 300  072500-073000   00     467.15  735.8    475.77     1.68    -9999
LOMNICKY   170911 300  073000-073500   00     467.68  735.9    476.39     1.82    -9999
LOMNICKY   170911 300  073500-074000   00     465.11  735.8    473.70     1.24    -9999
LOMNICKY   170911 300  074000-074500   00     469.23  735.8    477.78     2.11    -9999
LOMNICKY   170911 300  074500-075000   00     470.18  735.8    478.58     2.28    -9999
LOMNICKY   170911 300  075000-075500   00     466.87  735.8    475.29     1.58    -9999
LOMNICKY   170911 300  075500-080000   00     465.64  735.8    474.01     1.31    -9999
LOMNICKY   170911 300  080000-080500   00     468.67  735.8    477.14     1.98    -9999
LOMNICKY   170911 300  080500-081000   00     471.54  735.9    480.35     2.66    -9999
LOMNICKY   170911 300  081000-081500   00     469.77  736.0    479.02     2.38    -9999
LOMNICKY   170911 300  081500-082000   00     469.09  735.9    478.15     2.19    -9999
LOMNICKY   170911 300  082000-082500   00     467.72  736.1    477.14     1.98    -9999
LOMNICKY   170911 300  082500-083000   00     465.42  736.1    474.93     1.50    -9999
LOMNICKY   170911 300  083000-083500   00     466.17  736.1    475.80     1.69    -9999
LOMNICKY   170911 300  083500-084000   00     466.55  736.2    476.49     1.84    -9999
LOMNICKY   170911 300  084000-084500   00     467.97  736.1    477.39     2.03    -9999
LOMNICKY   170911 300  084500-085000   00     471.42  736.1    481.14     2.83    -9999
LOMNICKY   170911 300  085000-085500   00     465.14  736.2    474.86     1.49    -9999
LOMNICKY   170911 300  085500-090000   00     466.17  736.1    475.73     1.67    -9999
LOMNICKY   170911 300  090000-090500   00     468.69  736.2    478.70     2.31    -9999
LOMNICKY   170911 300  090500-091000   00     465.51  736.1    475.07     1.53    -9999
LOMNICKY   170911 300  091000-091500   00     467.06  736.2    476.76     1.89    -9999
LOMNICKY   170911 300  091500-092000   00     466.62  736.2    476.52     1.84    -9999
LOMNICKY   170911 300  092000-092500   00     465.10  736.3    475.25     1.57    -9999
LOMNICKY   170911 300  092500-093000   00     470.02  736.3    480.25     2.64    -9999
LOMNICKY   170911 300  093000-093500   00     468.26  736.4    478.83     2.34    -9999
LOMNICKY   170911 300  093500-094000   00     466.75  736.3    476.89     1.92    -9999
LOMNICKY   170911 300  094000-094500   00     466.78  736.1    476.42     1.82    -9999
LOMNICKY   170911 300  094500-095000   00     467.59  736.1    477.08     1.96    -9999
LOMNICKY   170911 300  095000-095500   00     470.60  736.1    480.37     2.67    -9999
LOMNICKY   170911 300  095500-100000   00     469.25  736.2    479.20     2.42    -9999
LOMNICKY   170911 300  100000-100500   00     464.86  736.1    474.35     1.38    -9999
LOMNICKY   170911 300  100500-101000   00     466.55  736.3    476.63     1.87    -9999
LOMNICKY   170911 300  101000-101500   00     466.19  736.3    476.27     1.79    -9999
LOMNICKY   170911 300  101500-102000   00     472.67  736.2    482.81     3.19    -9999
LOMNICKY   170911 300  102000-102500   00     466.21  736.3    476.43     1.82    -9999
LOMNICKY   170911 300  102500-103000   00     466.99  736.3    477.16     1.98    -9999
LOMNICKY   170911 300  103000-103500   00     466.73  736.3    477.04     1.95    -9999
LOMNICKY   170911 300  103500-104000   00     466.04  736.3    476.29     1.79    -9999
LOMNICKY   170911 300  104000-104500   00     466.25  736.3    476.40     1.82    -9999
LOMNICKY   170911 300  104500-105000   00     464.05  736.4    474.44     1.40    -9999
LOMNICKY   170911 300  105000-105500   00     464.46  736.3    474.66     1.45    -9999
LOMNICKY   170911 300  105500-110000   00     466.50  736.3    476.80     1.90    -9999
LOMNICKY   170911 300  110000-110500   00     463.22  736.3    473.39     1.17    -9999
LOMNICKY   170911 300  110500-111000   00     468.68  736.2    478.52     2.27    -9999
LOMNICKY   170911 300  111000-111500   00     465.07  736.3    475.38     1.60    -9999
LOMNICKY   170911 300  111500-112000   00     465.48  736.4    476.00     1.73    -9999
LOMNICKY   170911 300  112000-112500   00     465.69  736.3    476.01     1.73    -9999
LOMNICKY   170911 300  112500-113000   00     464.38  736.4    474.77     1.47    -9999
LOMNICKY   170911 300  113000-113500   00     461.72  736.4    472.14     0.91    -9999
LOMNICKY   170911 300  113500-114000   00     465.26  736.4    475.88     1.71    -9999
LOMNICKY   170911 300  114000-114500   00     464.90  736.4    475.46     1.62    -9999
LOMNICKY   170911 300  114500-115000   00     465.20  736.5    476.14     1.76    -9999
LOMNICKY   170911 300  115000-115500   00     464.09  736.4    474.59     1.43    -9999
LOMNICKY   170911 300  115500-120000   00     458.50  736.5    469.13     0.26    -9999
LOMNICKY   170911 3600 120000-130000   00     462.11  736.6    473.10     1.11    -9999
LOMNICKY   170911 3600 130000-140000   00     466.08  736.3    476.35     1.81    -9999
LOMNICKY   170911 3600 140000-150000   00     463.31  736.2    473.09     1.11    -9999
LOMNICKY   170911 3600 150000-160000   00     464.38  735.9    473.05     1.10    -9999
LOMNICKY   170911 3600 160000-170000   00     465.51  735.6    473.48     1.19    -9999
LOMNICKY   170911 3600 170000-180000   00     464.98  735.5    472.51     0.99    -9999
LOMNICKY   170911 3600 180000-190000   00     464.46  735.3    471.21     0.71    -9999
LOMNICKY   170911 3600 190000-200000   00     466.17  734.9    471.48     0.77    -9999
LOMNICKY   170911 3600 200000-210000   00     466.28  734.7    471.07     0.68    -9999
LOMNICKY   170911 3600 210000-220000   00     469.19  734.7    473.99     1.30    -9999
LOMNICKY   170911 3600 220000-230000   00     469.21  734.6    473.55     1.21    -9999
LOMNICKY   170911 3600 230000-240000   00     470.71  734.4    474.56     1.42    -9999
*
COMMENT UNIVERISTY OF OULU: FILE GENERATED FROM DATABASE AND OBTAINED FROM
COMMENT https://gle.oulu.fi at 2025-01-11 16:21:59 +00:00
COMMENT FOR HISTORICAL/ORIGINAL TEXT FILES SEE https://gle.oulu.fi/txtarchive/
COMMENT ORIGINAL AT https://gle.oulu.fi/txtarchive/GLE72/C072LMKS_cor.DAT
COMMENT DETRENDED DATA SHOW -9999 IF EQUAL TO INC% COLUMN 