SOUTH-POLE LATITUDE    -90       LONGITUDE     0         ALTITUDE    2820 M
SOUTH-POLE INSTRUMENT   3NM64    NEUTRON MONITOR     	
SOUTH-POLE STANDARD PRESSURE    680     mb     COEFFICIENT   -0.69     % / mb
SOUTH-POLE PRE-INCREASE BASELINE TIME INTERVAL    170910    140000-160000   UT
SOUTH-POLE PRE-INCREASE AVERAGE COUNTING RATE    309.56      COUNTS PER SECOND
SOUTH-POLE TIME INTERVALS    300         3600     
SOUTH-POLE SCALE FACTORS     1           1        
STATION    YYMMDD  SEC   TIME (UT)   CODE    UNCORR. PRESS.    CORR.    % INC.	DETRENDED
                         INTERVAL    TD      C/S     (mb)      C/S
SOUTH-POLE 170909 3600 000000-010000   00     291.70  682.9    298.11    -3.70    -9999
SOUTH-POLE 170909 3600 010000-020000   00     292.29  682.6    298.00    -3.74    -9999
SOUTH-POLE 170909 3600 020000-030000   00     291.89  682.1    296.61    -4.19    -9999
SOUTH-POLE 170909 3600 030000-040000   00     293.39  681.8    297.44    -3.92    -9999
SOUTH-POLE 170909 3600 040000-050000   00     293.59  681.6    297.32    -3.96    -9999
SOUTH-POLE 170909 3600 050000-060000   00     294.11  681.6    297.64    -3.85    -9999
SOUTH-POLE 170909 3600 060000-070000   00     295.13  681.2    297.91    -3.77    -9999
SOUTH-POLE 170909 3600 070000-080000   00     297.47  680.6    298.95    -3.43    -9999
SOUTH-POLE 170909 3600 080000-090000   00     299.06  680.2    299.73    -3.18    -9999
SOUTH-POLE 170909 3600 090000-100000   00     300.20  679.9    300.11    -3.05    -9999
SOUTH-POLE 170909 3600 100000-110000   00     300.70  679.8    300.38    -2.97    -9999
SOUTH-POLE 170909 3600 110000-120000   00     301.45  679.4    300.33    -2.98    -9999
SOUTH-POLE 170909 3600 120000-130000   00     302.36  679.0    300.21    -3.02    -9999
SOUTH-POLE 170909 3600 130000-140000   00     303.21  678.8    300.59    -2.90    -9999
SOUTH-POLE 170909 3600 140000-150000   00     303.21  678.3    299.52    -3.24    -9999
SOUTH-POLE 170909 3600 150000-160000   00     303.47  677.9    298.93    -3.44    -9999
SOUTH-POLE 170909 3600 160000-170000   00     304.54  677.4    298.89    -3.45    -9999
SOUTH-POLE 170909 3600 170000-180000   00     306.87  676.8    299.85    -3.14    -9999
SOUTH-POLE 170909 3600 180000-190000   00     308.75  676.1    300.10    -3.06    -9999
SOUTH-POLE 170909 3600 190000-200000   00     310.00  675.4    299.71    -3.18    -9999
SOUTH-POLE 170909 3600 200000-210000   00     312.47  674.9    300.91    -2.79    -9999
SOUTH-POLE 170909 3600 210000-220000   00     312.84  674.4    300.22    -3.02    -9999
SOUTH-POLE 170909 3600 220000-230000   00     312.32  674.2    299.30    -3.32    -9999
SOUTH-POLE 170909 3600 230000-240000   00     313.95  673.8    300.06    -3.07    -9999
SOUTH-POLE 170910 3600 000000-010000   00     315.27  673.4    300.30    -2.99    -9999
SOUTH-POLE 170910 3600 010000-020000   00     317.96  672.6    301.22    -2.70    -9999
SOUTH-POLE 170910 3600 020000-030000   00     320.18  672.1    302.02    -2.44    -9999
SOUTH-POLE 170910 3600 030000-040000   00     321.47  671.5    301.99    -2.45    -9999
SOUTH-POLE 170910 3600 040000-050000   00     324.00  671.0    303.34    -2.01    -9999
SOUTH-POLE 170910 3600 050000-060000   00     326.43  670.8    305.10    -1.44    -9999
SOUTH-POLE 170910 3600 060000-070000   00     327.79  670.6    305.79    -1.22    -9999
SOUTH-POLE 170910 3600 070000-080000   00     327.67  670.2    304.82    -1.53    -9999
SOUTH-POLE 170910 3600 080000-090000   00     329.11  669.8    305.25    -1.39    -9999
SOUTH-POLE 170910 3600 090000-100000   00     330.31  669.6    306.05    -1.14    -9999
SOUTH-POLE 170910 3600 100000-110000   00     331.50  669.6    306.99    -0.83    -9999
SOUTH-POLE 170910 3600 110000-120000   00     331.70  669.5    307.07    -0.81    -9999
SOUTH-POLE 170910 300  120000-120500   00     332.90  669.5    308.04    -0.49    -9999
SOUTH-POLE 170910 300  120500-121000   00     333.98  669.5    309.06    -0.16    -9999
SOUTH-POLE 170910 300  121000-121500   00     334.33  669.4    309.33    -0.08    -9999
SOUTH-POLE 170910 300  121500-122000   00     332.68  669.4    307.70    -0.60    -9999
SOUTH-POLE 170910 300  122000-122500   00     334.10  669.4    309.12    -0.14    -9999
SOUTH-POLE 170910 300  122500-123000   00     334.08  669.4    309.09    -0.15    -9999
SOUTH-POLE 170910 300  123000-123500   00     333.84  669.4    308.77    -0.26    -9999
SOUTH-POLE 170910 300  123500-124000   00     332.38  669.4    307.37    -0.71    -9999
SOUTH-POLE 170910 300  124000-124500   00     331.39  669.4    306.60    -0.96    -9999
SOUTH-POLE 170910 300  124500-125000   00     333.55  669.5    308.62    -0.30    -9999
SOUTH-POLE 170910 300  125000-125500   00     335.10  669.4    309.94     0.12    -9999
SOUTH-POLE 170910 300  125500-130000   00     333.30  669.4    308.36    -0.39    -9999
SOUTH-POLE 170910 300  130000-130500   00     334.01  669.5    309.17    -0.13    -9999
SOUTH-POLE 170910 300  130500-131000   00     335.30  669.6    310.50     0.30    -9999
SOUTH-POLE 170910 300  131000-131500   00     333.50  669.6    308.99    -0.18    -9999
SOUTH-POLE 170910 300  131500-132000   00     334.31  669.7    309.92     0.11    -9999
SOUTH-POLE 170910 300  132000-132500   00     335.32  669.8    311.04     0.48    -9999
SOUTH-POLE 170910 300  132500-133000   00     333.19  669.9    309.20    -0.12    -9999
SOUTH-POLE 170910 300  133000-133500   00     332.17  669.9    308.29    -0.41    -9999
SOUTH-POLE 170910 300  133500-134000   00     333.07  669.8    309.07    -0.16    -9999
SOUTH-POLE 170910 300  134000-134500   00     332.21  669.8    308.21    -0.44    -9999
SOUTH-POLE 170910 300  134500-135000   00     333.23  669.8    309.05    -0.17    -9999
SOUTH-POLE 170910 300  135000-135500   00     332.79  669.8    308.64    -0.30    -9999
SOUTH-POLE 170910 300  135500-140000   00     331.61  669.8    307.62    -0.63    -9999
SOUTH-POLE 170910 300  140000-140500   00     332.17  669.8    308.03    -0.49    -9999
SOUTH-POLE 170910 300  140500-141000   00     333.66  669.7    309.23    -0.11    -9999
SOUTH-POLE 170910 300  141000-141500   00     333.46  669.6    308.91    -0.21    -9999
SOUTH-POLE 170910 300  141500-142000   00     333.36  669.6    308.73    -0.27    -9999
SOUTH-POLE 170910 300  142000-142500   00     334.32  669.5    309.43    -0.04    -9999
SOUTH-POLE 170910 300  142500-143000   00     335.36  669.5    310.36     0.26    -9999
SOUTH-POLE 170910 300  143000-143500   00     333.84  669.4    308.79    -0.25    -9999
SOUTH-POLE 170910 300  143500-144000   00     333.56  669.4    308.60    -0.31    -9999
SOUTH-POLE 170910 300  144000-144500   00     332.71  669.5    307.93    -0.53    -9999
SOUTH-POLE 170910 300  144500-145000   00     335.77  669.6    310.94     0.44    -9999
SOUTH-POLE 170910 300  145000-145500   00     334.78  669.6    310.03     0.15    -9999
SOUTH-POLE 170910 300  145500-150000   00     332.71  669.5    308.06    -0.49    -9999
SOUTH-POLE 170910 300  150000-150500   00     335.39  669.6    310.56     0.32    -9999
SOUTH-POLE 170910 300  150500-151000   00     334.79  669.5    309.98     0.13    -9999
SOUTH-POLE 170910 300  151000-151500   00     335.16  669.5    310.24     0.22    -9999
SOUTH-POLE 170910 300  151500-152000   00     333.92  669.5    309.13    -0.14    -9999
SOUTH-POLE 170910 300  152000-152500   00     333.53  669.6    308.89    -0.22    -9999
SOUTH-POLE 170910 300  152500-153000   00     334.53  669.6    309.89     0.10    -9999
SOUTH-POLE 170910 300  153000-153500   00     335.65  669.6    310.86     0.42    -9999
SOUTH-POLE 170910 300  153500-154000   00     333.18  669.5    308.43    -0.37    -9999
SOUTH-POLE 170910 300  154000-154500   00     334.47  669.4    309.44    -0.04    -9999
SOUTH-POLE 170910 300  154500-155000   00     335.36  669.4    310.18     0.20    -9999
SOUTH-POLE 170910 300  155000-155500   00     336.12  669.4    310.88     0.42    -9999
SOUTH-POLE 170910 300  155500-160000   00     337.28  669.4    312.03     0.80    -9999
SOUTH-POLE 170910 300  160000-160500   00     334.19  669.5    309.26    -0.10    -0.31
SOUTH-POLE 170910 300  160500-161000   00     334.68  669.5    309.88     0.10    -0.13
SOUTH-POLE 170910 300  161000-161500   00     336.90  669.5    311.79     0.72     0.47
SOUTH-POLE 170910 300  161500-162000   00     335.66  669.4    310.51     0.31     0.04
SOUTH-POLE 170910 300  162000-162500   00     337.34  669.5    312.21     0.86     0.58
SOUTH-POLE 170910 300  162500-163000   00     336.64  669.5    311.57     0.65     0.35
SOUTH-POLE 170910 300  163000-163500   00     338.54  669.4    313.14     1.16     0.84
SOUTH-POLE 170910 300  163500-164000   00     339.31  669.5    314.02     1.44     1.11
SOUTH-POLE 170910 300  164000-164500   00     341.43  669.5    316.00     2.08     1.73
SOUTH-POLE 170910 300  164500-165000   00     341.05  669.5    315.66     1.97     1.60
SOUTH-POLE 170910 300  165000-165500   00     343.63  669.5    318.06     2.75     2.37
SOUTH-POLE 170910 300  165500-170000   00     346.99  669.5    321.09     3.72     3.32
SOUTH-POLE 170910 300  170000-170500   00     348.09  669.4    322.04     4.03     3.62
SOUTH-POLE 170910 300  170500-171000   00     346.79  669.4    320.79     3.62     3.19
SOUTH-POLE 170910 300  171000-171500   00     350.69  669.4    324.39     4.79     4.34
SOUTH-POLE 170910 300  171500-172000   00     348.07  669.4    321.87     3.98     3.52
SOUTH-POLE 170910 300  172000-172500   00     351.41  669.4    324.94     4.97     4.49
SOUTH-POLE 170910 300  172500-173000   00     351.33  669.4    325.00     4.99     4.50
SOUTH-POLE 170910 300  173000-173500   00     350.16  669.4    323.92     4.64     4.13
SOUTH-POLE 170910 300  173500-174000   00     349.90  669.4    323.66     4.55     4.03
SOUTH-POLE 170910 300  174000-174500   00     349.65  669.5    323.54     4.51     3.97
SOUTH-POLE 170910 300  174500-175000   00     351.88  669.5    325.76     5.23     4.68
SOUTH-POLE 170910 300  175000-175500   00     352.16  669.5    325.93     5.29     4.72
SOUTH-POLE 170910 300  175500-180000   00     352.81  669.4    326.30     5.41     4.83
SOUTH-POLE 170910 300  180000-180500   00     350.64  669.3    324.17     4.72     4.12
SOUTH-POLE 170910 300  180500-181000   00     353.38  669.2    326.47     5.46     4.85
SOUTH-POLE 170910 300  181000-181500   00     353.12  669.2    326.24     5.39     4.76
SOUTH-POLE 170910 300  181500-182000   00     352.48  669.3    325.84     5.26     4.62
SOUTH-POLE 170910 300  182000-182500   00     350.85  669.4    324.42     4.80     4.14
SOUTH-POLE 170910 300  182500-183000   00     352.69  669.4    326.08     5.34     4.67
SOUTH-POLE 170910 300  183000-183500   00     353.21  669.3    326.48     5.46     4.78
SOUTH-POLE 170910 300  183500-184000   00     354.25  669.3    327.34     5.74     5.04
SOUTH-POLE 170910 300  184000-184500   00     351.55  669.2    324.68     4.88     4.17
SOUTH-POLE 170910 300  184500-185000   00     351.64  669.2    324.84     4.93     4.20
SOUTH-POLE 170910 300  185000-185500   00     352.31  669.2    325.45     5.13     4.39
SOUTH-POLE 170910 300  185500-190000   00     353.21  669.2    326.11     5.34     4.59
SOUTH-POLE 170910 300  190000-190500   00     352.69  669.1    325.55     5.16     4.39
SOUTH-POLE 170910 300  190500-191000   00     350.44  669.2    323.70     4.56     3.78
SOUTH-POLE 170910 300  191000-191500   00     349.23  669.2    322.58     4.21     3.42
SOUTH-POLE 170910 300  191500-192000   00     351.52  669.2    324.73     4.90     4.09
SOUTH-POLE 170910 300  192000-192500   00     349.44  669.3    322.92     4.31     3.49
SOUTH-POLE 170910 300  192500-193000   00     348.09  669.3    321.82     3.96     3.13
SOUTH-POLE 170910 300  193000-193500   00     351.69  669.4    325.17     5.04     4.20
SOUTH-POLE 170910 300  193500-194000   00     352.34  669.3    325.75     5.23     4.37
SOUTH-POLE 170910 300  194000-194500   00     350.36  669.4    324.01     4.67     3.80
SOUTH-POLE 170910 300  194500-195000   00     349.85  669.4    323.66     4.55     3.67
SOUTH-POLE 170910 300  195000-195500   00     350.39  669.4    324.11     4.70     3.81
SOUTH-POLE 170910 300  195500-200000   00     349.99  669.4    323.83     4.61     3.70
SOUTH-POLE 170910 300  200000-200500   00     350.58  669.5    324.49     4.82     3.90
SOUTH-POLE 170910 300  200500-201000   00     347.51  669.5    321.58     3.88     2.95
SOUTH-POLE 170910 300  201000-201500   00     351.25  669.5    325.06     5.00     4.06
SOUTH-POLE 170910 300  201500-202000   00     347.21  669.5    321.47     3.85     2.90
SOUTH-POLE 170910 300  202000-202500   00     348.68  669.5    322.81     4.28     3.32
SOUTH-POLE 170910 300  202500-203000   00     348.16  669.5    322.20     4.08     3.10
SOUTH-POLE 170910 300  203000-203500   00     351.65  669.4    325.36     5.10     4.11
SOUTH-POLE 170910 300  203500-204000   00     349.35  669.5    323.25     4.42     3.42
SOUTH-POLE 170910 300  204000-204500   00     348.04  669.5    322.10     4.05     3.04
SOUTH-POLE 170910 300  204500-205000   00     349.92  669.5    323.85     4.62     3.60
SOUTH-POLE 170910 300  205000-205500   00     352.82  669.6    326.79     5.57     4.54
SOUTH-POLE 170910 300  205500-210000   00     349.01  669.6    323.22     4.41     3.37
SOUTH-POLE 170910 300  210000-210500   00     352.20  669.5    326.05     5.32     4.27
SOUTH-POLE 170910 300  210500-211000   00     352.87  669.5    326.52     5.48     4.42
SOUTH-POLE 170910 300  211000-211500   00     351.79  669.4    325.44     5.13     4.06
SOUTH-POLE 170910 300  211500-212000   00     349.67  669.4    323.39     4.47     3.39
SOUTH-POLE 170910 300  212000-212500   00     349.03  669.4    322.94     4.32     3.23
SOUTH-POLE 170910 300  212500-213000   00     346.46  669.6    320.84     3.64     2.54
SOUTH-POLE 170910 300  213000-213500   00     346.18  669.7    320.82     3.64     2.53
SOUTH-POLE 170910 300  213500-214000   00     346.39  669.7    321.07     3.72     2.60
SOUTH-POLE 170910 300  214000-214500   00     350.33  669.6    324.62     4.86     3.73
SOUTH-POLE 170910 300  214500-215000   00     349.68  669.7    324.03     4.67     3.53
SOUTH-POLE 170910 300  215000-215500   00     347.70  669.6    322.14     4.06     2.91
SOUTH-POLE 170910 300  215500-220000   00     346.96  669.7    321.54     3.87     2.71
SOUTH-POLE 170910 300  220000-220500   00     349.00  669.6    323.39     4.47     3.30
SOUTH-POLE 170910 300  220500-221000   00     348.26  669.6    322.48     4.17     2.99
SOUTH-POLE 170910 300  221000-221500   00     350.44  669.6    324.55     4.84     3.65
SOUTH-POLE 170910 300  221500-222000   00     347.19  669.6    321.70     3.92     2.72
SOUTH-POLE 170910 300  222000-222500   00     347.44  669.7    321.98     4.01     2.80
SOUTH-POLE 170910 300  222500-223000   00     347.57  669.7    322.13     4.06     2.84
SOUTH-POLE 170910 300  223000-223500   00     347.59  669.7    322.19     4.08     2.86
SOUTH-POLE 170910 300  223500-224000   00     348.70  669.7    323.12     4.38     3.15
SOUTH-POLE 170910 300  224000-224500   00     348.58  669.6    322.99     4.34     3.10
SOUTH-POLE 170910 300  224500-225000   00     347.45  669.7    322.02     4.02     2.77
SOUTH-POLE 170910 300  225000-225500   00     349.41  669.7    323.94     4.65     3.39
SOUTH-POLE 170910 300  225500-230000   00     347.74  669.8    322.54     4.19     2.92
SOUTH-POLE 170910 300  230000-230500   00     347.73  669.8    322.55     4.20     2.93
SOUTH-POLE 170910 300  230500-231000   00     345.06  669.7    319.82     3.31     2.03
SOUTH-POLE 170910 300  231000-231500   00     348.57  669.7    323.03     4.35     3.06
SOUTH-POLE 170910 300  231500-232000   00     343.46  669.7    318.32     2.83     1.53
SOUTH-POLE 170910 300  232000-232500   00     348.26  669.7    322.90     4.31     3.01
SOUTH-POLE 170910 300  232500-233000   00     345.85  669.8    320.74     3.61     2.30
SOUTH-POLE 170910 300  233000-233500   00     348.21  669.8    322.99     4.34     3.02
SOUTH-POLE 170910 300  233500-234000   00     347.81  669.8    322.74     4.26     2.93
SOUTH-POLE 170910 300  234000-234500   00     345.07  669.9    320.40     3.50     2.17
SOUTH-POLE 170910 300  234500-235000   00     343.06  670.0    318.65     2.93     1.59
SOUTH-POLE 170910 300  235000-235500   00     344.07  670.0    319.56     3.23     1.88
SOUTH-POLE 170910 300  235500-240000   00     346.01  670.0    321.41     3.83     2.48
SOUTH-POLE 170911 300  000000-000500   00     342.08  669.9    317.59     2.59     1.23
SOUTH-POLE 170911 300  000500-001000   00     343.66  669.8    318.92     3.02     1.65
SOUTH-POLE 170911 300  001000-001500   00     342.62  669.9    318.04     2.74     1.37
SOUTH-POLE 170911 300  001500-002000   00     343.28  669.9    318.66     2.94     1.56
SOUTH-POLE 170911 300  002000-002500   00     341.96  669.9    317.44     2.55     1.17
SOUTH-POLE 170911 300  002500-003000   00     342.88  669.9    318.31     2.82     1.43
SOUTH-POLE 170911 300  003000-003500   00     343.85  669.9    319.18     3.11     1.71
SOUTH-POLE 170911 300  003500-004000   00     342.62  670.0    318.23     2.80     1.40
SOUTH-POLE 170911 300  004000-004500   00     343.10  670.1    318.96     3.03     1.62
SOUTH-POLE 170911 300  004500-005000   00     342.22  670.1    318.18     2.78     1.37
SOUTH-POLE 170911 300  005000-005500   00     342.57  670.1    318.46     2.87     1.45
SOUTH-POLE 170911 300  005500-010000   00     340.25  670.1    316.33     2.19     0.77
SOUTH-POLE 170911 300  010000-010500   00     338.73  670.2    315.16     1.81     0.38
SOUTH-POLE 170911 300  010500-011000   00     342.76  670.3    319.12     3.09     1.66
SOUTH-POLE 170911 300  011000-011500   00     339.41  670.3    316.04     2.09     0.65
SOUTH-POLE 170911 300  011500-012000   00     340.15  670.3    316.76     2.32     0.88
SOUTH-POLE 170911 300  012000-012500   00     340.10  670.2    316.54     2.25     0.80
SOUTH-POLE 170911 300  012500-013000   00     339.25  670.3    315.77     2.00     0.55
SOUTH-POLE 170911 300  013000-013500   00     338.00  670.3    314.67     1.65     0.19
SOUTH-POLE 170911 300  013500-014000   00     338.04  670.3    314.79     1.69     0.23
SOUTH-POLE 170911 300  014000-014500   00     340.12  670.3    316.69     2.30     0.83
SOUTH-POLE 170911 300  014500-015000   00     338.18  670.4    315.05     1.77     0.30
SOUTH-POLE 170911 300  015000-015500   00     337.59  670.4    314.45     1.58     0.11
SOUTH-POLE 170911 300  015500-020000   00     336.29  670.3    313.14     1.16    -0.32
SOUTH-POLE 170911 300  020000-020500   00     338.91  670.3    315.49     1.92     0.44
SOUTH-POLE 170911 300  020500-021000   00     341.45  670.3    317.88     2.69     1.20
SOUTH-POLE 170911 300  021000-021500   00     338.24  670.3    314.99     1.75     0.26
SOUTH-POLE 170911 300  021500-022000   00     337.28  670.4    314.16     1.48    -0.01
SOUTH-POLE 170911 300  022000-022500   00     339.78  670.4    316.58     2.27     0.77
SOUTH-POLE 170911 300  022500-023000   00     339.51  670.4    316.37     2.20     0.70
SOUTH-POLE 170911 300  023000-023500   00     338.00  670.4    314.95     1.74     0.24
SOUTH-POLE 170911 300  023500-024000   00     337.19  670.5    314.34     1.54     0.03
SOUTH-POLE 170911 300  024000-024500   00     339.16  670.5    316.30     2.17     0.66
SOUTH-POLE 170911 300  024500-025000   00     338.65  670.6    315.97     2.07     0.56
SOUTH-POLE 170911 300  025000-025500   00     337.00  670.6    314.59     1.62     0.11
SOUTH-POLE 170911 300  025500-030000   00     336.14  670.7    313.84     1.38    -0.14
SOUTH-POLE 170911 300  030000-030500   00     334.35  670.6    312.09     0.82    -0.70
SOUTH-POLE 170911 300  030500-031000   00     336.56  670.7    314.24     1.51    -0.01
SOUTH-POLE 170911 300  031000-031500   00     337.02  670.7    314.64     1.64     0.12
SOUTH-POLE 170911 300  031500-032000   00     336.98  670.7    314.76     1.68     0.15
SOUTH-POLE 170911 300  032000-032500   00     334.53  670.9    312.78     1.04    -0.49
SOUTH-POLE 170911 300  032500-033000   00     336.79  671.0    315.15     1.80     0.27
SOUTH-POLE 170911 300  033000-033500   00     335.95  671.0    314.34     1.54     0.01
SOUTH-POLE 170911 300  033500-034000   00     335.63  671.0    314.19     1.49    -0.04
SOUTH-POLE 170911 300  034000-034500   00     336.09  671.1    314.70     1.66     0.13
SOUTH-POLE 170911 300  034500-035000   00     334.83  671.0    313.40     1.24    -0.30
SOUTH-POLE 170911 300  035000-035500   00     335.53  670.9    313.88     1.39    -0.15
SOUTH-POLE 170911 300  035500-040000   00     338.77  670.9    316.75     2.32     0.78
SOUTH-POLE 170911 300  040000-040500   00     334.95  670.8    313.11     1.15    -0.39
SOUTH-POLE 170911 300  040500-041000   00     336.10  670.8    314.15     1.48    -0.06
SOUTH-POLE 170911 300  041000-041500   00     335.45  670.9    313.70     1.34    -0.20
SOUTH-POLE 170911 300  041500-042000   00     336.57  670.9    314.76     1.68     0.14
SOUTH-POLE 170911 300  042000-042500   00     334.90  670.9    313.20     1.17    -0.37
SOUTH-POLE 170911 300  042500-043000   00     337.45  670.9    315.49     1.91     0.37
SOUTH-POLE 170911 300  043000-043500   00     338.39  670.8    316.23     2.15     0.61
SOUTH-POLE 170911 300  043500-044000   00     336.41  670.8    314.30     1.53    -0.01
SOUTH-POLE 170911 300  044000-044500   00     336.97  670.7    314.79     1.69     0.15
SOUTH-POLE 170911 300  044500-045000   00     335.44  670.7    313.34     1.22    -0.32
SOUTH-POLE 170911 300  045000-045500   00     334.93  670.7    312.85     1.06    -0.48
SOUTH-POLE 170911 300  045500-050000   00     336.10  670.8    314.00     1.43    -0.11
SOUTH-POLE 170911 300  050000-050500   00     335.72  670.8    313.75     1.35    -0.19
SOUTH-POLE 170911 300  050500-051000   00     335.73  670.7    313.58     1.30    -0.24
SOUTH-POLE 170911 300  051000-051500   00     338.06  670.7    315.65     1.96     0.42
SOUTH-POLE 170911 300  051500-052000   00     334.60  670.7    312.40     0.92    -0.62
SOUTH-POLE 170911 300  052000-052500   00     334.78  670.7    312.61     0.98    -0.56
SOUTH-POLE 170911 300  052500-053000   00     335.54  670.7    313.45     1.26    -0.28
SOUTH-POLE 170911 300  053000-053500   00     336.56  670.8    314.52     1.60     0.06
SOUTH-POLE 170911 300  053500-054000   00     336.66  670.9    314.77     1.68     0.14
SOUTH-POLE 170911 300  054000-054500   00     338.46  670.9    316.64     2.29     0.75
SOUTH-POLE 170911 300  054500-055000   00     335.54  671.0    314.05     1.45    -0.08
SOUTH-POLE 170911 300  055000-055500   00     334.99  671.0    313.42     1.25    -0.28
SOUTH-POLE 170911 300  055500-060000   00     336.73  670.9    314.97     1.74     0.21
SOUTH-POLE 170911 300  060000-060500   00     336.04  671.0    314.44     1.58     0.05
SOUTH-POLE 170911 300  060500-061000   00     334.17  671.0    312.77     1.03    -0.50
SOUTH-POLE 170911 300  061000-061500   00     335.65  671.1    314.32     1.54     0.01
SOUTH-POLE 170911 300  061500-062000   00     336.23  671.1    314.96     1.74     0.22
SOUTH-POLE 170911 300  062000-062500   00     337.24  671.1    315.86     2.03     0.51
SOUTH-POLE 170911 300  062500-063000   00     335.89  671.1    314.65     1.64     0.12
SOUTH-POLE 170911 300  063000-063500   00     334.98  671.1    313.76     1.36    -0.16
SOUTH-POLE 170911 300  063500-064000   00     334.41  671.1    313.22     1.18    -0.34
SOUTH-POLE 170911 300  064000-064500   00     338.47  671.1    317.05     2.42     0.91
SOUTH-POLE 170911 300  064500-065000   00     336.29  671.1    314.95     1.74     0.23
SOUTH-POLE 170911 300  065000-065500   00     333.47  671.1    312.30     0.88    -0.63
SOUTH-POLE 170911 300  065500-070000   00     336.99  671.1    315.62     1.96     0.46
SOUTH-POLE 170911 300  070000-070500   00     336.04  671.1    314.79     1.69     0.19
SOUTH-POLE 170911 300  070500-071000   00     338.52  671.1    317.16     2.45     0.95
SOUTH-POLE 170911 300  071000-071500   00     333.56  671.2    312.55     0.97    -0.52
SOUTH-POLE 170911 300  071500-072000   00     338.90  671.2    317.69     2.62     1.13
SOUTH-POLE 170911 300  072000-072500   00     336.92  671.2    315.90     2.05     0.56
SOUTH-POLE 170911 300  072500-073000   00     333.98  671.2    313.14     1.15    -0.33
SOUTH-POLE 170911 300  073000-073500   00     336.49  671.3    315.54     1.93     0.45
SOUTH-POLE 170911 300  073500-074000   00     332.19  671.3    311.62     0.66    -0.82
SOUTH-POLE 170911 300  074000-074500   00     336.12  671.3    315.27     1.84     0.37
SOUTH-POLE 170911 300  074500-075000   00     335.36  671.2    314.32     1.54     0.07
SOUTH-POLE 170911 300  075000-075500   00     336.24  671.1    314.94     1.74     0.28
SOUTH-POLE 170911 300  075500-080000   00     336.95  671.1    315.58     1.94     0.48
SOUTH-POLE 170911 300  080000-080500   00     335.48  671.1    314.20     1.50     0.04
SOUTH-POLE 170911 300  080500-081000   00     334.26  671.1    313.12     1.15    -9999
SOUTH-POLE 170911 300  081000-081500   00     336.46  671.2    315.33     1.86    -9999
SOUTH-POLE 170911 300  081500-082000   00     336.34  671.3    315.38     1.88    -9999
SOUTH-POLE 170911 300  082000-082500   00     334.44  671.3    313.74     1.35    -9999
SOUTH-POLE 170911 300  082500-083000   00     332.69  671.4    312.21     0.86    -9999
SOUTH-POLE 170911 300  083000-083500   00     333.86  671.4    313.29     1.20    -9999
SOUTH-POLE 170911 300  083500-084000   00     333.09  671.3    312.48     0.94    -9999
SOUTH-POLE 170911 300  084000-084500   00     334.22  671.4    313.65     1.32    -9999
SOUTH-POLE 170911 300  084500-085000   00     332.29  671.5    312.09     0.81    -9999
SOUTH-POLE 170911 300  085000-085500   00     333.27  671.5    313.04     1.12    -9999
SOUTH-POLE 170911 300  085500-090000   00     332.65  671.5    312.52     0.95    -9999
SOUTH-POLE 170911 300  090000-090500   00     332.85  671.5    312.70     1.01    -9999
SOUTH-POLE 170911 300  090500-091000   00     329.42  671.5    309.46    -0.04    -9999
SOUTH-POLE 170911 300  091000-091500   00     332.66  671.5    312.54     0.96    -9999
SOUTH-POLE 170911 300  091500-092000   00     334.52  671.5    314.32     1.54    -9999
SOUTH-POLE 170911 300  092000-092500   00     332.46  671.5    312.40     0.91    -9999
SOUTH-POLE 170911 300  092500-093000   00     331.22  671.6    311.30     0.56    -9999
SOUTH-POLE 170911 300  093000-093500   00     331.75  671.6    311.78     0.72    -9999
SOUTH-POLE 170911 300  093500-094000   00     333.65  671.6    313.61     1.31    -9999
SOUTH-POLE 170911 300  094000-094500   00     333.40  671.6    313.36     1.22    -9999
SOUTH-POLE 170911 300  094500-095000   00     328.70  671.6    308.92    -0.21    -9999
SOUTH-POLE 170911 300  095000-095500   00     333.76  671.6    313.79     1.36    -9999
SOUTH-POLE 170911 300  095500-100000   00     332.17  671.6    312.31     0.89    -9999
SOUTH-POLE 170911 300  100000-100500   00     332.74  671.6    312.81     1.05    -9999
SOUTH-POLE 170911 300  100500-101000   00     333.24  671.5    313.15     1.16    -9999
SOUTH-POLE 170911 300  101000-101500   00     332.02  671.5    312.01     0.79    -9999
SOUTH-POLE 170911 300  101500-102000   00     330.07  671.5    310.15     0.19    -9999
SOUTH-POLE 170911 300  102000-102500   00     332.19  671.5    312.16     0.84    -9999
SOUTH-POLE 170911 300  102500-103000   00     330.86  671.5    310.87     0.42    -9999
SOUTH-POLE 170911 300  103000-103500   00     333.43  671.5    313.30     1.21    -9999
SOUTH-POLE 170911 300  103500-104000   00     330.39  671.5    310.42     0.28    -9999
SOUTH-POLE 170911 300  104000-104500   00     332.65  671.5    312.48     0.94    -9999
SOUTH-POLE 170911 300  104500-105000   00     332.92  671.5    312.77     1.04    -9999
SOUTH-POLE 170911 300  105000-105500   00     332.22  671.6    312.31     0.89    -9999
SOUTH-POLE 170911 300  105500-110000   00     332.98  671.6    313.05     1.13    -9999
SOUTH-POLE 170911 300  110000-110500   00     332.97  671.6    313.04     1.12    -9999
SOUTH-POLE 170911 300  110500-111000   00     331.45  671.6    311.62     0.66    -9999
SOUTH-POLE 170911 300  111000-111500   00     332.79  671.6    312.76     1.03    -9999
SOUTH-POLE 170911 300  111500-112000   00     334.97  671.5    314.71     1.66    -9999
SOUTH-POLE 170911 300  112000-112500   00     336.17  671.5    315.80     2.01    -9999
SOUTH-POLE 170911 300  112500-113000   00     333.97  671.5    313.66     1.32    -9999
SOUTH-POLE 170911 300  113000-113500   00     333.33  671.5    313.02     1.12    -9999
SOUTH-POLE 170911 300  113500-114000   00     335.97  671.5    315.59     1.95    -9999
SOUTH-POLE 170911 300  114000-114500   00     332.86  671.5    312.70     1.01    -9999
SOUTH-POLE 170911 300  114500-115000   00     333.79  671.5    313.65     1.32    -9999
SOUTH-POLE 170911 300  115000-115500   00     333.49  671.6    313.42     1.24    -9999
SOUTH-POLE 170911 300  115500-120000   00     332.40  671.5    312.36     0.90    -9999
SOUTH-POLE 170911 3600 120000-130000   00     333.39  671.5    313.25     1.19    -9999
SOUTH-POLE 170911 3600 130000-140000   00     333.17  671.7    313.49     1.27    -9999
SOUTH-POLE 170911 3600 140000-150000   00     334.84  671.9    315.45     1.90    -9999
SOUTH-POLE 170911 3600 150000-160000   00     334.37  671.9    315.15     1.80    -9999
SOUTH-POLE 170911 3600 160000-170000   00     333.39  672.2    314.74     1.67    -9999
SOUTH-POLE 170911 3600 170000-180000   00     334.24  672.2    315.66     1.97    -9999
SOUTH-POLE 170911 3600 180000-190000   00     332.43  672.5    314.51     1.60    -9999
SOUTH-POLE 170911 3600 190000-200000   00     331.23  673.0    314.69     1.66    -9999
SOUTH-POLE 170911 3600 200000-210000   00     330.00  673.3    314.10     1.47    -9999
SOUTH-POLE 170911 3600 210000-220000   00     327.94  673.8    313.30     1.21    -9999
SOUTH-POLE 170911 3600 220000-230000   00     327.41  674.0    313.32     1.21    -9999
SOUTH-POLE 170911 3600 230000-240000   00     327.04  674.1    313.21     1.18    -9999
*
COMMENT UNIVERISTY OF OULU: FILE GENERATED FROM DATABASE AND OBTAINED FROM
COMMENT https://gle.oulu.fi at 2025-01-11 16:21:59 +00:00
COMMENT FOR HISTORICAL/ORIGINAL TEXT FILES SEE https://gle.oulu.fi/txtarchive/
COMMENT ORIGINAL AT https://gle.oulu.fi/txtarchive/GLE72/C072SOPO_cor.DAT
COMMENT DETRENDED DATA SHOW -9999 IF EQUAL TO INC% COLUMN 