SOPO-6NM64 LATITUDE    -90       LONGITUDE     0         ALTITUDE    2820 M
SOPO-6NM64 INSTRUMENT   6NM64b    NEUTRON MONITOR	
SOPO-6NM64 STANDARD PRESSURE    687.7   MB     COEFFICIENT   -0.75     % / MB
SOPO-6NM64 PRE-INCREASE BASELINE TIME INTERVAL    240510    233000-013000   UT
SOPO-6NM64 PRE-INCREASE AVERAGE COUNTING RATE    108.93      COUNTS PER SECOND
SOPO-6NM64 TIME INTERVALS    300         3600     
SOPO-6NM64 SCALE FACTORS     1           1        
STATION    YYMMDD  SEC   TIME (UT)   CODE    UNCORR. PRESS.    CORR.    % INC.	DETRENDED
                         INTERVAL    TD      C/S     (MB)      C/S
SOPO-6NM64 240510 3600 000000-010000   00     133.66  674.2    128.06    17.56    -9999
SOPO-6NM64 240510 3600 010000-020000   00     134.06  674.1    128.43    17.90    -9999
SOPO-6NM64 240510 3600 020000-030000   00     134.15  673.9    128.27    17.75    -9999
SOPO-6NM64 240510 3600 030000-040000   00     134.12  673.9    128.24    17.72    -9999
SOPO-6NM64 240510 3600 040000-050000   00     134.66  673.8    128.65    18.10    -9999
SOPO-6NM64 240510 3600 050000-060000   00     134.63  673.6    128.49    17.95    -9999
SOPO-6NM64 240510 3600 060000-070000   00     134.49  673.4    128.11    17.61    -9999
SOPO-6NM64 240510 3600 070000-080000   00     134.09  673.3    127.69    17.22    -9999
SOPO-6NM64 240510 3600 080000-090000   00     134.31  673.4    127.99    17.49    -9999
SOPO-6NM64 240510 3600 090000-100000   00     134.77  673.4    128.39    17.86    -9999
SOPO-6NM64 240510 3600 100000-110000   00     135.14  673.2    128.57    18.03    -9999
SOPO-6NM64 240510 3600 110000-120000   00     135.10  673.1    128.46    17.93    -9999
SOPO-6NM64 240510 3600 120000-130000   00     135.26  672.9    128.43    17.90    -9999
SOPO-6NM64 240510 3600 130000-140000   00     135.97  672.8    128.93    18.36    -9999
SOPO-6NM64 240510 3600 140000-150000   00     136.49  672.4    129.08    18.49    -9999
SOPO-6NM64 240510 3600 150000-160000   00     136.91  672.5    129.55    18.92    -9999
SOPO-6NM64 240510 3600 160000-170000   00     137.02  672.3    129.46    18.84    -9999
SOPO-6NM64 240510 3600 170000-180000   00     136.73  672.3    129.18    18.59    -9999
SOPO-6NM64 240510 3600 180000-190000   00     132.88  671.9    125.18    14.92    -9999
SOPO-6NM64 240510 3600 190000-200000   00     132.00  671.9    124.41    14.21    -9999
SOPO-6NM64 240510 3600 200000-210000   00     126.72  671.8    119.33     9.55    -9999
SOPO-6NM64 240510 300  210000-210500   00     124.14  671.5    116.66     7.10    -9999
SOPO-6NM64 240510 300  210500-211000   00     121.63  671.5    114.27     4.90    -9999
SOPO-6NM64 240510 300  211000-211500   00     121.08  671.5    113.74     4.42    -9999
SOPO-6NM64 240510 300  211500-212000   00     121.97  671.5    114.59     5.19    -9999
SOPO-6NM64 240510 300  212000-212500   00     122.87  671.5    115.43     5.97    -9999
SOPO-6NM64 240510 300  212500-213000   00     121.79  671.5    114.39     5.01    -9999
SOPO-6NM64 240510 300  213000-213500   00     122.00  671.5    114.57     5.18    -9999
SOPO-6NM64 240510 300  213500-214000   00     121.29  671.5    113.94     4.60    -9999
SOPO-6NM64 240510 300  214000-214500   00     122.01  671.5    114.63     5.23    -9999
SOPO-6NM64 240510 300  214500-215000   00     120.42  671.6    113.20     3.92    -9999
SOPO-6NM64 240510 300  215000-215500   00     121.02  671.6    113.76     4.44    -9999
SOPO-6NM64 240510 300  215500-220000   00     121.09  671.6    113.81     4.47    -9999
SOPO-6NM64 240510 300  220000-220500   00     121.65  671.6    114.32     4.95    -9999
SOPO-6NM64 240510 300  220500-221000   00     121.66  671.6    114.34     4.96    -9999
SOPO-6NM64 240510 300  221000-221500   00     121.67  671.6    114.39     5.01    -9999
SOPO-6NM64 240510 300  221500-222000   00     120.40  671.7    113.26     3.97    -9999
SOPO-6NM64 240510 300  222000-222500   00     119.68  671.7    112.62     3.39    -9999
SOPO-6NM64 240510 300  222500-223000   00     119.60  671.8    112.56     3.33    -9999
SOPO-6NM64 240510 300  223000-223500   00     120.74  671.7    113.60     4.29    -9999
SOPO-6NM64 240510 300  223500-224000   00     120.66  671.7    113.50     4.19    -9999
SOPO-6NM64 240510 300  224000-224500   00     119.49  671.7    112.39     3.18    -9999
SOPO-6NM64 240510 300  224500-225000   00     119.55  671.7    112.46     3.24    -9999
SOPO-6NM64 240510 300  225000-225500   00     119.72  671.7    112.60     3.37    -9999
SOPO-6NM64 240510 300  225500-230000   00     120.54  671.6    113.31     4.02    -9999
SOPO-6NM64 240510 300  230000-230500   00     119.30  671.5    112.09     2.90    -9999
SOPO-6NM64 240510 300  230500-231000   00     118.54  671.5    111.33     2.20    -9999
SOPO-6NM64 240510 300  231000-231500   00     118.39  671.4    111.13     2.02    -9999
SOPO-6NM64 240510 300  231500-232000   00     118.85  671.4    111.53     2.39    -9999
SOPO-6NM64 240510 300  232000-232500   00     118.12  671.3    110.80     1.71    -9999
SOPO-6NM64 240510 300  232500-233000   00     116.57  671.3    109.33     0.37    -9999
SOPO-6NM64 240510 300  233000-233500   00     115.08  671.3    107.96    -0.89    -9999
SOPO-6NM64 240510 300  233500-234000   00     115.52  671.3    108.39    -0.50    -9999
SOPO-6NM64 240510 300  234000-234500   00     116.87  671.3    109.62     0.64    -9999
SOPO-6NM64 240510 300  234500-235000   00     114.77  671.2    107.60    -1.22    -9999
SOPO-6NM64 240510 300  235000-235500   00     114.83  671.2    107.65    -1.18    -9999
SOPO-6NM64 240510 300  235500-240000   00     115.13  671.2    107.91    -0.93    -9999
SOPO-6NM64 240511 300  000000-000500   00     116.17  671.2    108.88    -0.05    -9999
SOPO-6NM64 240511 300  000500-001000   00     115.06  671.2    107.82    -1.02    -9999
SOPO-6NM64 240511 300  001000-001500   00     116.01  671.1    108.67    -0.24    -9999
SOPO-6NM64 240511 300  001500-002000   00     115.96  671.1    108.64    -0.26    -9999
SOPO-6NM64 240511 300  002000-002500   00     115.82  671.2    108.55    -0.35    -9999
SOPO-6NM64 240511 300  002500-003000   00     115.85  671.2    108.58    -0.32    -9999
SOPO-6NM64 240511 300  003000-003500   00     115.22  671.2    108.03    -0.83    -9999
SOPO-6NM64 240511 300  003500-004000   00     116.11  671.3    108.92    -0.01    -9999
SOPO-6NM64 240511 300  004000-004500   00     115.22  671.3    108.10    -0.77    -9999
SOPO-6NM64 240511 300  004500-005000   00     115.96  671.3    108.77    -0.15    -9999
SOPO-6NM64 240511 300  005000-005500   00     117.71  671.2    110.36     1.31    -9999
SOPO-6NM64 240511 300  005500-010000   00     115.70  671.2    108.42    -0.47    -9999
SOPO-6NM64 240511 300  010000-010500   00     117.49  671.1    110.06     1.04     0.56
SOPO-6NM64 240511 300  010500-011000   00     116.74  671.1    109.34     0.37    -0.13
SOPO-6NM64 240511 300  011000-011500   00     118.44  671.1    110.94     1.84     1.31
SOPO-6NM64 240511 300  011500-012000   00     118.61  671.1    111.07     1.96     1.40
SOPO-6NM64 240511 300  012000-012500   00     116.90  671.1    109.45     0.47    -0.11
SOPO-6NM64 240511 300  012500-013000   00     118.15  671.0    110.61     1.54     0.93
SOPO-6NM64 240511 300  013000-013500   00     117.67  671.1    110.18     1.14     0.50
SOPO-6NM64 240511 300  013500-014000   00     118.04  671.1    110.58     1.52     0.85
SOPO-6NM64 240511 300  014000-014500   00     117.56  671.1    110.14     1.11     0.42
SOPO-6NM64 240511 300  014500-015000   00     118.63  671.2    111.15     2.04     1.32
SOPO-6NM64 240511 300  015000-015500   00     118.38  671.2    110.94     1.84     1.09
SOPO-6NM64 240511 300  015500-020000   00     119.85  671.1    112.29     3.08     2.31
SOPO-6NM64 240511 300  020000-020500   00     120.38  671.1    112.78     3.53     2.73
SOPO-6NM64 240511 300  020500-021000   00     122.01  671.1    114.31     4.94     4.11
SOPO-6NM64 240511 300  021000-021500   00     121.10  671.2    113.48     4.17     3.32
SOPO-6NM64 240511 300  021500-022000   00     122.31  671.1    114.59     5.20     4.31
SOPO-6NM64 240511 300  022000-022500   00     123.92  671.2    116.13     6.61     5.69
SOPO-6NM64 240511 300  022500-023000   00     124.81  671.2    117.00     7.40     6.46
SOPO-6NM64 240511 300  023000-023500   00     125.65  671.2    117.78     8.12     7.16
SOPO-6NM64 240511 300  023500-024000   00     127.66  671.2    119.69     9.88     8.88
SOPO-6NM64 240511 300  024000-024500   00     126.80  671.3    118.93     9.18     8.16
SOPO-6NM64 240511 300  024500-025000   00     127.68  671.3    119.78     9.96     8.92
SOPO-6NM64 240511 300  025000-025500   00     127.01  671.3    119.16     9.39     8.32
SOPO-6NM64 240511 300  025500-030000   00     126.72  671.3    118.88     9.14     8.04
SOPO-6NM64 240511 300  030000-030500   00     127.28  671.3    119.41     9.62     8.50
SOPO-6NM64 240511 300  030500-031000   00     127.28  671.3    119.40     9.61     8.47
SOPO-6NM64 240511 300  031000-031500   00     127.39  671.3    119.46     9.66     8.50
SOPO-6NM64 240511 300  031500-032000   00     126.42  671.2    118.47     8.75     7.57
SOPO-6NM64 240511 300  032000-032500   00     124.94  671.1    117.02     7.42     6.21
SOPO-6NM64 240511 300  032500-033000   00     125.29  671.0    117.30     7.68     6.45
SOPO-6NM64 240511 300  033000-033500   00     125.59  671.0    117.56     7.92     6.66
SOPO-6NM64 240511 300  033500-034000   00     124.37  671.0    116.39     6.85     5.57
SOPO-6NM64 240511 300  034000-034500   00     125.08  670.9    117.02     7.43     6.13
SOPO-6NM64 240511 300  034500-035000   00     123.86  670.9    115.87     6.37     5.05
SOPO-6NM64 240511 300  035000-035500   00     123.09  670.9    115.13     5.69     4.35
SOPO-6NM64 240511 300  035500-040000   00     123.87  670.9    115.83     6.34     4.97
SOPO-6NM64 240511 300  040000-040500   00     124.46  670.9    116.37     6.83     5.43
SOPO-6NM64 240511 300  040500-041000   00     123.26  670.9    115.26     5.81     4.40
SOPO-6NM64 240511 300  041000-041500   00     122.90  670.8    114.85     5.44     4.00
SOPO-6NM64 240511 300  041500-042000   00     123.28  670.7    115.15     5.71     4.25
SOPO-6NM64 240511 300  042000-042500   00     123.94  670.7    115.74     6.25     4.77
SOPO-6NM64 240511 300  042500-043000   00     123.24  670.7    115.06     5.62     4.12
SOPO-6NM64 240511 300  043000-043500   00     124.80  670.6    116.50     6.94     5.42
SOPO-6NM64 240511 300  043500-044000   00     124.35  670.6    116.04     6.52     4.98
SOPO-6NM64 240511 300  044000-044500   00     125.40  670.6    117.04     7.44     5.87
SOPO-6NM64 240511 300  044500-045000   00     124.79  670.6    116.47     6.92     5.33
SOPO-6NM64 240511 300  045000-045500   00     124.05  670.6    115.79     6.29     4.69
SOPO-6NM64 240511 300  045500-050000   00     124.66  670.6    116.35     6.81     5.18
SOPO-6NM64 240511 300  050000-050500   00     126.12  670.6    117.72     8.07     6.41
SOPO-6NM64 240511 300  050500-051000   00     125.47  670.7    117.14     7.54     5.87
SOPO-6NM64 240511 300  051000-051500   00     124.02  670.7    115.84     6.34     4.65
SOPO-6NM64 240511 300  051500-052000   00     124.24  670.8    116.08     6.56     4.85
SOPO-6NM64 240511 300  052000-052500   00     124.44  670.8    116.26     6.73     4.99
SOPO-6NM64 240511 300  052500-053000   00     123.99  670.7    115.81     6.32     4.57
SOPO-6NM64 240511 300  053000-053500   00     125.20  670.7    116.94     7.36     5.58
SOPO-6NM64 240511 300  053500-054000   00     124.04  670.8    115.90     6.40     4.61
SOPO-6NM64 240511 300  054000-054500   00     124.33  670.8    116.19     6.66     4.85
SOPO-6NM64 240511 300  054500-055000   00     124.56  670.8    116.39     6.84     5.01
SOPO-6NM64 240511 300  055000-055500   00     124.82  670.8    116.62     7.06     5.21
SOPO-6NM64 240511 300  055500-060000   00     124.60  670.7    116.39     6.85     4.98
SOPO-6NM64 240511 300  060000-060500   00     124.22  670.7    116.01     6.49     4.61
SOPO-6NM64 240511 300  060500-061000   00     123.22  670.7    115.09     5.66     3.75
SOPO-6NM64 240511 300  061000-061500   00     123.15  670.7    115.01     5.58     3.65
SOPO-6NM64 240511 300  061500-062000   00     125.06  670.7    116.79     7.21     5.27
SOPO-6NM64 240511 300  062000-062500   00     124.99  670.7    116.70     7.13     5.17
SOPO-6NM64 240511 300  062500-063000   00     125.57  670.6    117.19     7.58     5.60
SOPO-6NM64 240511 300  063000-063500   00     124.15  670.6    115.86     6.36     4.36
SOPO-6NM64 240511 300  063500-064000   00     125.52  670.6    117.15     7.54     5.53
SOPO-6NM64 240511 300  064000-064500   00     125.32  670.6    116.98     7.39     5.36
SOPO-6NM64 240511 300  064500-065000   00     124.84  670.6    116.52     6.97     4.92
SOPO-6NM64 240511 300  065000-065500   00     125.11  670.6    116.76     7.19     5.12
SOPO-6NM64 240511 300  065500-070000   00     124.21  670.6    115.93     6.42     4.34
SOPO-6NM64 240511 300  070000-070500   00     124.79  670.6    116.42     6.88     4.78
SOPO-6NM64 240511 300  070500-071000   00     125.41  670.6    116.99     7.40     5.28
SOPO-6NM64 240511 300  071000-071500   00     125.50  670.5    117.04     7.44     5.31
SOPO-6NM64 240511 300  071500-072000   00     124.36  670.5    116.00     6.49     4.34
SOPO-6NM64 240511 300  072000-072500   00     124.66  670.5    116.27     6.73     4.57
SOPO-6NM64 240511 300  072500-073000   00     124.78  670.5    116.33     6.79     4.61
SOPO-6NM64 240511 300  073000-073500   00     126.33  670.4    117.70     8.05     5.85
SOPO-6NM64 240511 300  073500-074000   00     125.30  670.3    116.71     7.14     4.92
SOPO-6NM64 240511 300  074000-074500   00     124.23  670.3    115.69     6.21     3.98
SOPO-6NM64 240511 300  074500-075000   00     126.14  670.3    117.49     7.86     5.61
SOPO-6NM64 240511 300  075000-075500   00     124.31  670.4    115.85     6.35     4.08
SOPO-6NM64 240511 300  075500-080000   00     124.88  670.4    116.39     6.84     4.56
SOPO-6NM64 240511 300  080000-080500   00     125.09  670.4    116.56     7.00     4.70
SOPO-6NM64 240511 300  080500-081000   00     125.88  670.4    117.29     7.68     5.37
SOPO-6NM64 240511 300  081000-081500   00     125.59  670.4    117.04     7.45     5.12
SOPO-6NM64 240511 300  081500-082000   00     124.56  670.4    116.10     6.58     4.24
SOPO-6NM64 240511 300  082000-082500   00     124.87  670.4    116.38     6.84     4.48
SOPO-6NM64 240511 300  082500-083000   00     124.65  670.4    116.15     6.63     4.26
SOPO-6NM64 240511 300  083000-083500   00     125.19  670.4    116.69     7.13     4.74
SOPO-6NM64 240511 300  083500-084000   00     125.10  670.4    116.60     7.04     4.64
SOPO-6NM64 240511 300  084000-084500   00     125.28  670.4    116.75     7.18     4.76
SOPO-6NM64 240511 300  084500-085000   00     122.86  670.4    114.48     5.10     2.68
SOPO-6NM64 240511 300  085000-085500   00     124.52  670.5    116.11     6.59     4.16
SOPO-6NM64 240511 300  085500-090000   00     123.62  670.5    115.27     5.82     3.37
SOPO-6NM64 240511 300  090000-090500   00     123.70  670.5    115.33     5.87     3.41
SOPO-6NM64 240511 300  090500-091000   00     123.88  670.4    115.46     5.99     3.51
SOPO-6NM64 240511 300  091000-091500   00     124.57  670.4    116.07     6.56     4.06
SOPO-6NM64 240511 300  091500-092000   00     122.45  670.5    114.16     4.80     2.30
SOPO-6NM64 240511 300  092000-092500   00     122.86  670.6    114.64     5.24     2.72
SOPO-6NM64 240511 300  092500-093000   00     122.67  670.7    114.52     5.13     2.60
SOPO-6NM64 240511 300  093000-093500   00     122.46  670.7    114.33     4.96     2.42
SOPO-6NM64 240511 300  093500-094000   00     122.03  670.6    113.91     4.57     2.02
SOPO-6NM64 240511 300  094000-094500   00     122.61  670.6    114.42     5.04     2.48
SOPO-6NM64 240511 300  094500-095000   00     122.58  670.5    114.34     4.96     2.39
SOPO-6NM64 240511 300  095000-095500   00     123.60  670.5    115.28     5.83     3.24
SOPO-6NM64 240511 300  095500-100000   00     122.18  670.4    113.82     4.49     1.89
SOPO-6NM64 240511 300  100000-100500   00     121.26  670.5    113.04     3.77     1.16
SOPO-6NM64 240511 300  100500-101000   00     122.07  670.5    113.80     4.47     1.85
SOPO-6NM64 240511 300  101000-101500   00     122.06  670.5    113.80     4.47     1.84
SOPO-6NM64 240511 300  101500-102000   00     121.74  670.5    113.54     4.23     1.59
SOPO-6NM64 240511 300  102000-102500   00     122.15  670.4    113.84     4.51     1.85
SOPO-6NM64 240511 300  102500-103000   00     123.97  670.5    115.58     6.10     3.43
SOPO-6NM64 240511 300  103000-103500   00     122.97  670.5    114.67     5.26     2.59
SOPO-6NM64 240511 300  103500-104000   00     122.77  670.5    114.46     5.08     2.39
SOPO-6NM64 240511 300  104000-104500   00     123.12  670.4    114.76     5.35     2.65
SOPO-6NM64 240511 300  104500-105000   00     122.98  670.5    114.69     5.28     2.57
SOPO-6NM64 240511 300  105000-105500   00     123.38  670.5    115.04     5.61     2.89
SOPO-6NM64 240511 300  105500-110000   00     122.39  670.5    114.15     4.79     2.06
SOPO-6NM64 240511 300  110000-110500   00     122.73  670.5    114.47     5.09     2.35
SOPO-6NM64 240511 300  110500-111000   00     124.01  670.5    115.65     6.16     3.41
SOPO-6NM64 240511 300  111000-111500   00     122.99  670.5    114.66     5.26     2.50
SOPO-6NM64 240511 300  111500-112000   00     122.20  670.4    113.90     4.56     1.79
SOPO-6NM64 240511 300  112000-112500   00     122.70  670.4    114.34     4.97     2.19
SOPO-6NM64 240511 300  112500-113000   00     123.99  670.4    115.57     6.09     3.31
SOPO-6NM64 240511 300  113000-113500   00     123.60  670.4    115.17     5.73     2.93
SOPO-6NM64 240511 300  113500-114000   00     123.18  670.4    114.76     5.35     2.54
SOPO-6NM64 240511 300  114000-114500   00     122.29  670.4    113.96     4.62     1.81
SOPO-6NM64 240511 300  114500-115000   00     124.90  670.4    116.42     6.87     4.05
SOPO-6NM64 240511 300  115000-115500   00     123.49  670.4    115.09     5.66     2.83
SOPO-6NM64 240511 300  115500-120000   00     123.80  670.5    115.40     5.94     3.10
SOPO-6NM64 240511 300  120000-120500   00     122.78  670.5    114.45     5.06     2.22
SOPO-6NM64 240511 300  120500-121000   00     121.80  670.5    113.55     4.24     1.39
SOPO-6NM64 240511 300  121000-121500   00     121.99  670.4    113.68     4.36     1.50
SOPO-6NM64 240511 300  121500-122000   00     121.44  670.4    113.13     3.85     0.99
SOPO-6NM64 240511 300  122000-122500   00     121.63  670.4    113.32     4.03     1.16
SOPO-6NM64 240511 300  122500-123000   00     121.59  670.4    113.27     3.99     1.10
SOPO-6NM64 240511 300  123000-123500   00     121.04  670.4    112.74     3.49     0.61
SOPO-6NM64 240511 300  123500-124000   00     121.29  670.3    112.95     3.69     0.79
SOPO-6NM64 240511 300  124000-124500   00     120.17  670.2    111.82     2.65    -0.25
SOPO-6NM64 240511 300  124500-125000   00     121.22  670.1    112.73     3.49     0.58
SOPO-6NM64 240511 300  125000-125500   00     120.94  670.1    112.43     3.21     0.29
SOPO-6NM64 240511 300  125500-130000   00     120.39  670.1    111.91     2.74    -0.18
SOPO-6NM64 240511 300  130000-130500   00     120.83  670.1    112.33     3.12     0.19
SOPO-6NM64 240511 300  130500-131000   00     121.10  670.1    112.60     3.37     0.43
SOPO-6NM64 240511 300  131000-131500   00     121.12  670.1    112.63     3.39     0.45
SOPO-6NM64 240511 300  131500-132000   00     120.24  670.1    111.80     2.64    -0.31
SOPO-6NM64 240511 300  132000-132500   00     120.45  670.1    112.01     2.83    -0.12
SOPO-6NM64 240511 300  132500-133000   00     119.66  670.1    111.29     2.16    -0.79
SOPO-6NM64 240511 300  133000-133500   00     120.27  670.2    111.87     2.70    -0.26
SOPO-6NM64 240511 300  133500-134000   00     119.87  670.2    111.53     2.39    -0.58
SOPO-6NM64 240511 300  134000-134500   00     120.22  670.3    111.90     2.73    -0.24
SOPO-6NM64 240511 300  134500-135000   00     120.37  670.3    112.08     2.89    -0.09
SOPO-6NM64 240511 300  135000-135500   00     121.41  670.3    113.05     3.78     0.80
SOPO-6NM64 240511 300  135500-140000   00     120.02  670.3    111.79     2.62    -0.36
SOPO-6NM64 240511 300  140000-140500   00     119.83  670.4    111.62     2.47    -9999
SOPO-6NM64 240511 300  140500-141000   00     120.15  670.4    111.92     2.74    -9999
SOPO-6NM64 240511 300  141000-141500   00     119.50  670.4    111.34     2.21    -9999
SOPO-6NM64 240511 300  141500-142000   00     119.34  670.4    111.20     2.08    -9999
SOPO-6NM64 240511 300  142000-142500   00     120.04  670.4    111.87     2.69    -9999
SOPO-6NM64 240511 300  142500-143000   00     120.19  670.5    112.03     2.84    -9999
SOPO-6NM64 240511 300  143000-143500   00     119.66  670.5    111.55     2.40    -9999
SOPO-6NM64 240511 300  143500-144000   00     120.34  670.5    112.23     3.03    -9999
SOPO-6NM64 240511 300  144000-144500   00     119.63  670.6    111.65     2.49    -9999
SOPO-6NM64 240511 300  144500-145000   00     119.44  670.7    111.52     2.38    -9999
SOPO-6NM64 240511 300  145000-145500   00     119.04  670.7    111.14     2.03    -9999
SOPO-6NM64 240511 300  145500-150000   00     121.11  670.7    113.08     3.80    -9999
SOPO-6NM64 240511 300  150000-150500   00     121.09  670.7    113.07     3.80    -9999
SOPO-6NM64 240511 300  150500-151000   00     119.71  670.7    111.79     2.62    -9999
SOPO-6NM64 240511 300  151000-151500   00     120.39  670.6    112.36     3.15    -9999
SOPO-6NM64 240511 300  151500-152000   00     120.00  670.6    111.95     2.77    -9999
SOPO-6NM64 240511 300  152000-152500   00     120.93  670.6    112.81     3.56    -9999
SOPO-6NM64 240511 300  152500-153000   00     121.42  670.5    113.25     3.97    -9999
SOPO-6NM64 240511 300  153000-153500   00     120.67  670.5    112.51     3.29    -9999
SOPO-6NM64 240511 300  153500-154000   00     119.83  670.5    111.75     2.59    -9999
SOPO-6NM64 240511 300  154000-154500   00     120.19  670.5    112.09     2.90    -9999
SOPO-6NM64 240511 300  154500-155000   00     121.47  670.5    113.28     3.99    -9999
SOPO-6NM64 240511 300  155000-155500   00     121.22  670.6    113.10     3.82    -9999
SOPO-6NM64 240511 300  155500-160000   00     120.94  670.6    112.84     3.59    -9999
SOPO-6NM64 240511 3600 160000-170000   00     121.24  670.7    113.20     3.92    -9999
SOPO-6NM64 240511 3600 170000-180000   00     120.69  671.0    112.91     3.65    -9999
SOPO-6NM64 240511 3600 180000-190000   00     119.82  671.4    112.51     3.28    -9999
SOPO-6NM64 240511 3600 190000-200000   00     119.46  671.6    112.28     3.08    -9999
SOPO-6NM64 240511 3600 200000-210000   00     119.43  671.7    112.36     3.14    -9999
SOPO-6NM64 240511 3600 210000-220000   00     119.32  671.9    112.43     3.22    -9999
SOPO-6NM64 240511 3600 220000-230000   00     117.73  672.4    111.36     2.23    -9999
SOPO-6NM64 240511 3600 230000-240000   00     117.75  672.6    111.49     2.35    -9999
SOPO-6NM64 240512 3600 000000-010000   00     117.63  673.0    111.73     2.57    -9999
SOPO-6NM64 240512 3600 010000-020000   00     117.14  673.4    111.60     2.45    -9999
SOPO-6NM64 240512 3600 020000-030000   00     116.53  673.8    111.35     2.22    -9999
SOPO-6NM64 240512 3600 030000-040000   00     116.96  673.9    111.85     2.68    -9999
SOPO-6NM64 240512 3600 040000-050000   00     117.04  673.9    111.92     2.74    -9999
SOPO-6NM64 240512 3600 050000-060000   00     117.58  674.1    112.63     3.40    -9999
SOPO-6NM64 240512 3600 060000-070000   00     117.23  674.4    112.54     3.31    -9999
SOPO-6NM64 240512 3600 070000-080000   00     117.31  674.9    113.02     3.75    -9999
SOPO-6NM64 240512 3600 080000-090000   00     117.07  675.1    112.92     3.66    -9999
SOPO-6NM64 240512 3600 090000-100000   00     116.25  675.0    112.11     2.92    -9999
SOPO-6NM64 240512 3600 100000-110000   00     115.10  675.3    111.24     2.12    -9999
SOPO-6NM64 240512 3600 110000-120000   00     115.21  675.7    111.68     2.52    -9999
SOPO-6NM64 240512 3600 120000-130000   00     115.44  675.7    111.91     2.73    -9999
SOPO-6NM64 240512 3600 130000-140000   00     116.28  675.9    112.84     3.59    -9999
SOPO-6NM64 240512 3600 140000-150000   00     116.36  676.2    113.14     3.87    -9999
SOPO-6NM64 240512 3600 150000-160000   00     116.30  676.5    113.38     4.08    -9999
SOPO-6NM64 240512 3600 160000-170000   00     116.23  676.6    113.41     4.11    -9999
SOPO-6NM64 240512 3600 170000-180000   00     115.95  676.8    113.27     3.98    -9999
SOPO-6NM64 240512 3600 180000-190000   00     116.04  677.2    113.68     4.36    -9999
SOPO-6NM64 240512 3600 190000-200000   00     116.52  677.5    114.45     5.07    -9999
SOPO-6NM64 240512 3600 200000-210000   00     116.80  677.9    115.06     5.63    -9999
SOPO-6NM64 240512 3600 210000-220000   00     116.21  678.4    114.91     5.49    -9999
SOPO-6NM64 240512 3600 220000-230000   00     115.07  678.7    114.05     4.70    -9999
SOPO-6NM64 240512 3600 230000-240000   00     115.43  679.0    114.62     5.22    -9999
*
COMMENT NM DATA DOWNLOADED FROM NMDB ON 14.5.2024
COMMENT DETRENDING DONE BY IU
COMMENT UNIVERISTY OF OULU: FILE GENERATED FROM DATABASE AND OBTAINED FROM
COMMENT https://gle.oulu.fi at 2025-01-03 09:23:40 +00:00
COMMENT FOR HISTORICAL/ORIGINAL TEXT FILES SEE https://gle.oulu.fi/txtarchive/
COMMENT ORIGINAL AT https://gle.oulu.fi/txtarchive/GLE74/C074SOPB_cor.DAT
COMMENT DETRENDED DATA SHOW -9999 IF EQUAL TO INC% COLUMN 