SANAE      LATITUDE    -71.67    LONGITUDE     -2.85     ALTITUDE    856 M
SANAE      INSTRUMENT   6NM64    NEUTRON MONITOR	
SANAE      STANDARD PRESSURE    660     MMHG   COEFFICIENT   0.97      % / MMHG
SANAE      PRE-INCREASE BASELINE TIME INTERVAL    240510    233000-013000   UT
SANAE      PRE-INCREASE AVERAGE COUNTING RATE     64.28      COUNTS PER SECOND
SANAE      TIME INTERVALS    300         3600     
SANAE      SCALE FACTORS     1           1        
STATION    YYMMDD  SEC   TIME (UT)   CODE    UNCORR. PRESS.    CORR.    % INC.	DETRENDED
                         INTERVAL    TD      C/S    (MMHG)     C/S
SANAE      240510 3600 000000-010000   00    -999.00 -999.0     72.95    13.48    -9999
SANAE      240510 3600 010000-020000   00    -999.00 -999.0     73.17    13.82    -9999
SANAE      240510 3600 020000-030000   00    -999.00 -999.0     72.70    13.10    -9999
SANAE      240510 3600 030000-040000   00    -999.00 -999.0     72.88    13.37    -9999
SANAE      240510 3600 040000-050000   00    -999.00 -999.0     72.73    13.15    -9999
SANAE      240510 3600 050000-060000   00    -999.00 -999.0     72.64    13.00    -9999
SANAE      240510 3600 060000-070000   00    -999.00 -999.0     73.35    14.10    -9999
SANAE      240510 3600 070000-080000   00    -999.00 -999.0     73.28    14.00    -9999
SANAE      240510 3600 080000-090000   00    -999.00 -999.0     73.16    13.81    -9999
SANAE      240510 3600 090000-100000   00    -999.00 -999.0     73.29    14.01    -9999
SANAE      240510 3600 100000-110000   00    -999.00 -999.0     73.26    13.96    -9999
SANAE      240510 3600 110000-120000   00    -999.00 -999.0     73.09    13.70    -9999
SANAE      240510 3600 120000-130000   00    -999.00 -999.0     73.44    14.24    -9999
SANAE      240510 3600 130000-140000   00    -999.00 -999.0     74.10    15.28    -9999
SANAE      240510 3600 140000-150000   00    -999.00 -999.0     73.77    14.75    -9999
SANAE      240510 3600 150000-160000   00    -999.00 -999.0     73.93    15.01    -9999
SANAE      240510 3600 160000-170000   00    -999.00 -999.0     73.98    15.08    -9999
SANAE      240510 3600 170000-180000   00    -999.00 -999.0     73.65    14.57    -9999
SANAE      240510 3600 180000-190000   00    -999.00 -999.0     71.89    11.83    -9999
SANAE      240510 3600 190000-200000   00    -999.00 -999.0     71.05    10.52    -9999
SANAE      240510 3600 200000-210000   00    -999.00 -999.0     69.27     7.75    -9999
SANAE      240510 300  210000-210500   00    -999.00 -999.0     68.90     7.19    -9999
SANAE      240510 300  210500-211000   00    -999.00 -999.0     67.08     4.34    -9999
SANAE      240510 300  211000-211500   00    -999.00 -999.0     67.05     4.30    -9999
SANAE      240510 300  211500-212000   00    -999.00 -999.0     67.79     5.46    -9999
SANAE      240510 300  212000-212500   00    -999.00 -999.0     67.63     5.21    -9999
SANAE      240510 300  212500-213000   00    -999.00 -999.0     66.64     3.67    -9999
SANAE      240510 300  213000-213500   00    -999.00 -999.0     66.90     4.07    -9999
SANAE      240510 300  213500-214000   00    -999.00 -999.0     66.73     3.80    -9999
SANAE      240510 300  214000-214500   00    -999.00 -999.0     67.41     4.87    -9999
SANAE      240510 300  214500-215000   00    -999.00 -999.0     68.18     6.07    -9999
SANAE      240510 300  215000-215500   00    -999.00 -999.0     66.99     4.21    -9999
SANAE      240510 300  215500-220000   00    -999.00 -999.0     66.49     3.43    -9999
SANAE      240510 300  220000-220500   00    -999.00 -999.0     67.36     4.78    -9999
SANAE      240510 300  220500-221000   00    -999.00 -999.0     67.38     4.82    -9999
SANAE      240510 300  221000-221500   00    -999.00 -999.0     66.33     3.18    -9999
SANAE      240510 300  221500-222000   00    -999.00 -999.0     65.93     2.56    -9999
SANAE      240510 300  222000-222500   00    -999.00 -999.0     66.49     3.43    -9999
SANAE      240510 300  222500-223000   00    -999.00 -999.0     66.27     3.09    -9999
SANAE      240510 300  223000-223500   00    -999.00 -999.0     66.79     3.89    -9999
SANAE      240510 300  223500-224000   00    -999.00 -999.0     65.67     2.16    -9999
SANAE      240510 300  224000-224500   00    -999.00 -999.0     66.69     3.75    -9999
SANAE      240510 300  224500-225000   00    -999.00 -999.0     66.66     3.70    -9999
SANAE      240510 300  225000-225500   00    -999.00 -999.0     67.45     4.93    -9999
SANAE      240510 300  225500-230000   00    -999.00 -999.0     65.72     2.23    -9999
SANAE      240510 300  230000-230500   00    -999.00 -999.0     66.05     2.75    -9999
SANAE      240510 300  230500-231000   00    -999.00 -999.0     65.07     1.22    -9999
SANAE      240510 300  231000-231500   00    -999.00 -999.0     66.88     4.03    -9999
SANAE      240510 300  231500-232000   00    -999.00 -999.0     65.70     2.20    -9999
SANAE      240510 300  232000-232500   00    -999.00 -999.0     65.73     2.26    -9999
SANAE      240510 300  232500-233000   00    -999.00 -999.0     65.06     1.21    -9999
SANAE      240510 300  233000-233500   00    -999.00 -999.0     64.13    -0.24    -9999
SANAE      240510 300  233500-234000   00    -999.00 -999.0     64.83     0.86    -9999
SANAE      240510 300  234000-234500   00    -999.00 -999.0     62.90    -2.14    -9999
SANAE      240510 300  234500-235000   00    -999.00 -999.0     64.39     0.16    -9999
SANAE      240510 300  235000-235500   00    -999.00 -999.0     64.35     0.11    -9999
SANAE      240510 300  235500-240000   00    -999.00 -999.0     64.56     0.44    -9999
SANAE      240511 300  000000-000500   00    -999.00 -999.0     63.80    -0.75    -9999
SANAE      240511 300  000500-001000   00    -999.00 -999.0     63.96    -0.50    -9999
SANAE      240511 300  001000-001500   00    -999.00 -999.0     62.84    -2.24    -9999
SANAE      240511 300  001500-002000   00    -999.00 -999.0     64.37     0.14    -9999
SANAE      240511 300  002000-002500   00    -999.00 -999.0     63.71    -0.89    -9999
SANAE      240511 300  002500-003000   00    -999.00 -999.0     63.99    -0.45    -9999
SANAE      240511 300  003000-003500   00    -999.00 -999.0     63.83    -0.70    -9999
SANAE      240511 300  003500-004000   00    -999.00 -999.0     65.12     1.30    -9999
SANAE      240511 300  004000-004500   00    -999.00 -999.0     65.06     1.21    -9999
SANAE      240511 300  004500-005000   00    -999.00 -999.0     64.84     0.87    -9999
SANAE      240511 300  005000-005500   00    -999.00 -999.0     64.71     0.66    -9999
SANAE      240511 300  005500-010000   00    -999.00 -999.0     64.80     0.80    -9999
SANAE      240511 300  010000-010500   00    -999.00 -999.0     62.52    -2.74    -9999
SANAE      240511 300  010500-011000   00    -999.00 -999.0     63.87    -0.63    -9999
SANAE      240511 300  011000-011500   00    -999.00 -999.0     64.29     0.01    -9999
SANAE      240511 300  011500-012000   00    -999.00 -999.0     65.36     1.68    -9999
SANAE      240511 300  012000-012500   00    -999.00 -999.0     64.21    -0.11    -9999
SANAE      240511 300  012500-013000   00    -999.00 -999.0     66.32     3.17    -9999
SANAE      240511 300  013000-013500   00    -999.00 -999.0     64.44     0.25    -9999
SANAE      240511 300  013500-014000   00    -999.00 -999.0     63.81    -0.73    -9999
SANAE      240511 300  014000-014500   00    -999.00 -999.0     64.96     1.05    -9999
SANAE      240511 300  014500-015000   00    -999.00 -999.0     64.88     0.93    -9999
SANAE      240511 300  015000-015500   00    -999.00 -999.0     63.37    -1.42    -9999
SANAE      240511 300  015500-020000   00    -999.00 -999.0     64.86     0.90    -9999
SANAE      240511 300  020000-020500   00    -999.00 -999.0     65.24     1.50    -9999
SANAE      240511 300  020500-021000   00    -999.00 -999.0     67.04     4.28    -9999
SANAE      240511 300  021000-021500   00    -999.00 -999.0     65.69     2.19    -9999
SANAE      240511 300  021500-022000   00    -999.00 -999.0     66.07     2.78    -9999
SANAE      240511 300  022000-022500   00    -999.00 -999.0     64.47     0.29    -9999
SANAE      240511 300  022500-023000   00    -999.00 -999.0     65.86     2.46    -9999
SANAE      240511 300  023000-023500   00    -999.00 -999.0     65.78     2.33    -9999
SANAE      240511 300  023500-024000   00    -999.00 -999.0     66.93     4.12    -9999
SANAE      240511 300  024000-024500   00    -999.00 -999.0     65.08     1.24    -9999
SANAE      240511 300  024500-025000   00    -999.00 -999.0     66.05     2.75    -9999
SANAE      240511 300  025000-025500   00    -999.00 -999.0     66.30     3.14    -9999
SANAE      240511 300  025500-030000   00    -999.00 -999.0     67.10     4.38    -9999
SANAE      240511 300  030000-030500   00    -999.00 -999.0     66.59     3.58    -9999
SANAE      240511 300  030500-031000   00    -999.00 -999.0     66.83     3.96    -9999
SANAE      240511 300  031000-031500   00    -999.00 -999.0     67.79     5.45    -9999
SANAE      240511 300  031500-032000   00    -999.00 -999.0     67.47     4.95    -9999
SANAE      240511 300  032000-032500   00    -999.00 -999.0     66.87     4.02    -9999
SANAE      240511 300  032500-033000   00    -999.00 -999.0     67.45     4.92    -9999
SANAE      240511 300  033000-033500   00    -999.00 -999.0     66.96     4.17    -9999
SANAE      240511 300  033500-034000   00    -999.00 -999.0     66.25     3.06    -9999
SANAE      240511 300  034000-034500   00    -999.00 -999.0     66.33     3.19    -9999
SANAE      240511 300  034500-035000   00    -999.00 -999.0     66.28     3.11    -9999
SANAE      240511 300  035000-035500   00    -999.00 -999.0     65.59     2.03    -9999
SANAE      240511 300  035500-040000   00    -999.00 -999.0     65.25     1.51    -9999
SANAE      240511 300  040000-040500   00    -999.00 -999.0     66.05     2.76    -9999
SANAE      240511 300  040500-041000   00    -999.00 -999.0     65.45     1.81    -9999
SANAE      240511 300  041000-041500   00    -999.00 -999.0     66.78     3.88    -9999
SANAE      240511 300  041500-042000   00    -999.00 -999.0     66.52     3.49    -9999
SANAE      240511 300  042000-042500   00    -999.00 -999.0     65.53     1.95    -9999
SANAE      240511 300  042500-043000   00    -999.00 -999.0     66.39     3.28    -9999
SANAE      240511 300  043000-043500   00    -999.00 -999.0     65.29     1.56    -9999
SANAE      240511 300  043500-044000   00    -999.00 -999.0     66.33     3.19    -9999
SANAE      240511 300  044000-044500   00    -999.00 -999.0     66.47     3.41    -9999
SANAE      240511 300  044500-045000   00    -999.00 -999.0     66.16     2.92    -9999
SANAE      240511 300  045000-045500   00    -999.00 -999.0     65.84     2.43    -9999
SANAE      240511 300  045500-050000   00    -999.00 -999.0     65.79     2.35    -9999
SANAE      240511 300  050000-050500   00    -999.00 -999.0     65.11     1.28    -9999
SANAE      240511 300  050500-051000   00    -999.00 -999.0     64.65     0.57    -9999
SANAE      240511 300  051000-051500   00    -999.00 -999.0     66.52     3.48    -9999
SANAE      240511 300  051500-052000   00    -999.00 -999.0     64.69     0.64    -9999
SANAE      240511 300  052000-052500   00    -999.00 -999.0     64.77     0.76    -9999
SANAE      240511 300  052500-053000   00    -999.00 -999.0     64.84     0.86    -9999
SANAE      240511 300  053000-053500   00    -999.00 -999.0     65.37     1.70    -9999
SANAE      240511 300  053500-054000   00    -999.00 -999.0     65.69     2.20    -9999
SANAE      240511 300  054000-054500   00    -999.00 -999.0     65.40     1.74    -9999
SANAE      240511 300  054500-055000   00    -999.00 -999.0     65.34     1.64    -9999
SANAE      240511 300  055000-055500   00    -999.00 -999.0     66.06     2.76    -9999
SANAE      240511 300  055500-060000   00    -999.00 -999.0     64.91     0.97    -9999
SANAE      240511 300  060000-060500   00    -999.00 -999.0     66.18     2.96    -9999
SANAE      240511 300  060500-061000   00    -999.00 -999.0     66.41     3.31    -9999
SANAE      240511 300  061000-061500   00    -999.00 -999.0     67.33     4.75    -9999
SANAE      240511 300  061500-062000   00    -999.00 -999.0     65.68     2.18    -9999
SANAE      240511 300  062000-062500   00    -999.00 -999.0     66.75     3.83    -9999
SANAE      240511 300  062500-063000   00    -999.00 -999.0     66.76     3.85    -9999
SANAE      240511 300  063000-063500   00    -999.00 -999.0     64.47     0.29    -9999
SANAE      240511 300  063500-064000   00    -999.00 -999.0     66.34     3.21    -9999
SANAE      240511 300  064000-064500   00    -999.00 -999.0     66.24     3.04    -9999
SANAE      240511 300  064500-065000   00    -999.00 -999.0     66.05     2.74    -9999
SANAE      240511 300  065000-065500   00    -999.00 -999.0     66.16     2.91    -9999
SANAE      240511 300  065500-070000   00    -999.00 -999.0     65.86     2.45    -9999
SANAE      240511 300  070000-070500   00    -999.00 -999.0     66.03     2.72    -9999
SANAE      240511 300  070500-071000   00    -999.00 -999.0     66.40     3.30    -9999
SANAE      240511 300  071000-071500   00    -999.00 -999.0     66.16     2.93    -9999
SANAE      240511 300  071500-072000   00    -999.00 -999.0     66.32     3.17    -9999
SANAE      240511 300  072000-072500   00    -999.00 -999.0     66.88     4.04    -9999
SANAE      240511 300  072500-073000   00    -999.00 -999.0     64.92     0.99    -9999
SANAE      240511 300  073000-073500   00    -999.00 -999.0     67.51     5.02    -9999
SANAE      240511 300  073500-074000   00    -999.00 -999.0     66.99     4.21    -9999
SANAE      240511 300  074000-074500   00    -999.00 -999.0     65.90     2.51    -9999
SANAE      240511 300  074500-075000   00    -999.00 -999.0     66.02     2.71    -9999
SANAE      240511 300  075000-075500   00    -999.00 -999.0     65.41     1.75    -9999
SANAE      240511 300  075500-080000   00    -999.00 -999.0     65.27     1.53    -9999
SANAE      240511 300  080000-080500   00    -999.00 -999.0     66.20     2.99    -9999
SANAE      240511 300  080500-081000   00    -999.00 -999.0     66.21     3.00    -9999
SANAE      240511 300  081000-081500   00    -999.00 -999.0     65.69     2.19    -9999
SANAE      240511 300  081500-082000   00    -999.00 -999.0     66.07     2.77    -9999
SANAE      240511 300  082000-082500   00    -999.00 -999.0     66.37     3.24    -9999
SANAE      240511 300  082500-083000   00    -999.00 -999.0     65.39     1.73    -9999
SANAE      240511 300  083000-083500   00    -999.00 -999.0     65.87     2.47    -9999
SANAE      240511 300  083500-084000   00    -999.00 -999.0     65.69     2.18    -9999
SANAE      240511 300  084000-084500   00    -999.00 -999.0     66.20     2.98    -9999
SANAE      240511 300  084500-085000   00    -999.00 -999.0     65.67     2.15    -9999
SANAE      240511 300  085000-085500   00    -999.00 -999.0     66.26     3.07    -9999
SANAE      240511 300  085500-090000   00    -999.00 -999.0     65.73     2.25    -9999
SANAE      240511 300  090000-090500   00    -999.00 -999.0     65.67     2.17    -9999
SANAE      240511 300  090500-091000   00    -999.00 -999.0     66.73     3.81    -9999
SANAE      240511 300  091000-091500   00    -999.00 -999.0     65.42     1.77    -9999
SANAE      240511 300  091500-092000   00    -999.00 -999.0     65.38     1.71    -9999
SANAE      240511 300  092000-092500   00    -999.00 -999.0     65.13     1.32    -9999
SANAE      240511 300  092500-093000   00    -999.00 -999.0     65.50     1.90    -9999
SANAE      240511 300  093000-093500   00    -999.00 -999.0     65.27     1.53    -9999
SANAE      240511 300  093500-094000   00    -999.00 -999.0     66.39     3.28    -9999
SANAE      240511 300  094000-094500   00    -999.00 -999.0     64.66     0.58    -9999
SANAE      240511 300  094500-095000   00    -999.00 -999.0     64.50     0.34    -9999
SANAE      240511 300  095000-095500   00    -999.00 -999.0     64.38     0.16    -9999
SANAE      240511 300  095500-100000   00    -999.00 -999.0     63.97    -0.48    -9999
SANAE      240511 300  100000-100500   00    -999.00 -999.0     65.07     1.23    -9999
SANAE      240511 300  100500-101000   00    -999.00 -999.0     65.32     1.61    -9999
SANAE      240511 300  101000-101500   00    -999.00 -999.0     64.76     0.74    -9999
SANAE      240511 300  101500-102000   00    -999.00 -999.0     65.39     1.72    -9999
SANAE      240511 300  102000-102500   00    -999.00 -999.0     66.06     2.76    -9999
SANAE      240511 300  102500-103000   00    -999.00 -999.0     65.65     2.13    -9999
SANAE      240511 300  103000-103500   00    -999.00 -999.0     66.15     2.91    -9999
SANAE      240511 300  103500-104000   00    -999.00 -999.0     65.66     2.14    -9999
SANAE      240511 300  104000-104500   00    -999.00 -999.0     65.94     2.58    -9999
SANAE      240511 300  104500-105000   00    -999.00 -999.0     67.40     4.85    -9999
SANAE      240511 300  105000-105500   00    -999.00 -999.0   -999.00    -9999    -9999
SANAE      240511 300  105500-110000   00    -999.00 -999.0   -999.00    -9999    -9999
SANAE      240511 300  110000-110500   00    -999.00 -999.0   -999.00    -9999    -9999
SANAE      240511 300  110500-111000   00    -999.00 -999.0   -999.00    -9999    -9999
SANAE      240511 300  111000-111500   00    -999.00 -999.0   -999.00    -9999    -9999
SANAE      240511 300  111500-112000   00    -999.00 -999.0   -999.00    -9999    -9999
SANAE      240511 300  112000-112500   00    -999.00 -999.0   -999.00    -9999    -9999
SANAE      240511 300  112500-113000   00    -999.00 -999.0   -999.00    -9999    -9999
SANAE      240511 300  113000-113500   00    -999.00 -999.0   -999.00    -9999    -9999
SANAE      240511 300  113500-114000   00    -999.00 -999.0   -999.00    -9999    -9999
SANAE      240511 300  114000-114500   00    -999.00 -999.0   -999.00    -9999    -9999
SANAE      240511 300  114500-115000   00    -999.00 -999.0   -999.00    -9999    -9999
SANAE      240511 300  115000-115500   00    -999.00 -999.0   -999.00    -9999    -9999
SANAE      240511 300  115500-120000   00    -999.00 -999.0   -999.00    -9999    -9999
SANAE      240511 300  120000-120500   00    -999.00 -999.0   -999.00    -9999    -9999
SANAE      240511 300  120500-121000   00    -999.00 -999.0   -999.00    -9999    -9999
SANAE      240511 300  121000-121500   00    -999.00 -999.0   -999.00    -9999    -9999
SANAE      240511 300  121500-122000   00    -999.00 -999.0   -999.00    -9999    -9999
SANAE      240511 300  122000-122500   00    -999.00 -999.0   -999.00    -9999    -9999
SANAE      240511 300  122500-123000   00    -999.00 -999.0   -999.00    -9999    -9999
SANAE      240511 300  123000-123500   00    -999.00 -999.0   -999.00    -9999    -9999
SANAE      240511 300  123500-124000   00    -999.00 -999.0   -999.00    -9999    -9999
SANAE      240511 300  124000-124500   00    -999.00 -999.0   -999.00    -9999    -9999
SANAE      240511 300  124500-125000   00    -999.00 -999.0   -999.00    -9999    -9999
SANAE      240511 300  125000-125500   00    -999.00 -999.0   -999.00    -9999    -9999
SANAE      240511 300  125500-130000   00    -999.00 -999.0   -999.00    -9999    -9999
SANAE      240511 300  130000-130500   00    -999.00 -999.0   -999.00    -9999    -9999
SANAE      240511 300  130500-131000   00    -999.00 -999.0   -999.00    -9999    -9999
SANAE      240511 300  131000-131500   00    -999.00 -999.0   -999.00    -9999    -9999
SANAE      240511 300  131500-132000   00    -999.00 -999.0   -999.00    -9999    -9999
SANAE      240511 300  132000-132500   00    -999.00 -999.0   -999.00    -9999    -9999
SANAE      240511 300  132500-133000   00    -999.00 -999.0   -999.00    -9999    -9999
SANAE      240511 300  133000-133500   00    -999.00 -999.0   -999.00    -9999    -9999
SANAE      240511 300  133500-134000   00    -999.00 -999.0   -999.00    -9999    -9999
SANAE      240511 300  134000-134500   00    -999.00 -999.0   -999.00    -9999    -9999
SANAE      240511 300  134500-135000   00    -999.00 -999.0   -999.00    -9999    -9999
SANAE      240511 300  135000-135500   00    -999.00 -999.0   -999.00    -9999    -9999
SANAE      240511 300  135500-140000   00    -999.00 -999.0   -999.00    -9999    -9999
SANAE      240511 300  140000-140500   00    -999.00 -999.0   -999.00    -9999    -9999
SANAE      240511 300  140500-141000   00    -999.00 -999.0   -999.00    -9999    -9999
SANAE      240511 300  141000-141500   00    -999.00 -999.0   -999.00    -9999    -9999
SANAE      240511 300  141500-142000   00    -999.00 -999.0   -999.00    -9999    -9999
SANAE      240511 300  142000-142500   00    -999.00 -999.0   -999.00    -9999    -9999
SANAE      240511 300  142500-143000   00    -999.00 -999.0   -999.00    -9999    -9999
SANAE      240511 300  143000-143500   00    -999.00 -999.0   -999.00    -9999    -9999
SANAE      240511 300  143500-144000   00    -999.00 -999.0   -999.00    -9999    -9999
SANAE      240511 300  144000-144500   00    -999.00 -999.0   -999.00    -9999    -9999
SANAE      240511 300  144500-145000   00    -999.00 -999.0   -999.00    -9999    -9999
SANAE      240511 300  145000-145500   00    -999.00 -999.0   -999.00    -9999    -9999
SANAE      240511 300  145500-150000   00    -999.00 -999.0   -999.00    -9999    -9999
SANAE      240511 300  150000-150500   00    -999.00 -999.0   -999.00    -9999    -9999
SANAE      240511 300  150500-151000   00    -999.00 -999.0   -999.00    -9999    -9999
SANAE      240511 300  151000-151500   00    -999.00 -999.0   -999.00    -9999    -9999
SANAE      240511 300  151500-152000   00    -999.00 -999.0   -999.00    -9999    -9999
SANAE      240511 300  152000-152500   00    -999.00 -999.0   -999.00    -9999    -9999
SANAE      240511 300  152500-153000   00    -999.00 -999.0   -999.00    -9999    -9999
SANAE      240511 300  153000-153500   00    -999.00 -999.0   -999.00    -9999    -9999
SANAE      240511 300  153500-154000   00    -999.00 -999.0   -999.00    -9999    -9999
SANAE      240511 300  154000-154500   00    -999.00 -999.0   -999.00    -9999    -9999
SANAE      240511 300  154500-155000   00    -999.00 -999.0   -999.00    -9999    -9999
SANAE      240511 300  155000-155500   00    -999.00 -999.0   -999.00    -9999    -9999
SANAE      240511 300  155500-160000   00    -999.00 -999.0   -999.00    -9999    -9999
SANAE      240511 3600 160000-170000   00    -999.00 -999.0   -999.00    -9999    -9999
SANAE      240511 3600 170000-180000   00    -999.00 -999.0   -999.00    -9999    -9999
SANAE      240511 3600 180000-190000   00    -999.00 -999.0   -999.00    -9999    -9999
SANAE      240511 3600 190000-200000   00    -999.00 -999.0   -999.00    -9999    -9999
SANAE      240511 3600 200000-210000   00    -999.00 -999.0   -999.00    -9999    -9999
SANAE      240511 3600 210000-220000   00    -999.00 -999.0   -999.00    -9999    -9999
SANAE      240511 3600 220000-230000   00    -999.00 -999.0   -999.00    -9999    -9999
SANAE      240511 3600 230000-240000   00    -999.00 -999.0   -999.00    -9999    -9999
SANAE      240512 3600 000000-010000   00    -999.00 -999.0   -999.00    -9999    -9999
SANAE      240512 3600 010000-020000   00    -999.00 -999.0   -999.00    -9999    -9999
SANAE      240512 3600 020000-030000   00    -999.00 -999.0   -999.00    -9999    -9999
SANAE      240512 3600 030000-040000   00    -999.00 -999.0   -999.00    -9999    -9999
SANAE      240512 3600 040000-050000   00    -999.00 -999.0   -999.00    -9999    -9999
SANAE      240512 3600 050000-060000   00    -999.00 -999.0   -999.00    -9999    -9999
SANAE      240512 3600 060000-070000   00    -999.00 -999.0   -999.00    -9999    -9999
SANAE      240512 3600 070000-080000   00    -999.00 -999.0   -999.00    -9999    -9999
SANAE      240512 3600 080000-090000   00    -999.00 -999.0   -999.00    -9999    -9999
SANAE      240512 3600 090000-100000   00    -999.00 -999.0   -999.00    -9999    -9999
SANAE      240512 3600 100000-110000   00    -999.00 -999.0   -999.00    -9999    -9999
SANAE      240512 3600 110000-120000   00    -999.00 -999.0   -999.00    -9999    -9999
SANAE      240512 3600 120000-130000   00    -999.00 -999.0   -999.00    -9999    -9999
SANAE      240512 3600 130000-140000   00    -999.00 -999.0   -999.00    -9999    -9999
SANAE      240512 3600 140000-150000   00    -999.00 -999.0     67.09     4.36    -9999
SANAE      240512 3600 150000-160000   00    -999.00 -999.0     67.43     4.90    -9999
SANAE      240512 3600 160000-170000   00    -999.00 -999.0     67.34     4.75    -9999
SANAE      240512 3600 170000-180000   00    -999.00 -999.0     67.64     5.23    -9999
SANAE      240512 3600 180000-190000   00    -999.00 -999.0     68.03     5.84    -9999
SANAE      240512 3600 190000-200000   00    -999.00 -999.0     68.02     5.81    -9999
SANAE      240512 3600 200000-210000   00    -999.00 -999.0     68.02     5.82    -9999
SANAE      240512 3600 210000-220000   00    -999.00 -999.0     67.39     4.83    -9999
SANAE      240512 3600 220000-230000   00    -999.00 -999.0     67.59     5.14    -9999
SANAE      240512 3600 230000-240000   00    -999.00 -999.0     67.82     5.50    -9999
*
COMMENT DATA RECEIVED FROM DU TOIT STRAUSS
COMMENT DETRENDING CANNOT BE ROBUSTLY DONE
COMMENT UNIVERISTY OF OULU: FILE GENERATED FROM DATABASE AND OBTAINED FROM
COMMENT https://gle.oulu.fi at 2025-01-03 09:23:40 +00:00
COMMENT FOR HISTORICAL/ORIGINAL TEXT FILES SEE https://gle.oulu.fi/txtarchive/
COMMENT ORIGINAL AT https://gle.oulu.fi/txtarchive/GLE74/C074SNAE.DAT
COMMENT DETRENDED DATA SHOW -9999 IF EQUAL TO INC% COLUMN 