YAKUTSK    LATITUDE    62.02     LONGITUDE     129.72    ALTITUDE    105 M
YAKUTSK    INSTRUMENT   18NM64    NEUTRON MONITOR     	
YAKUTSK    STANDARD PRESSURE    1000    MB     COEFFICIENT   -0.72     % / MB
YAKUTSK    PRE-INCREASE BASELINE TIME INTERVAL    240510    230000-010000   UT
YAKUTSK    PRE-INCREASE AVERAGE COUNTING RATE    183.29      COUNTS PER SECOND
YAKUTSK    TIME INTERVALS    300         3600     
YAKUTSK    SCALE FACTORS     1           1        
STATION    YYMMDD  SEC   TIME (UT)   CODE    UNCORR. PRESS.    CORR.    % INC.	DETRENDED
                         INTERVAL    TD      C/S     (MB)      C/S
YAKUTSK    240510 3600 000000-010000   00     207.96 1000.5    204.18    11.39    -9999
YAKUTSK    240510 3600 010000-020000   00     206.38 1001.2    203.59    11.07    -9999
YAKUTSK    240510 3600 020000-030000   00     205.16 1002.0    203.56    11.06    -9999
YAKUTSK    240510 3600 030000-040000   00     205.43 1002.2    204.20    11.41    -9999
YAKUTSK    240510 3600 040000-050000   00     205.33 1002.2    204.13    11.37    -9999
YAKUTSK    240510 3600 050000-060000   00     205.54 1002.6    204.81    11.74    -9999
YAKUTSK    240510 3600 060000-070000   00     204.32 1003.2    204.51    11.57    -9999
YAKUTSK    240510 3600 070000-080000   00     203.42 1003.9    204.65    11.65    -9999
YAKUTSK    240510 3600 080000-090000   00     202.11 1004.5    204.30    11.46    -9999
YAKUTSK    240510 3600 090000-100000   00     201.53 1005.1    204.49    11.56    -9999
YAKUTSK    240510 3600 100000-110000   00     200.52 1005.7    204.47    11.55    -9999
YAKUTSK    240510 3600 110000-120000   00     199.46 1006.4    204.38    11.51    -9999
YAKUTSK    240510 3600 120000-130000   00     198.62 1006.9    204.20    11.41    -9999
YAKUTSK    240510 3600 130000-140000   00     198.68 1007.2    204.77    11.72    -9999
YAKUTSK    240510 3600 140000-150000   00     197.93 1007.3    204.13    11.37    -9999
YAKUTSK    240510 3600 150000-160000   00     198.15 1007.6    204.84    11.76    -9999
YAKUTSK    240510 3600 160000-170000   00     196.77 1008.0    203.88    11.23    -9999
YAKUTSK    240510 3600 170000-180000   00     195.82 1008.0    203.02    10.77    -9999
YAKUTSK    240510 3600 180000-190000   00     197.07 1008.2    204.48    11.56    -9999
YAKUTSK    240510 3600 190000-200000   00     194.10 1008.3    201.56     9.97    -9999
YAKUTSK    240510 3600 200000-210000   00     192.32 1008.5    200.00     9.11    -9999
YAKUTSK    240510 300  210000-210500   00     193.01 1008.6    200.88     9.60    -9999
YAKUTSK    240510 300  210500-211000   00     190.03 1008.6    197.84     7.94    -9999
YAKUTSK    240510 300  211000-211500   00     189.68 1008.6    197.49     7.75    -9999
YAKUTSK    240510 300  211500-212000   00     190.35 1008.6    198.19     8.13    -9999
YAKUTSK    240510 300  212000-212500   00     190.85 1008.6    198.67     8.39    -9999
YAKUTSK    240510 300  212500-213000   00     188.99 1008.5    196.64     7.28    -9999
YAKUTSK    240510 300  213000-213500   00     188.80 1008.5    196.35     7.12    -9999
YAKUTSK    240510 300  213500-214000   00     185.25 1008.4    192.61     5.09    -9999
YAKUTSK    240510 300  214000-214500   00     182.77 1008.5    190.05     3.69    -9999
YAKUTSK    240510 300  214500-215000   00     182.91 1008.5    190.29     3.82    -9999
YAKUTSK    240510 300  215000-215500   00     183.57 1008.5    190.93     4.17    -9999
YAKUTSK    240510 300  215500-220000   00     182.45 1008.5    189.76     3.53    -9999
YAKUTSK    240510 300  220000-220500   00     182.51 1008.5    189.81     3.56    -9999
YAKUTSK    240510 300  220500-221000   00     184.91 1008.5    192.27     4.90    -9999
YAKUTSK    240510 300  221000-221500   00     182.75 1008.5    190.08     3.70    -9999
YAKUTSK    240510 300  221500-222000   00     182.32 1008.5    189.65     3.47    -9999
YAKUTSK    240510 300  222000-222500   00     180.99 1008.5    188.24     2.70    -9999
YAKUTSK    240510 300  222500-223000   00     180.61 1008.5    187.87     2.50    -9999
YAKUTSK    240510 300  223000-223500   00     181.20 1008.5    188.43     2.80    -9999
YAKUTSK    240510 300  223500-224000   00     179.81 1008.4    186.91     1.97    -9999
YAKUTSK    240510 300  224000-224500   00     177.44 1008.4    184.45     0.63    -9999
YAKUTSK    240510 300  224500-225000   00     176.37 1008.4    183.33     0.02    -9999
YAKUTSK    240510 300  225000-225500   00     176.85 1008.4    183.81     0.28    -9999
YAKUTSK    240510 300  225500-230000   00     176.64 1008.3    183.55     0.14    -9999
YAKUTSK    240510 300  230000-230500   00     174.99 1008.3    181.81    -0.81    -9999
YAKUTSK    240510 300  230500-231000   00     175.47 1008.3    182.29    -0.55    -9999
YAKUTSK    240510 300  231000-231500   00     174.85 1008.3    181.57    -0.94    -9999
YAKUTSK    240510 300  231500-232000   00     175.15 1008.3    181.87    -0.78    -9999
YAKUTSK    240510 300  232000-232500   00     176.96 1008.3    183.79     0.27    -9999
YAKUTSK    240510 300  232500-233000   00     176.67 1008.3    183.49     0.11    -9999
YAKUTSK    240510 300  233000-233500   00     177.47 1008.3    184.35     0.58    -9999
YAKUTSK    240510 300  233500-234000   00     175.17 1008.3    181.92    -0.75    -9999
YAKUTSK    240510 300  234000-234500   00     175.73 1008.3    182.51    -0.43    -9999
YAKUTSK    240510 300  234500-235000   00     175.09 1008.3    181.81    -0.81    -9999
YAKUTSK    240510 300  235000-235500   00     177.44 1008.2    184.24     0.52    -9999
YAKUTSK    240510 300  235500-240000   00     176.56 1008.2    183.31     0.01    -9999
YAKUTSK    240511 300  000000-000500   00     176.96 1008.2    183.71     0.23    -9999
YAKUTSK    240511 300  000500-001000   00     176.51 1008.2    183.15    -0.08    -9999
YAKUTSK    240511 300  001000-001500   00     177.71 1008.1    184.32     0.56    -9999
YAKUTSK    240511 300  001500-002000   00     175.76 1008.1    182.27    -0.56    -9999
YAKUTSK    240511 300  002000-002500   00     178.67 1008.0    185.23     1.06    -9999
YAKUTSK    240511 300  002500-003000   00     175.68 1008.1    182.19    -0.60    -9999
YAKUTSK    240511 300  003000-003500   00     176.77 1008.1    183.31     0.01    -9999
YAKUTSK    240511 300  003500-004000   00     177.87 1008.1    184.40     0.60    -9999
YAKUTSK    240511 300  004000-004500   00     176.85 1008.1    183.39     0.05    -9999
YAKUTSK    240511 300  004500-005000   00     178.19 1008.0    184.75     0.79    -9999
YAKUTSK    240511 300  005000-005500   00     178.37 1008.0    184.85     0.85    -9999
YAKUTSK    240511 300  005500-010000   00     178.13 1007.9    184.51     0.66    -9999
YAKUTSK    240511 300  010000-010500   00     177.79 1007.9    184.08     0.43    -0.53
YAKUTSK    240511 300  010500-011000   00     179.84 1007.9    186.19     1.58     0.59
YAKUTSK    240511 300  011000-011500   00     180.35 1007.8    186.72     1.87     0.86
YAKUTSK    240511 300  011500-012000   00     181.33 1007.8    187.65     2.38     1.34
YAKUTSK    240511 300  012000-012500   00     183.84 1007.8    190.19     3.76     2.70
YAKUTSK    240511 300  012500-013000   00     181.63 1007.7    187.81     2.47     1.39
YAKUTSK    240511 300  013000-013500   00     182.93 1007.6    189.09     3.16     2.06
YAKUTSK    240511 300  013500-014000   00     182.83 1007.6    189.01     3.12     2.00
YAKUTSK    240511 300  014000-014500   00     182.88 1007.6    189.09     3.16     2.03
YAKUTSK    240511 300  014500-015000   00     179.68 1007.6    185.71     1.32     0.17
YAKUTSK    240511 300  015000-015500   00     180.83 1007.6    186.88     1.96     0.79
YAKUTSK    240511 300  015500-020000   00     183.17 1007.6    189.28     3.27     2.07
YAKUTSK    240511 300  020000-020500   00     181.09 1007.6    187.12     2.09     0.88
YAKUTSK    240511 300  020500-021000   00     181.15 1007.5    187.09     2.07     0.85
YAKUTSK    240511 300  021000-021500   00     182.96 1007.5    188.93     3.08     1.83
YAKUTSK    240511 300  021500-022000   00     181.81 1007.4    187.68     2.39     1.14
YAKUTSK    240511 300  022000-022500   00     183.04 1007.4    188.85     3.03     1.76
YAKUTSK    240511 300  022500-023000   00     184.64 1007.3    190.43     3.89     2.60
YAKUTSK    240511 300  023000-023500   00     186.77 1007.3    192.64     5.10     3.78
YAKUTSK    240511 300  023500-024000   00     184.00 1007.3    189.73     3.51     2.19
YAKUTSK    240511 300  024000-024500   00     183.09 1007.3    188.85     3.03     1.70
YAKUTSK    240511 300  024500-025000   00     186.91 1007.2    192.64     5.10     3.74
YAKUTSK    240511 300  025000-025500   00     187.97 1007.2    193.68     5.67     4.29
YAKUTSK    240511 300  025500-030000   00     186.91 1007.1    192.45     5.00     3.61
YAKUTSK    240511 300  030000-030500   00     186.99 1007.1    192.53     5.04     3.64
YAKUTSK    240511 300  030500-031000   00     187.25 1007.0    192.72     5.14     3.73
YAKUTSK    240511 300  031000-031500   00     185.36 1007.0    190.77     4.08     2.66
YAKUTSK    240511 300  031500-032000   00     186.16 1007.0    191.55     4.50     3.07
YAKUTSK    240511 300  032000-032500   00     186.05 1007.0    191.44     4.45     3.00
YAKUTSK    240511 300  032500-033000   00     185.01 1007.0    190.35     3.85     2.40
YAKUTSK    240511 300  033000-033500   00     184.53 1007.0    189.81     3.56     2.10
YAKUTSK    240511 300  033500-034000   00     185.79 1006.8    190.93     4.17     2.69
YAKUTSK    240511 300  034000-034500   00     183.04 1006.8    188.03     2.58     1.11
YAKUTSK    240511 300  034500-035000   00     184.08 1006.8    189.23     3.24     1.75
YAKUTSK    240511 300  035000-035500   00     185.79 1006.9    190.99     4.20     2.69
YAKUTSK    240511 300  035500-040000   00     184.88 1006.8    189.95     3.63     2.12
YAKUTSK    240511 300  040000-040500   00     184.53 1006.8    189.57     3.43     1.91
YAKUTSK    240511 300  040500-041000   00     185.68 1006.7    190.64     4.01     2.48
YAKUTSK    240511 300  041000-041500   00     185.71 1006.7    190.64     4.01     2.47
YAKUTSK    240511 300  041500-042000   00     187.41 1006.6    192.35     4.94     3.39
YAKUTSK    240511 300  042000-042500   00     187.31 1006.6    192.13     4.82     3.27
YAKUTSK    240511 300  042500-043000   00     182.83 1006.6    187.57     2.34     0.79
YAKUTSK    240511 300  043000-043500   00     188.19 1006.6    193.12     5.36     3.79
YAKUTSK    240511 300  043500-044000   00     186.00 1006.6    190.83     4.11     2.54
YAKUTSK    240511 300  044000-044500   00     184.21 1006.5    188.91     3.06     1.50
YAKUTSK    240511 300  044500-045000   00     187.01 1006.6    191.87     4.68     3.10
YAKUTSK    240511 300  045000-045500   00     184.99 1006.6    189.79     3.54     1.96
YAKUTSK    240511 300  045500-050000   00     185.79 1006.6    190.64     4.01     2.42
YAKUTSK    240511 300  050000-050500   00     184.35 1006.6    189.09     3.16     1.58
YAKUTSK    240511 300  050500-051000   00     183.60 1006.6    188.32     2.74     1.16
YAKUTSK    240511 300  051000-051500   00     187.23 1006.5    191.95     4.72     3.12
YAKUTSK    240511 300  051500-052000   00     185.76 1006.4    190.37     3.86     2.27
YAKUTSK    240511 300  052000-052500   00     184.67 1006.4    189.20     3.22     1.63
YAKUTSK    240511 300  052500-053000   00     185.01 1006.3    189.47     3.37     1.77
YAKUTSK    240511 300  053000-053500   00     186.91 1006.3    191.36     4.40     2.79
YAKUTSK    240511 300  053500-054000   00     185.47 1006.2    189.73     3.51     1.91
YAKUTSK    240511 300  054000-054500   00     187.71 1006.2    192.00     4.75     3.14
YAKUTSK    240511 300  054500-055000   00     186.80 1006.1    191.04     4.23     2.62
YAKUTSK    240511 300  055000-055500   00     186.27 1006.1    190.40     3.88     2.27
YAKUTSK    240511 300  055500-060000   00     185.89 1006.0    189.97     3.64     2.04
YAKUTSK    240511 300  060000-060500   00     185.47 1006.0    189.49     3.38     1.78
YAKUTSK    240511 300  060500-061000   00     182.00 1006.0    185.92     1.43    -0.16
YAKUTSK    240511 300  061000-061500   00     182.88 1006.0    186.77     1.90     0.31
YAKUTSK    240511 300  061500-062000   00     181.31 1005.9    185.07     0.97    -0.61
YAKUTSK    240511 300  062000-062500   00     183.39 1005.8    187.12     2.09     0.50
YAKUTSK    240511 300  062500-063000   00     186.43 1005.8    190.13     3.73     2.14
YAKUTSK    240511 300  063000-063500   00     183.81 1005.7    187.41     2.25     0.66
YAKUTSK    240511 300  063500-064000   00     183.79 1005.7    187.31     2.19     0.61
YAKUTSK    240511 300  064000-064500   00     183.49 1005.6    186.96     2.00     0.43
YAKUTSK    240511 300  064500-065000   00     185.17 1005.6    188.61     2.90     1.33
YAKUTSK    240511 300  065000-065500   00     185.25 1005.5    188.61     2.90     1.33
YAKUTSK    240511 300  065500-070000   00     184.35 1005.5    187.63     2.36     0.80
YAKUTSK    240511 300  070000-070500   00     183.92 1005.4    187.12     2.09     0.53
YAKUTSK    240511 300  070500-071000   00     183.79 1005.4    186.96     2.00     0.45
YAKUTSK    240511 300  071000-071500   00     183.17 1005.4    186.24     1.61     0.07
YAKUTSK    240511 300  071500-072000   00     181.97 1005.3    184.91     0.88    -0.65
YAKUTSK    240511 300  072000-072500   00     182.85 1005.2    185.79     1.36    -0.17
YAKUTSK    240511 300  072500-073000   00     183.87 1005.3    186.80     1.91     0.39
YAKUTSK    240511 300  073000-073500   00     182.93 1005.2    185.87     1.40    -0.11
YAKUTSK    240511 300  073500-074000   00     185.15 1005.2    188.08     2.61     1.10
YAKUTSK    240511 300  074000-074500   00     182.91 1005.3    185.84     1.39    -0.11
YAKUTSK    240511 300  074500-075000   00     183.68 1005.2    186.61     1.81     0.32
YAKUTSK    240511 300  075000-075500   00     183.97 1005.2    186.85     1.94     0.46
YAKUTSK    240511 300  075500-080000   00     183.81 1005.1    186.59     1.80     0.32
YAKUTSK    240511 300  080000-080500   00     184.59 1005.1    187.36     2.22     0.75
YAKUTSK    240511 300  080500-081000   00     184.64 1005.1    187.41     2.25     0.79
YAKUTSK    240511 300  081000-081500   00     184.35 1005.1    187.12     2.09     0.64
YAKUTSK    240511 300  081500-082000   00     187.65 1005.1    190.45     3.91     2.46
YAKUTSK    240511 300  082000-082500   00     184.03 1005.0    186.69     1.86     0.43
YAKUTSK    240511 300  082500-083000   00     183.81 1005.0    186.48     1.74     0.33
YAKUTSK    240511 300  083000-083500   00     181.84 1005.0    184.43     0.62    -0.77
YAKUTSK    240511 300  083500-084000   00     183.28 1005.0    185.92     1.43     0.05
YAKUTSK    240511 300  084000-084500   00     184.43 1005.0    187.07     2.06     0.69
YAKUTSK    240511 300  084500-085000   00     183.65 1005.0    186.32     1.65     0.29
YAKUTSK    240511 300  085000-085500   00     184.56 1005.0    187.23     2.15     0.80
YAKUTSK    240511 300  085500-090000   00     181.89 1005.0    184.51     0.66    -0.66
YAKUTSK    240511 300  090000-090500   00     182.83 1005.0    185.41     1.16    -0.16
YAKUTSK    240511 300  090500-091000   00     183.79 1005.0    186.40     1.70     0.39
YAKUTSK    240511 300  091000-091500   00     183.04 1005.0    185.65     1.29     0.00
YAKUTSK    240511 300  091500-092000   00     183.39 1005.0    185.97     1.46     0.19
YAKUTSK    240511 300  092000-092500   00     182.72 1005.0    185.33     1.11    -0.14
YAKUTSK    240511 300  092500-093000   00     181.84 1005.0    184.45     0.63    -0.60
YAKUTSK    240511 300  093000-093500   00     183.68 1005.0    186.24     1.61     0.38
YAKUTSK    240511 300  093500-094000   00     182.80 1004.9    185.25     1.07    -0.13
YAKUTSK    240511 300  094000-094500   00     185.04 1004.9    187.49     2.29     1.10
YAKUTSK    240511 300  094500-095000   00     183.89 1004.9    186.37     1.68     0.51
YAKUTSK    240511 300  095000-095500   00     184.77 1004.9    187.28     2.18     1.02
YAKUTSK    240511 300  095500-100000   00     182.24 1004.9    184.64     0.74    -0.40
YAKUTSK    240511 300  100000-100500   00     184.99 1004.8    187.39     2.23     1.11
YAKUTSK    240511 300  100500-101000   00     185.25 1004.9    187.71     2.41     1.30
YAKUTSK    240511 300  101000-101500   00     183.44 1004.9    185.95     1.45     0.37
YAKUTSK    240511 300  101500-102000   00     182.64 1004.9    185.15     1.01    -0.04
YAKUTSK    240511 300  102000-102500   00     183.36 1005.0    185.89     1.42     0.38
YAKUTSK    240511 300  102500-103000   00     182.29 1005.0    184.93     0.90    -0.12
YAKUTSK    240511 300  103000-103500   00     184.27 1005.1    186.96     2.00     1.00
YAKUTSK    240511 300  103500-104000   00     179.57 1005.0    182.16    -0.62    -1.58
YAKUTSK    240511 300  104000-104500   00     182.72 1005.1    185.44     1.17     0.22
YAKUTSK    240511 300  104500-105000   00     181.41 1005.1    184.16     0.47    -0.45
YAKUTSK    240511 300  105000-105500   00     183.87 1005.1    186.67     1.84     0.93
YAKUTSK    240511 300  105500-110000   00     180.51 1005.2    183.28    -0.01    -0.88
YAKUTSK    240511 300  110000-110500   00     183.47 1005.2    186.32     1.65     0.79
YAKUTSK    240511 300  110500-111000   00     180.88 1005.2    183.71     0.23    -0.61
YAKUTSK    240511 300  111000-111500   00     179.97 1005.2    182.80    -0.27    -1.07
YAKUTSK    240511 300  111500-112000   00     184.45 1005.2    187.36     2.22     1.42
YAKUTSK    240511 300  112000-112500   00     182.96 1005.2    185.84     1.39     0.62
YAKUTSK    240511 300  112500-113000   00     180.56 1005.2    183.47     0.10    -0.64
YAKUTSK    240511 300  113000-113500   00     182.61 1005.3    185.55     1.23     0.52
YAKUTSK    240511 300  113500-114000   00     183.15 1005.3    186.13     1.55     0.86
YAKUTSK    240511 300  114000-114500   00     180.32 1005.3    183.25    -0.02    -0.68
YAKUTSK    240511 300  114500-115000   00     180.61 1005.3    183.55     0.14    -0.49
YAKUTSK    240511 300  115000-115500   00     179.60 1005.3    182.53    -0.41    -1.01
YAKUTSK    240511 300  115500-120000   00     179.68 1005.3    182.59    -0.38    -0.96
YAKUTSK    240511 300  120000-120500   00     180.83 1005.3    183.73     0.24    -0.31
YAKUTSK    240511 300  120500-121000   00     179.65 1005.2    182.56    -0.40    -0.92
YAKUTSK    240511 300  121000-121500   00     180.64 1005.2    183.47     0.10    -0.40
YAKUTSK    240511 300  121500-122000   00     184.45 1005.2    187.25     2.16     1.69
YAKUTSK    240511 300  122000-122500   00     180.93 1005.1    183.65     0.20    -0.24
YAKUTSK    240511 300  122500-123000   00     181.09 1005.1    183.81     0.28    -0.12
YAKUTSK    240511 300  123000-123500   00     180.48 1005.1    183.15    -0.08    -0.45
YAKUTSK    240511 300  123500-124000   00     183.23 1005.1    185.95     1.45     1.10
YAKUTSK    240511 300  124000-124500   00     181.55 1005.1    184.21     0.50     0.19
YAKUTSK    240511 300  124500-125000   00     181.76 1005.1    184.43     0.62     0.33
YAKUTSK    240511 300  125000-125500   00     183.31 1005.1    185.97     1.46     1.20
YAKUTSK    240511 300  125500-130000   00     179.25 1005.1    181.92    -0.75    -0.96
YAKUTSK    240511 300  130000-130500   00     180.37 1005.1    183.07    -0.12    -0.31
YAKUTSK    240511 300  130500-131000   00     181.57 1005.1    184.24     0.52     0.36
YAKUTSK    240511 300  131000-131500   00     179.23 1005.1    181.84    -0.79    -0.91
YAKUTSK    240511 300  131500-132000   00     180.45 1005.0    183.04    -0.14    -0.22
YAKUTSK    240511 300  132000-132500   00     178.85 1005.0    181.41    -1.03    -1.07
YAKUTSK    240511 300  132500-133000   00     176.53 1005.0    179.07    -2.31    -2.31
YAKUTSK    240511 300  133000-133500   00     179.09 1005.0    181.68    -0.88    -0.86
YAKUTSK    240511 300  133500-134000   00     179.23 1005.1    181.89    -0.76    -0.71
YAKUTSK    240511 300  134000-134500   00     180.03 1005.1    182.69    -0.33    -0.24
YAKUTSK    240511 300  134500-135000   00     177.84 1005.1    180.45    -1.55    -1.42
YAKUTSK    240511 300  135000-135500   00     178.69 1005.0    181.25    -1.11    -0.95
YAKUTSK    240511 300  135500-140000   00     178.51 1005.0    181.04    -1.23    -1.03
YAKUTSK    240511 300  140000-140500   00     179.36 1004.9    181.84    -0.79    -9999
YAKUTSK    240511 300  140500-141000   00     179.55 1004.9    181.92    -0.75    -9999
YAKUTSK    240511 300  141000-141500   00     179.60 1004.8    181.89    -0.76    -9999
YAKUTSK    240511 300  141500-142000   00     180.00 1004.8    182.29    -0.55    -9999
YAKUTSK    240511 300  142000-142500   00     178.77 1004.9    181.15    -1.17    -9999
YAKUTSK    240511 300  142500-143000   00     180.83 1004.9    183.25    -0.02    -9999
YAKUTSK    240511 300  143000-143500   00     180.83 1004.9    183.31     0.01    -9999
YAKUTSK    240511 300  143500-144000   00     178.51 1004.9    180.88    -1.32    -9999
YAKUTSK    240511 300  144000-144500   00     178.69 1004.9    181.04    -1.23    -9999
YAKUTSK    240511 300  144500-145000   00     182.83 1004.9    185.28     1.08    -9999
YAKUTSK    240511 300  145000-145500   00     179.63 1004.9    182.05    -0.68    -9999
YAKUTSK    240511 300  145500-150000   00     181.23 1004.9    183.63     0.18    -9999
YAKUTSK    240511 300  150000-150500   00     180.75 1004.9    183.15    -0.08    -9999
YAKUTSK    240511 300  150500-151000   00     179.20 1004.9    181.55    -0.95    -9999
YAKUTSK    240511 300  151000-151500   00     179.89 1004.8    182.19    -0.60    -9999
YAKUTSK    240511 300  151500-152000   00     179.73 1004.8    182.00    -0.71    -9999
YAKUTSK    240511 300  152000-152500   00     182.56 1004.8    184.83     0.84    -9999
YAKUTSK    240511 300  152500-153000   00     179.92 1004.7    182.08    -0.66    -9999
YAKUTSK    240511 300  153000-153500   00     181.47 1004.7    183.60     0.17    -9999
YAKUTSK    240511 300  153500-154000   00     180.35 1004.7    182.45    -0.46    -9999
YAKUTSK    240511 300  154000-154500   00     179.20 1004.6    181.20    -1.14    -9999
YAKUTSK    240511 300  154500-155000   00     178.00 1004.5    179.87    -1.87    -9999
YAKUTSK    240511 300  155000-155500   00     180.56 1004.5    182.43    -0.47    -9999
YAKUTSK    240511 300  155500-160000   00     180.75 1004.5    182.59    -0.38    -9999
YAKUTSK    240511 3600 160000-170000   00     181.85 1004.4    183.61     0.17    -9999
YAKUTSK    240511 3600 170000-180000   00     182.10 1004.1    183.55     0.14    -9999
YAKUTSK    240511 3600 180000-190000   00     183.50 1003.9    184.57     0.70    -9999
YAKUTSK    240511 3600 190000-200000   00     184.54 1003.7    185.45     1.18    -9999
YAKUTSK    240511 3600 200000-210000   00     185.40 1003.5    185.99     1.47    -9999
YAKUTSK    240511 3600 210000-220000   00     186.63 1003.4    187.08     2.07    -9999
YAKUTSK    240511 3600 220000-230000   00     187.68 1003.3    188.01     2.58    -9999
YAKUTSK    240511 3600 230000-240000   00     187.68 1002.8    187.37     2.22    -9999
YAKUTSK    240512 3600 000000-010000   00     188.46 1002.4    187.59     2.34    -9999
YAKUTSK    240512 3600 010000-020000   00     190.48 1002.1    189.15     3.19    -9999
YAKUTSK    240512 3600 020000-030000   00     191.74 1001.6    189.77     3.53    -9999
YAKUTSK    240512 3600 030000-040000   00     192.45 1001.1    189.78     3.54    -9999
YAKUTSK    240512 3600 040000-050000   00     192.78 1000.4    189.17     3.21    -9999
YAKUTSK    240512 3600 050000-060000   00     193.10  999.8    188.65     2.92    -9999
YAKUTSK    240512 3600 060000-070000   00     193.50  999.0    187.93     2.53    -9999
YAKUTSK    240512 3600 070000-080000   00     193.60  998.2    186.92     1.98    -9999
YAKUTSK    240512 3600 080000-090000   00     193.89  997.6    186.45     1.72    -9999
YAKUTSK    240512 3600 090000-100000   00     195.21  997.2    187.13     2.10    -9999
YAKUTSK    240512 3600 100000-110000   00     196.11  996.8    187.50     2.30    -9999
YAKUTSK    240512 3600 110000-120000   00     195.58  996.6    186.73     1.87    -9999
YAKUTSK    240512 3600 120000-130000   00     196.07  996.5    186.99     2.02    -9999
YAKUTSK    240512 3600 130000-140000   00     196.67  996.3    187.23     2.15    -9999
YAKUTSK    240512 3600 140000-150000   00     196.75  996.0    187.00     2.02    -9999
YAKUTSK    240512 3600 150000-160000   00     196.10  995.6    185.84     1.39    -9999
YAKUTSK    240512 3600 160000-170000   00     197.99  995.2    187.09     2.07    -9999
YAKUTSK    240512 3600 170000-180000   00     198.47  994.9    187.17     2.12    -9999
YAKUTSK    240512 3600 180000-190000   00     198.69  994.7    187.09     2.07    -9999
YAKUTSK    240512 3600 190000-200000   00     199.76  994.5    187.82     2.47    -9999
YAKUTSK    240512 3600 200000-210000   00     201.20  994.4    189.03     3.13    -9999
YAKUTSK    240512 3600 210000-220000   00     202.34  994.3    190.00     3.66    -9999
YAKUTSK    240512 3600 220000-230000   00     205.42  994.2    192.70     5.13    -9999
YAKUTSK    240512 3600 230000-240000   00     208.44  993.8    194.99     6.38    -9999
*
COMMENT NM DATA DOWNLOADED FROM NMDB ON 14.5.2024
COMMENT DETRENDING DONE BY IU
COMMENT UNIVERISTY OF OULU: FILE GENERATED FROM DATABASE AND OBTAINED FROM
COMMENT https://gle.oulu.fi at 2025-01-03 09:23:40 +00:00
COMMENT FOR HISTORICAL/ORIGINAL TEXT FILES SEE https://gle.oulu.fi/txtarchive/
COMMENT ORIGINAL AT https://gle.oulu.fi/txtarchive/GLE74/C074YKTK_cor.DAT
COMMENT DETRENDED DATA SHOW -9999 IF EQUAL TO INC% COLUMN 