MIRNY      LATITUDE    -66.55    LONGITUDE     93.02     ALTITUDE    30 M
MIRNY      INSTRUMENT   12NM64    NEUTRON MONITOR
MIRNY      STANDARD PRESSURE    1013    MB     COEFFICIENT   -0.73     % / MB
MIRNY      PRE-INCREASE BASELINE TIME INTERVAL    240510    230000-010000   UT
MIRNY      PRE-INCREASE AVERAGE COUNTING RATE  5,842.42      COUNTS PER SECOND
MIRNY      TIME INTERVALS    300         3600     
MIRNY      SCALE FACTORS     1           1        
STATION    YYMMDD  SEC   TIME (UT)   CODE    UNCORR. PRESS.    CORR.    % INC.	DETRENDED
                         INTERVAL    TD      C/S     (MB)      C/S
MIRNY      240510 3600 000000-010000   00    7852.00  976.2   6585.00    12.71    -9999
MIRNY      240510 3600 010000-020000   00    7858.00  976.3   6617.00    13.26    -9999
MIRNY      240510 3600 020000-030000   00    7810.00  976.4   6560.00    12.28    -9999
MIRNY      240510 3600 030000-040000   00    7847.00  976.5   6597.00    12.92    -9999
MIRNY      240510 3600 040000-050000   00    7832.00  976.7   6606.00    13.07    -9999
MIRNY      240510 3600 050000-060000   00    7803.00  976.7   6569.00    12.44    -9999
MIRNY      240510 3600 060000-070000   00    7837.00  976.5   6584.00    12.69    -9999
MIRNY      240510 3600 070000-080000   00    7842.00  976.6   6593.00    12.85    -9999
MIRNY      240510 3600 080000-090000   00    7850.00  977.0   6622.00    13.34    -9999
MIRNY      240510 3600 090000-100000   00    7820.00  977.1   6600.00    12.97    -9999
MIRNY      240510 3600 100000-110000   00    7887.00  976.8   6659.00    13.98    -9999
MIRNY      240510 3600 110000-120000   00    7865.00  976.8   6651.00    13.84    -9999
MIRNY      240510 3600 120000-130000   00    7883.00  976.6   6659.00    13.98    -9999
MIRNY      240510 3600 130000-140000   00    7886.00  976.2   6611.00    13.16    -9999
MIRNY      240510 3600 140000-150000   00    7901.00  976.3   6676.00    14.27    -9999
MIRNY      240510 3600 150000-160000   00    7920.00  976.4   6651.00    13.84    -9999
MIRNY      240510 3600 160000-170000   00    7917.00  976.0   6642.00    13.69    -9999
MIRNY      240510 3600 170000-180000   00    7928.00  975.3   6616.00    13.24    -9999
MIRNY      240510 3600 180000-190000   00    7769.00  975.2   6467.00    10.69    -9999
MIRNY      240510 3600 190000-200000   00    7732.00  974.8   6418.00     9.85    -9999
MIRNY      240510 3600 200000-210000   00    7697.00  974.5   6374.00     9.10    -9999
MIRNY      240510 3600 210000-220000   00    7420.00  974.2   6129.00     4.91    -9999
MIRNY      240510 300  220000-220500   00    7264.00  974.0   5995.00     2.61    -9999
MIRNY      240510 300  220500-221000   00    7286.00  974.0   6011.00     2.89    -9999
MIRNY      240510 300  221000-221500   00    7171.00  974.0   5916.00     1.26    -9999
MIRNY      240510 300  221500-222000   00    7109.00  974.0   5863.00     0.35    -9999
MIRNY      240510 300  222000-222500   00    7009.00  973.8   5776.00    -1.14    -9999
MIRNY      240510 300  222500-223000   00    7118.00  973.7   5862.00     0.34    -9999
MIRNY      240510 300  223000-223500   00    7115.00  973.8   5862.00     0.34    -9999
MIRNY      240510 300  223500-224000   00    7010.00  973.8   5775.00    -1.15    -9999
MIRNY      240510 300  224000-224500   00    7109.00  973.8   5857.00     0.25    -9999
MIRNY      240510 300  224500-225000   00    7094.00  973.7   5838.00    -0.08    -9999
MIRNY      240510 300  225000-225500   00    7220.00  973.7   5941.00     1.69    -9999
MIRNY      240510 300  225500-230000   00    7228.00  973.7   5952.00     1.88    -9999
MIRNY      240510 300  230000-230500   00    7117.00  973.7   5859.00     0.28    -9999
MIRNY      240510 300  230500-231000   00    7165.00  974.0   5908.00     1.12    -9999
MIRNY      240510 300  231000-231500   00    7109.00  974.0   5864.00     0.37    -9999
MIRNY      240510 300  231500-232000   00    7118.00  973.9   5869.00     0.45    -9999
MIRNY      240510 300  232000-232500   00    7115.00  973.9   5866.00     0.40    -9999
MIRNY      240510 300  232500-233000   00    7139.00  973.9   5883.00     0.69    -9999
MIRNY      240510 300  233000-233500   00    7171.00  973.9   5910.00     1.16    -9999
MIRNY      240510 300  233500-234000   00    7133.00  973.8   5877.00     0.59    -9999
MIRNY      240510 300  234000-234500   00    7032.00  973.6   5786.00    -0.97    -9999
MIRNY      240510 300  234500-235000   00    7016.00  973.8   5777.00    -1.12    -9999
MIRNY      240510 300  235000-235500   00    7019.00  973.8   5781.00    -1.05    -9999
MIRNY      240510 300  235500-240000   00    6998.00  973.9   5767.00    -1.29    -9999
MIRNY      240511 300  000000-000500   00    6937.00  973.8   5713.00    -2.22    -9999
MIRNY      240511 300  000500-001000   00    7181.00  973.7   5911.00     1.17    -9999
MIRNY      240511 300  001000-001500   00    7089.00  973.7   5836.00    -0.11    -9999
MIRNY      240511 300  001500-002000   00    7083.00  973.6   5826.00    -0.28    -9999
MIRNY      240511 300  002000-002500   00    7121.00  973.5   5853.00     0.18    -9999
MIRNY      240511 300  002500-003000   00    7135.00  973.4   5862.00     0.34    -9999
MIRNY      240511 300  003000-003500   00    7020.00  973.3   5762.00    -1.38    -9999
MIRNY      240511 300  003500-004000   00    7128.00  973.1   5841.00    -0.02    -9999
MIRNY      240511 300  004000-004500   00    7263.00  973.1   5952.00     1.88    -9999
MIRNY      240511 300  004500-005000   00    7136.00  973.1   5849.00     0.11    -9999
MIRNY      240511 300  005000-005500   00    7142.00  973.1   5852.00     0.16    -9999
MIRNY      240511 300  005500-010000   00    7092.00  973.2   5814.00    -0.49    -9999
MIRNY      240511 300  010000-010500   00    7147.00  973.2   5863.00     0.35     0.35
MIRNY      240511 300  010500-011000   00    7252.00  973.1   5945.00     1.76     1.75
MIRNY      240511 300  011000-011500   00    7210.00  973.2   5915.00     1.24     1.24
MIRNY      240511 300  011500-012000   00    7203.00  973.4   5914.00     1.23     1.22
MIRNY      240511 300  012000-012500   00    7162.00  973.4   5883.00     0.69     0.68
MIRNY      240511 300  012500-013000   00    7123.00  973.3   5845.00     0.04     0.03
MIRNY      240511 300  013000-013500   00    7201.00  973.2   5906.00     1.09     1.07
MIRNY      240511 300  013500-014000   00    7173.00  973.0   5874.00     0.54     0.52
MIRNY      240511 300  014000-014500   00    7295.00  972.9   5970.00     2.18     2.16
MIRNY      240511 300  014500-015000   00    7442.00  972.9   6090.00     4.24     4.21
MIRNY      240511 300  015000-015500   00    7381.00  973.0   6045.00     3.47     3.44
MIRNY      240511 300  015500-020000   00    7451.00  972.9   6098.00     4.37     4.34
MIRNY      240511 300  020000-020500   00    7289.00  972.7   5955.00     1.93     1.89
MIRNY      240511 300  020500-021000   00    7282.00  972.6   5945.00     1.76     1.72
MIRNY      240511 300  021000-021500   00    7377.00  972.5   6020.00     3.04     3.00
MIRNY      240511 300  021500-022000   00    7470.00  972.6   6101.00     4.43     4.38
MIRNY      240511 300  022000-022500   00    7517.00  972.7   6143.00     5.14     5.10
MIRNY      240511 300  022500-023000   00    7491.00  972.7   6122.00     4.79     4.74
MIRNY      240511 300  023000-023500   00    7495.00  972.7   6127.00     4.87     4.82
MIRNY      240511 300  023500-024000   00    7423.00  972.8   6070.00     3.90     3.84
MIRNY      240511 300  024000-024500   00    7420.00  972.7   6062.00     3.76     3.70
MIRNY      240511 300  024500-025000   00    7457.00  972.7   6092.00     4.27     4.21
MIRNY      240511 300  025000-025500   00    7378.00  972.7   6028.00     3.18     3.11
MIRNY      240511 300  025500-030000   00    7339.00  972.8   6002.00     2.73     2.66
MIRNY      240511 300  030000-030500   00    7380.00  972.9   6037.00     3.33     3.26
MIRNY      240511 300  030500-031000   00    7431.00  972.8   6076.00     4.00     3.92
MIRNY      240511 300  031000-031500   00    7332.00  973.0   6004.00     2.77     2.69
MIRNY      240511 300  031500-032000   00    7377.00  972.9   6039.00     3.36     3.28
MIRNY      240511 300  032000-032500   00    7473.00  972.9   6116.00     4.68     4.60
MIRNY      240511 300  032500-033000   00    7486.00  972.9   6128.00     4.89     4.80
MIRNY      240511 300  033000-033500   00    7352.00  973.0   6020.00     3.04     2.95
MIRNY      240511 300  033500-034000   00    7367.00  972.9   6029.00     3.19     3.10
MIRNY      240511 300  034000-034500   00    7249.00  972.7   5925.00     1.41     1.32
MIRNY      240511 300  034500-035000   00    7402.00  972.7   6048.00     3.52     3.42
MIRNY      240511 300  035000-035500   00    7319.00  972.7   5979.00     2.34     2.24
MIRNY      240511 300  035500-040000   00    7297.00  972.7   5962.00     2.05     1.94
MIRNY      240511 300  040000-040500   00    7379.00  972.7   6028.00     3.18     3.07
MIRNY      240511 300  040500-041000   00    7280.00  972.6   5942.00     1.70     1.59
MIRNY      240511 300  041000-041500   00    7524.00  972.7   6145.00     5.18     5.07
MIRNY      240511 300  041500-042000   00    7431.00  972.7   6068.00     3.86     3.75
MIRNY      240511 300  042000-042500   00    7491.00  972.5   6113.00     4.63     4.51
MIRNY      240511 300  042500-043000   00    7449.00  972.5   6076.00     4.00     3.88
MIRNY      240511 300  043000-043500   00    7347.00  972.4   5992.00     2.56     2.44
MIRNY      240511 300  043500-044000   00    7453.00  972.6   6083.00     4.12     3.99
MIRNY      240511 300  044000-044500   00    7349.00  972.3   5989.00     2.51     2.38
MIRNY      240511 300  044500-045000   00    7404.00  972.5   6038.00     3.35     3.21
MIRNY      240511 300  045000-045500   00    7446.00  972.4   6070.00     3.90     3.76
MIRNY      240511 300  045500-050000   00    7391.00  972.1   6013.00     2.92     2.78
MIRNY      240511 300  050000-050500   00    7487.00  972.1   6093.00     4.29     4.15
MIRNY      240511 300  050500-051000   00    7357.00  972.1   5983.00     2.41     2.26
MIRNY      240511 300  051000-051500   00    7449.00  972.0   6054.00     3.62     3.47
MIRNY      240511 300  051500-052000   00    7497.00  971.9   6091.00     4.25     4.10
MIRNY      240511 300  052000-052500   00    7451.00  971.9   6050.00     3.55     3.40
MIRNY      240511 300  052500-053000   00    7405.00  971.9   6016.00     2.97     2.81
MIRNY      240511 300  053000-053500   00    7380.00  972.0   5997.00     2.65     2.48
MIRNY      240511 300  053500-054000   00    7512.00  971.9   6103.00     4.46     4.30
MIRNY      240511 300  054000-054500   00    7400.00  971.9   6011.00     2.89     2.72
MIRNY      240511 300  054500-055000   00    7416.00  971.8   6018.00     3.01     2.84
MIRNY      240511 300  055000-055500   00    7453.00  971.7   6046.00     3.48     3.31
MIRNY      240511 300  055500-060000   00    7410.00  971.8   6015.00     2.95     2.78
MIRNY      240511 300  060000-060500   00    7443.00  971.9   6045.00     3.47     3.29
MIRNY      240511 300  060500-061000   00    7406.00  971.8   6013.00     2.92     2.74
MIRNY      240511 300  061000-061500   00    7431.00  971.8   6033.00     3.26     3.08
MIRNY      240511 300  061500-062000   00    7329.00  971.8   5947.00     1.79     1.60
MIRNY      240511 300  062000-062500   00    7348.00  971.8   5966.00     2.12     1.92
MIRNY      240511 300  062500-063000   00    7352.00  971.8   5967.00     2.13     1.94
MIRNY      240511 300  063000-063500   00    7395.00  971.8   6004.00     2.77     2.57
MIRNY      240511 300  063500-064000   00    7397.00  971.8   6003.00     2.75     2.55
MIRNY      240511 300  064000-064500   00    7366.00  971.8   5978.00     2.32     2.12
MIRNY      240511 300  064500-065000   00    7413.00  971.8   6017.00     2.99     2.78
MIRNY      240511 300  065000-065500   00    7465.00  971.6   6052.00     3.59     3.38
MIRNY      240511 300  065500-070000   00    7325.00  971.6   5936.00     1.60     1.39
MIRNY      240511 300  070000-070500   00    7402.00  971.6   5999.00     2.68     2.47
MIRNY      240511 300  070500-071000   00    7402.00  971.4   5989.00     2.51     2.29
MIRNY      240511 300  071000-071500   00    7439.00  971.4   6020.00     3.04     2.82
MIRNY      240511 300  071500-072000   00    7403.00  971.3   5988.00     2.49     2.27
MIRNY      240511 300  072000-072500   00    7353.00  971.3   5946.00     1.77     1.55
MIRNY      240511 300  072500-073000   00    7379.00  971.2   5962.00     2.05     1.82
MIRNY      240511 300  073000-073500   00    7406.00  971.1   5982.00     2.39     2.16
MIRNY      240511 300  073500-074000   00    7388.00  971.2   5967.00     2.13     1.90
MIRNY      240511 300  074000-074500   00    7374.00  971.0   5951.00     1.86     1.62
MIRNY      240511 300  074500-075000   00    7359.00  971.1   5941.00     1.69     1.45
MIRNY      240511 300  075000-075500   00    7423.00  971.1   5995.00     2.61     2.37
MIRNY      240511 300  075500-080000   00    7433.00  971.1   6001.00     2.71     2.47
MIRNY      240511 300  080000-080500   00    7407.00  971.1   5980.00     2.35     2.10
MIRNY      240511 300  080500-081000   00    7420.00  970.9   5984.00     2.42     2.17
MIRNY      240511 300  081000-081500   00    7522.00  971.0   6071.00     3.91     3.66
MIRNY      240511 300  081500-082000   00    7487.00  971.0   6040.00     3.38     3.12
MIRNY      240511 300  082000-082500   00    7469.00  970.9   6021.00     3.06     2.79
MIRNY      240511 300  082500-083000   00    7401.00  970.9   5968.00     2.15     1.88
MIRNY      240511 300  083000-083500   00    7344.00  970.9   5919.00     1.31     1.04
MIRNY      240511 300  083500-084000   00    7454.00  970.6   5999.00     2.68     2.41
MIRNY      240511 300  084000-084500   00    7502.00  970.7   6039.00     3.36     3.09
MIRNY      240511 300  084500-085000   00    7345.00  970.7   5914.00     1.23     0.95
MIRNY      240511 300  085000-085500   00    7386.00  970.7   5946.00     1.77     1.49
MIRNY      240511 300  085500-090000   00    7285.00  970.6   5862.00     0.34     0.05
MIRNY      240511 300  090000-090500   00    7236.00  970.7   5826.00    -0.28    -0.57
MIRNY      240511 300  090500-091000   00    7236.00  970.7   5823.00    -0.33    -0.62
MIRNY      240511 300  091000-091500   00    7419.00  970.7   5972.00     2.22     1.93
MIRNY      240511 300  091500-092000   00    7377.00  970.7   5940.00     1.67     1.37
MIRNY      240511 300  092000-092500   00    7463.00  970.6   6004.00     2.77     2.47
MIRNY      240511 300  092500-093000   00    7294.00  970.7   5870.00     0.47     0.17
MIRNY      240511 300  093000-093500   00    7443.00  970.5   5985.00     2.44     2.14
MIRNY      240511 300  093500-094000   00    7388.00  970.5   5940.00     1.67     1.36
MIRNY      240511 300  094000-094500   00    7418.00  970.5   5961.00     2.03     1.72
MIRNY      240511 300  094500-095000   00    7251.00  970.5   5831.00    -0.20    -0.51
MIRNY      240511 300  095000-095500   00    7453.00  970.5   5989.00     2.51     2.19
MIRNY      240511 300  095500-100000   00    7317.00  970.5   5883.00     0.69     0.37
MIRNY      240511 300  100000-100500   00    7334.00  970.5   5896.00     0.92     0.59
MIRNY      240511 300  100500-101000   00    7276.00  970.5   5850.00     0.13    -0.20
MIRNY      240511 300  101000-101500   00    7407.00  970.5   5954.00     1.91     1.58
MIRNY      240511 300  101500-102000   00    7357.00  970.5   5914.00     1.23     0.89
MIRNY      240511 300  102000-102500   00    7416.00  970.4   5955.00     1.93     1.59
MIRNY      240511 300  102500-103000   00    7415.00  970.3   5953.00     1.89     1.55
MIRNY      240511 300  103000-103500   00    7408.00  970.2   5942.00     1.70     1.36
MIRNY      240511 300  103500-104000   00    7526.00  970.2   6036.00     3.31     2.97
MIRNY      240511 300  104000-104500   00    7476.00  970.1   5994.00     2.59     2.25
MIRNY      240511 300  104500-105000   00    7492.00  970.0   6000.00     2.70     2.35
MIRNY      240511 300  105000-105500   00    7348.00  970.0   5884.00     0.71     0.36
MIRNY      240511 300  105500-110000   00    7491.00  969.9   5998.00     2.66     2.31
MIRNY      240511 300  110000-110500   00    7476.00  969.9   5985.00     2.44     2.08
MIRNY      240511 300  110500-111000   00    7475.00  970.0   5988.00     2.49     2.13
MIRNY      240511 300  111000-111500   00    7562.00  969.9   6052.00     3.59     3.22
MIRNY      240511 300  111500-112000   00    7457.00  969.9   5966.00     2.12     1.75
MIRNY      240511 300  112000-112500   00    7548.00  969.9   6040.00     3.38     3.01
MIRNY      240511 300  112500-113000   00    7456.00  969.8   5964.00     2.08     1.71
MIRNY      240511 300  113000-113500   00    7518.00  969.8   6012.00     2.90     2.53
MIRNY      240511 300  113500-114000   00    7428.00  969.8   5939.00     1.65     1.27
MIRNY      240511 300  114000-114500   00    7419.00  969.7   5929.00     1.48     1.10
MIRNY      240511 300  114500-115000   00    7438.00  969.7   5945.00     1.76     1.37
MIRNY      240511 300  115000-115500   00    7382.00  969.8   5903.00     1.04     0.65
MIRNY      240511 300  115500-120000   00    7517.00  969.8   6010.00     2.87     2.48
MIRNY      240511 300  120000-120500   00    7451.00  969.7   5954.00     1.91     1.52
MIRNY      240511 300  120500-121000   00    7539.00  969.7   6025.00     3.13     2.73
MIRNY      240511 300  121000-121500   00    7461.00  969.7   5961.00     2.03     1.63
MIRNY      240511 300  121500-122000   00    7477.00  969.7   5975.00     2.27     1.87
MIRNY      240511 300  122000-122500   00    7411.00  969.7   5921.00     1.34     0.94
MIRNY      240511 300  122500-123000   00    7429.00  969.7   5937.00     1.62     1.21
MIRNY      240511 300  123000-123500   00    7387.00  969.7   5903.00     1.04     0.62
MIRNY      240511 300  123500-124000   00    7423.00  969.6   5928.00     1.46     1.05
MIRNY      240511 300  124000-124500   00    7375.00  969.5   5884.00     0.71     0.29
MIRNY      240511 300  124500-125000   00    7419.00  969.3   5912.00     1.19     0.77
MIRNY      240511 300  125000-125500   00    7370.00  969.2   5867.00     0.42     0.00
MIRNY      240511 300  125500-130000   00    7403.00  969.1   5888.00     0.78     0.35
MIRNY      240511 300  130000-130500   00    7467.00  969.0   5939.00     1.65     1.22
MIRNY      240511 300  130500-131000   00    7309.00  969.0   5813.00    -0.50    -0.94
MIRNY      240511 300  131000-131500   00    7453.00  968.9   5923.00     1.38     0.94
MIRNY      240511 300  131500-132000   00    7368.00  969.1   5861.00     0.32    -0.12
MIRNY      240511 300  132000-132500   00    7445.00  969.1   5922.00     1.36     0.92
MIRNY      240511 300  132500-133000   00    7477.00  968.9   5939.00     1.65     1.21
MIRNY      240511 300  133000-133500   00    7415.00  968.9   5892.00     0.85     0.40
MIRNY      240511 300  133500-134000   00    7366.00  968.8   5845.00     0.04    -0.41
MIRNY      240511 300  134000-134500   00    7439.00  968.8   5905.00     1.07     0.62
MIRNY      240511 300  134500-135000   00    7467.00  968.8   5925.00     1.41     0.96
MIRNY      240511 300  135000-135500   00    7425.00  968.7   5890.00     0.81     0.35
MIRNY      240511 300  135500-140000   00    7401.00  968.7   5873.00     0.52     0.06
MIRNY      240511 300  140000-140500   00    7277.00  968.7   5774.00    -1.17    -9999
MIRNY      240511 300  140500-141000   00    7332.00  968.7   5817.00    -0.44    -9999
MIRNY      240511 300  141000-141500   00    7400.00  968.8   5874.00     0.54    -9999
MIRNY      240511 300  141500-142000   00    7409.00  968.6   5874.00     0.54    -9999
MIRNY      240511 300  142000-142500   00    7545.00  968.6   5981.00     2.37    -9999
MIRNY      240511 300  142500-143000   00    7314.00  968.6   5796.00    -0.79    -9999
MIRNY      240511 300  143000-143500   00    7532.00  968.3   5960.00     2.01    -9999
MIRNY      240511 300  143500-144000   00    7425.00  968.3   5872.00     0.51    -9999
MIRNY      240511 300  144000-144500   00    7488.00  968.4   5926.00     1.43    -9999
MIRNY      240511 300  144500-145000   00    7450.00  968.3   5891.00     0.83    -9999
MIRNY      240511 300  145000-145500   00    7510.00  968.2   5933.00     1.55    -9999
MIRNY      240511 300  145500-150000   00    7425.00  968.2   5869.00     0.45    -9999
MIRNY      240511 300  150000-150500   00    7396.00  968.3   5847.00     0.08    -9999
MIRNY      240511 300  150500-151000   00    7403.00  968.1   5846.00     0.06    -9999
MIRNY      240511 300  151000-151500   00    7334.00  968.2   5795.00    -0.81    -9999
MIRNY      240511 300  151500-152000   00    7476.00  968.1   5906.00     1.09    -9999
MIRNY      240511 300  152000-152500   00    7440.00  968.0   5873.00     0.52    -9999
MIRNY      240511 300  152500-153000   00    7500.00  968.1   5924.00     1.40    -9999
MIRNY      240511 300  153000-153500   00    7436.00  968.2   5875.00     0.56    -9999
MIRNY      240511 300  153500-154000   00    7365.00  968.1   5818.00    -0.42    -9999
MIRNY      240511 300  154000-154500   00    7405.00  968.1   5846.00     0.06    -9999
MIRNY      240511 300  154500-155000   00    7354.00  967.9   5796.00    -0.79    -9999
MIRNY      240511 300  155000-155500   00    7407.00  967.8   5838.00    -0.08    -9999
MIRNY      240511 300  155500-160000   00    7452.00  967.7   5868.00     0.44    -9999
MIRNY      240511 300  160000-160500   00    7511.00  967.7   5916.00     1.26    -9999
MIRNY      240511 300  160500-161000   00    7513.00  967.9   5922.00     1.36    -9999
MIRNY      240511 300  161000-161500   00    7426.00  967.7   5849.00     0.11    -9999
MIRNY      240511 300  161500-162000   00    7506.00  967.5   5904.00     1.05    -9999
MIRNY      240511 300  162000-162500   00    7528.00  967.3   5912.00     1.19    -9999
MIRNY      240511 300  162500-163000   00    7484.00  967.2   5873.00     0.52    -9999
MIRNY      240511 300  163000-163500   00    7429.00  967.1   5825.00    -0.30    -9999
MIRNY      240511 300  163500-164000   00    7497.00  967.2   5882.00     0.68    -9999
MIRNY      240511 300  164000-164500   00    7468.00  967.1   5852.00     0.16    -9999
MIRNY      240511 300  164500-165000   00    7451.00  967.0   5838.00    -0.08    -9999
MIRNY      240511 300  165000-165500   00    7586.00  967.1   5949.00     1.82    -9999
MIRNY      240511 300  165500-170000   00    7547.00  967.0   5910.00     1.16    -9999
MIRNY      240511 3600 170000-180000   00    7558.00  966.4   5903.00     1.04    -9999
MIRNY      240511 3600 180000-190000   00    7553.00  965.6   5855.00     0.22    -9999
MIRNY      240511 3600 190000-200000   00    7541.00  965.9   5871.00     0.49    -9999
MIRNY      240511 3600 200000-210000   00    7563.00  965.8   5871.00     0.49    -9999
MIRNY      240511 3600 210000-220000   00    7564.00  965.7   5891.00     0.83    -9999
MIRNY      240511 3600 220000-230000   00    7604.00  965.4   5899.00     0.97    -9999
MIRNY      240511 3600 230000-240000   00    7604.00  965.5   5892.00     0.85    -9999
MIRNY      240512 3600 000000-010000   00    7630.00  965.4   5906.00     1.09    -9999
MIRNY      240512 3600 010000-020000   00    7604.00  965.1   5886.00     0.75    -9999
MIRNY      240512 3600 020000-030000   00    7703.00  964.7   5932.00     1.53    -9999
MIRNY      240512 3600 030000-040000   00    7697.00  964.4   5914.00     1.23    -9999
MIRNY      240512 3600 040000-050000   00    7778.00  964.1   5990.00     2.53    -9999
MIRNY      240512 3600 050000-060000   00    7788.00  964.0   5977.00     2.30    -9999
MIRNY      240512 3600 060000-070000   00    7765.00  964.8   6002.00     2.73    -9999
MIRNY      240512 3600 070000-080000   00    7773.00  965.3   6011.00     2.89    -9999
MIRNY      240512 3600 080000-090000   00    7744.00  966.1   6026.00     3.14    -9999
MIRNY      240512 3600 090000-100000   00    7669.00  967.7   6040.00     3.38    -9999
MIRNY      240512 3600 100000-110000   00    7524.00  968.5   5976.00     2.29    -9999
MIRNY      240512 3600 110000-120000   00    7497.00  969.5   5981.00     2.37    -9999
MIRNY      240512 3600 120000-130000   00    7463.00  970.1   5981.00     2.37    -9999
MIRNY      240512 3600 130000-140000   00    7414.00  970.5   5971.00     2.20    -9999
MIRNY      240512 3600 140000-150000   00    7412.00  971.3   6006.00     2.80    -9999
MIRNY      240512 3600 150000-160000   00    7419.00  971.9   6027.00     3.16    -9999
MIRNY      240512 3600 160000-170000   00    7389.00  972.7   6050.00     3.55    -9999
MIRNY      240512 3600 170000-180000   00    7256.00  973.5   5966.00     2.12    -9999
MIRNY      240512 3600 180000-190000   00    7251.00  973.8   5958.00     1.98    -9999
MIRNY      240512 3600 190000-200000   00    7273.00  974.1   6021.00     3.06    -9999
MIRNY      240512 3600 200000-210000   00    7284.00  974.7   6050.00     3.55    -9999
MIRNY      240512 3600 210000-220000   00    7248.00  975.1   6029.00     3.19    -9999
MIRNY      240512 3600 220000-230000   00    7245.00  975.4   6051.00     3.57    -9999
MIRNY      240512 3600 230000-240000   00    7317.00  975.7   6114.00     4.65    -9999
*
COMMENT NM DATA DOWNLOADED FROM IZMIRAN DB ON 04.06.2024
COMMENT DETRENDING DONE BY IU
COMMENT UNIVERISTY OF OULU: FILE GENERATED FROM DATABASE AND OBTAINED FROM
COMMENT https://gle.oulu.fi at 2025-01-03 09:23:40 +00:00
COMMENT FOR HISTORICAL/ORIGINAL TEXT FILES SEE https://gle.oulu.fi/txtarchive/
COMMENT ORIGINAL AT https://gle.oulu.fi/txtarchive/GLE74/C074MRNY_cor.DAT
COMMENT DETRENDED DATA SHOW -9999 IF EQUAL TO INC% COLUMN 