IRKUTSK2   LATITUDE    52.28     LONGITUDE     104.02    ALTITUDE    2000 M
IRKUTSK2   INSTRUMENT   12NM64    NEUTRON MONITOR     
IRKUTSK2   STANDARD PRESSURE    800     MB     COEFFICIENT   -0.713    % / MB
IRKUTSK2   PRE-INCREASE BASELINE TIME INTERVAL    240510    230000-010000   UT
IRKUTSK2   PRE-INCREASE AVERAGE COUNTING RATE  4,715.65      COUNTS PER SECOND
IRKUTSK2   TIME INTERVALS    300         3600     
IRKUTSK2   SCALE FACTORS     1           1        
STATION    YYMMDD  SEC   TIME (UT)   CODE    UNCORR. PRESS.    CORR.    % INC.	DETRENDED
                         INTERVAL    TD      C/S     (MB)      C/S
IRKUTSK2   240510 3600 000000-010000   00    5139.00  802.0   5211.00    10.50    -9999
IRKUTSK2   240510 3600 010000-020000   00    5126.00  802.3   5209.00    10.46    -9999
IRKUTSK2   240510 3600 020000-030000   00    5115.00  802.3   5199.00    10.25    -9999
IRKUTSK2   240510 3600 030000-040000   00    5105.00  802.5   5196.00    10.19    -9999
IRKUTSK2   240510 3600 040000-050000   00    5146.00  802.6   5243.00    11.18    -9999
IRKUTSK2   240510 3600 050000-060000   00    5159.00  802.2   5241.00    11.14    -9999
IRKUTSK2   240510 3600 060000-070000   00    5184.00  801.9   5255.00    11.44    -9999
IRKUTSK2   240510 3600 070000-080000   00    5197.00  801.8   5263.00    11.61    -9999
IRKUTSK2   240510 3600 080000-090000   00    5157.00  802.0   5230.00    10.91    -9999
IRKUTSK2   240510 3600 090000-100000   00    5153.00  802.3   5238.00    11.08    -9999
IRKUTSK2   240510 3600 100000-110000   00    5160.00  802.5   5252.00    11.37    -9999
IRKUTSK2   240510 3600 110000-120000   00    5144.00  802.8   5246.00    11.25    -9999
IRKUTSK2   240510 3600 120000-130000   00    5126.00  803.1   5240.00    11.12    -9999
IRKUTSK2   240510 3600 130000-140000   00    5111.00  803.3   5232.00    10.95    -9999
IRKUTSK2   240510 3600 140000-150000   00    5127.00  803.4   5252.00    11.37    -9999
IRKUTSK2   240510 3600 150000-160000   00    5136.00  803.1   5250.00    11.33    -9999
IRKUTSK2   240510 3600 160000-170000   00    5129.00  803.2   5248.00    11.29    -9999
IRKUTSK2   240510 3600 170000-180000   00    5125.00  803.1   5240.00    11.12    -9999
IRKUTSK2   240510 3600 180000-190000   00    5158.00  802.9   5267.00    11.69    -9999
IRKUTSK2   240510 3600 190000-200000   00    5144.00  802.7   5244.00    11.20    -9999
IRKUTSK2   240510 3600 200000-210000   00    5113.00  802.3   5199.00    10.25    -9999
IRKUTSK2   240510 3600 210000-220000   00    4979.00  802.2   5057.00     7.24    -9999
IRKUTSK2   240510 300  220000-220500   00    -999.00  802.1   4932.23     4.59    -9999
IRKUTSK2   240510 300  220500-221000   00    -999.00  802.1   4942.83     4.82    -9999
IRKUTSK2   240510 300  221000-221500   00    -999.00  802.1   4954.47     5.06    -9999
IRKUTSK2   240510 300  221500-222000   00    -999.00  802.1   4913.35     4.19    -9999
IRKUTSK2   240510 300  222000-222500   00    -999.00  802.2   4902.48     3.96    -9999
IRKUTSK2   240510 300  222500-223000   00    -999.00  802.3   4864.20     3.15    -9999
IRKUTSK2   240510 300  223000-223500   00    -999.00  802.4   4801.09     1.81    -9999
IRKUTSK2   240510 300  223500-224000   00    -999.00  802.4   4787.12     1.52    -9999
IRKUTSK2   240510 300  224000-224500   00    -999.00  802.4   4710.04    -0.12    -9999
IRKUTSK2   240510 300  224500-225000   00    -999.00  802.4   4708.74    -0.15    -9999
IRKUTSK2   240510 300  225000-225500   00    -999.00  802.4   4687.27    -0.60    -9999
IRKUTSK2   240510 300  225500-230000   00    -999.00  802.5   4730.21     0.31    -9999
IRKUTSK2   240510 300  230000-230500   00    -999.00  802.5   4656.49    -1.25    -9999
IRKUTSK2   240510 300  230500-231000   00    -999.00  802.4   4705.90    -0.21    -9999
IRKUTSK2   240510 300  231000-231500   00    -999.00  802.4   4729.95     0.30    -9999
IRKUTSK2   240510 300  231500-232000   00    -999.00  802.4   4688.57    -0.57    -9999
IRKUTSK2   240510 300  232000-232500   00    -999.00  802.4   4709.00    -0.14    -9999
IRKUTSK2   240510 300  232500-233000   00    -999.00  802.3   4712.11    -0.08    -9999
IRKUTSK2   240510 300  233000-233500   00    -999.00  802.3   4698.14    -0.37    -9999
IRKUTSK2   240510 300  233500-234000   00    -999.00  802.3   4708.48    -0.15    -9999
IRKUTSK2   240510 300  234000-234500   00    -999.00  802.3   4685.46    -0.64    -9999
IRKUTSK2   240510 300  234500-235000   00    -999.00  802.3   4667.36    -1.02    -9999
IRKUTSK2   240510 300  235000-235500   00    -999.00  802.4   4711.59    -0.09    -9999
IRKUTSK2   240510 300  235500-240000   00    -999.00  802.5   4711.59    -0.09    -9999
IRKUTSK2   240511 300  000000-000500   00    -999.00  802.5   4722.97     0.16    -9999
IRKUTSK2   240511 300  000500-001000   00    -999.00  802.5   4703.57    -0.26    -9999
IRKUTSK2   240511 300  001000-001500   00    -999.00  802.5   4733.83     0.39    -9999
IRKUTSK2   240511 300  001500-002000   00    -999.00  802.5   4683.65    -0.68    -9999
IRKUTSK2   240511 300  002000-002500   00    -999.00  802.5   4705.12    -0.22    -9999
IRKUTSK2   240511 300  002500-003000   00    -999.00  802.5   4744.18     0.61    -9999
IRKUTSK2   240511 300  003000-003500   00    -999.00  802.5   4745.99     0.64    -9999
IRKUTSK2   240511 300  003500-004000   00    -999.00  802.5   4722.45     0.14    -9999
IRKUTSK2   240511 300  004000-004500   00    -999.00  802.5   4732.28     0.35    -9999
IRKUTSK2   240511 300  004500-005000   00    -999.00  802.6   4766.94     1.09    -9999
IRKUTSK2   240511 300  005000-005500   00    -999.00  802.6   4777.29     1.31    -9999
IRKUTSK2   240511 300  005500-010000   00    -999.00  802.6   4752.72     0.79    -9999
IRKUTSK2   240511 300  010000-010500   00    -999.00  802.6   4747.03     0.67    -9999
IRKUTSK2   240511 300  010500-011000   00    -999.00  802.7   4788.15     1.54    -9999
IRKUTSK2   240511 300  011000-011500   00    -999.00  802.7   4737.45     0.46    -9999
IRKUTSK2   240511 300  011500-012000   00    -999.00  802.7   4777.29     1.31    -9999
IRKUTSK2   240511 300  012000-012500   00    -999.00  802.6   4768.24     1.12    -9999
IRKUTSK2   240511 300  012500-013000   00    -999.00  802.6   4844.54     2.73    -9999
IRKUTSK2   240511 300  013000-013500   00    -999.00  802.5   4809.36     1.99    -9999
IRKUTSK2   240511 300  013500-014000   00    -999.00  802.6   4832.38     2.48    -9999
IRKUTSK2   240511 300  014000-014500   00    -999.00  802.6   4813.50     2.08    -9999
IRKUTSK2   240511 300  014500-015000   00    -999.00  802.5   4804.19     1.88    -9999
IRKUTSK2   240511 300  015000-015500   00    -999.00  802.5   4798.24     1.75    -9999
IRKUTSK2   240511 300  015500-020000   00    -999.00  802.5   4876.36     3.41    -9999
IRKUTSK2   240511 300  020000-020500   00    -999.00  802.5   4846.87     2.78    -9999
IRKUTSK2   240511 300  020500-021000   00    -999.00  802.5   4847.39     2.79    -9999
IRKUTSK2   240511 300  021000-021500   00    -999.00  802.5   4880.24     3.49    -9999
IRKUTSK2   240511 300  021500-022000   00    -999.00  802.5   4897.57     3.86    -9999
IRKUTSK2   240511 300  022000-022500   00    -999.00  802.5   4923.18     4.40    -9999
IRKUTSK2   240511 300  022500-023000   00    -999.00  802.5   4927.57     4.49    -9999
IRKUTSK2   240511 300  023000-023500   00    -999.00  802.6   4898.86     3.89    -9999
IRKUTSK2   240511 300  023500-024000   00    -999.00  802.5   4899.12     3.89    -9999
IRKUTSK2   240511 300  024000-024500   00    -999.00  802.5   4897.83     3.86    -9999
IRKUTSK2   240511 300  024500-025000   00    -999.00  802.5   4911.02     4.14    -9999
IRKUTSK2   240511 300  025000-025500   00    -999.00  802.5   4950.08     4.97    -9999
IRKUTSK2   240511 300  025500-030000   00    -999.00  802.5   4898.86     3.89    -9999
IRKUTSK2   240511 300  030000-030500   00    -999.00  802.5   4906.88     4.06    -9999
IRKUTSK2   240511 300  030500-031000   00    -999.00  802.4   4901.97     3.95    -9999
IRKUTSK2   240511 300  031000-031500   00    -999.00  802.4   4962.75     5.24    -9999
IRKUTSK2   240511 300  031500-032000   00    -999.00  802.4   4896.53     3.84    -9999
IRKUTSK2   240511 300  032000-032500   00    -999.00  802.4   4875.58     3.39    -9999
IRKUTSK2   240511 300  032500-033000   00    -999.00  802.4   4914.38     4.21    -9999
IRKUTSK2   240511 300  033000-033500   00    -999.00  802.4   4891.10     3.72    -9999
IRKUTSK2   240511 300  033500-034000   00    -999.00  802.4   4892.14     3.74    -9999
IRKUTSK2   240511 300  034000-034500   00    -999.00  802.5   4884.64     3.58    -9999
IRKUTSK2   240511 300  034500-035000   00    -999.00  802.4   4862.65     3.12    -9999
IRKUTSK2   240511 300  035000-035500   00    -999.00  802.4   4902.48     3.96    -9999
IRKUTSK2   240511 300  035500-040000   00    -999.00  802.4   4904.04     3.99    -9999
IRKUTSK2   240511 300  040000-040500   00    -999.00  802.5   4888.00     3.65    -9999
IRKUTSK2   240511 300  040500-041000   00    -999.00  802.5   4927.32     4.49    -9999
IRKUTSK2   240511 300  041000-041500   00    -999.00  802.5   4921.11     4.36    -9999
IRKUTSK2   240511 300  041500-042000   00    -999.00  802.5   4885.67     3.61    -9999
IRKUTSK2   240511 300  042000-042500   00    -999.00  802.5   4877.13     3.42    -9999
IRKUTSK2   240511 300  042500-043000   00    -999.00  802.5   4919.56     4.32    -9999
IRKUTSK2   240511 300  043000-043500   00    -999.00  802.4   4884.38     3.58    -9999
IRKUTSK2   240511 300  043500-044000   00    -999.00  802.5   4892.91     3.76    -9999
IRKUTSK2   240511 300  044000-044500   00    -999.00  802.5   4853.85     2.93    -9999
IRKUTSK2   240511 300  044500-045000   00    -999.00  802.5   4872.48     3.33    -9999
IRKUTSK2   240511 300  045000-045500   00    -999.00  802.6   4906.88     4.06    -9999
IRKUTSK2   240511 300  045500-050000   00    -999.00  802.6   4886.45     3.62    -9999
IRKUTSK2   240511 300  050000-050500   00    -999.00  802.6   4915.93     4.25    -9999
IRKUTSK2   240511 300  050500-051000   00    -999.00  802.5   4878.69     3.46    -9999
IRKUTSK2   240511 300  051000-051500   00    -999.00  802.5   4865.24     3.17    -9999
IRKUTSK2   240511 300  051500-052000   00    -999.00  802.5   4857.22     3.00    -9999
IRKUTSK2   240511 300  052000-052500   00    -999.00  802.5   4833.42     2.50    -9999
IRKUTSK2   240511 300  052500-053000   00    -999.00  802.4   4873.25     3.34    -9999
IRKUTSK2   240511 300  053000-053500   00    -999.00  802.5   4879.46     3.47    -9999
IRKUTSK2   240511 300  053500-054000   00    -999.00  802.5   4929.38     4.53    -9999
IRKUTSK2   240511 300  054000-054500   00    -999.00  802.6   4967.41     5.34    -9999
IRKUTSK2   240511 300  054500-055000   00    -999.00  802.5   4944.39     4.85    -9999
IRKUTSK2   240511 300  055000-055500   00    -999.00  802.6   4924.47     4.43    -9999
IRKUTSK2   240511 300  055500-060000   00    -999.00  802.5   4835.75     2.55    -9999
IRKUTSK2   240511 300  060000-060500   00    -999.00  802.5   4835.23     2.54    -9999
IRKUTSK2   240511 300  060500-061000   00    -999.00  802.5   4773.15     1.22    -9999
IRKUTSK2   240511 300  061000-061500   00    -999.00  802.5   4741.08     0.54    -9999
IRKUTSK2   240511 300  061500-062000   00    -999.00  802.5   4709.78    -0.12    -9999
IRKUTSK2   240511 300  062000-062500   00    -999.00  802.5   4784.53     1.46    -9999
IRKUTSK2   240511 300  062500-063000   00    -999.00  802.4   4761.77     0.98    -9999
IRKUTSK2   240511 300  063000-063500   00    -999.00  802.5   4787.38     1.52    -9999
IRKUTSK2   240511 300  063500-064000   00    -999.00  802.5   4724.26     0.18    -9999
IRKUTSK2   240511 300  064000-064500   00    -999.00  802.5   4787.64     1.53    -9999
IRKUTSK2   240511 300  064500-065000   00    -999.00  802.5   4745.47     0.63    -9999
IRKUTSK2   240511 300  065000-065500   00    -999.00  802.5   4737.45     0.46    -9999
IRKUTSK2   240511 300  065500-070000   00    -999.00  802.4   4776.25     1.29    -9999
IRKUTSK2   240511 300  070000-070500   00    -999.00  802.4   4772.63     1.21    -9999
IRKUTSK2   240511 300  070500-071000   00    -999.00  802.5   4762.03     0.98    -9999
IRKUTSK2   240511 300  071000-071500   00    -999.00  802.4   4811.43     2.03    -9999
IRKUTSK2   240511 300  071500-072000   00    -999.00  802.4   4735.64     0.42    -9999
IRKUTSK2   240511 300  072000-072500   00    -999.00  802.3   4794.36     1.67    -9999
IRKUTSK2   240511 300  072500-073000   00    -999.00  802.3   4755.04     0.84    -9999
IRKUTSK2   240511 300  073000-073500   00    -999.00  802.3   4810.92     2.02    -9999
IRKUTSK2   240511 300  073500-074000   00    -999.00  802.2   4875.84     3.40    -9999
IRKUTSK2   240511 300  074000-074500   00    -999.00  802.2   4868.60     3.24    -9999
IRKUTSK2   240511 300  074500-075000   00    -999.00  802.1   4778.32     1.33    -9999
IRKUTSK2   240511 300  075000-075500   00    -999.00  802.0   4807.55     1.95    -9999
IRKUTSK2   240511 300  075500-080000   00    -999.00  802.0   4763.32     1.01    -9999
IRKUTSK2   240511 300  080000-080500   00    -999.00  802.0   4825.40     2.33    -9999
IRKUTSK2   240511 300  080500-081000   00    -999.00  802.0   4802.38     1.84    -9999
IRKUTSK2   240511 300  081000-081500   00    -999.00  802.1   4827.21     2.37    -9999
IRKUTSK2   240511 300  081500-082000   00    -999.00  802.1   4890.33     3.70    -9999
IRKUTSK2   240511 300  082000-082500   00    -999.00  802.1   4853.08     2.91    -9999
IRKUTSK2   240511 300  082500-083000   00    -999.00  802.1   4804.45     1.88    -9999
IRKUTSK2   240511 300  083000-083500   00    -999.00  802.0   4791.26     1.60    -9999
IRKUTSK2   240511 300  083500-084000   00    -999.00  802.1   4745.47     0.63    -9999
IRKUTSK2   240511 300  084000-084500   00    -999.00  802.1   4735.13     0.41    -9999
IRKUTSK2   240511 300  084500-085000   00    -999.00  802.0   4677.70    -0.80    -9999
IRKUTSK2   240511 300  085000-085500   00    -999.00  802.1   4735.64     0.42    -9999
IRKUTSK2   240511 300  085500-090000   00    -999.00  802.1   4733.83     0.39    -9999
IRKUTSK2   240511 300  090000-090500   00    -999.00  802.1   4744.96     0.62    -9999
IRKUTSK2   240511 300  090500-091000   00    -999.00  802.1   4726.07     0.22    -9999
IRKUTSK2   240511 300  091000-091500   00    -999.00  802.2   4685.98    -0.63    -9999
IRKUTSK2   240511 300  091500-092000   00    -999.00  802.2   4777.55     1.31    -9999
IRKUTSK2   240511 300  092000-092500   00    -999.00  802.1   4766.68     1.08    -9999
IRKUTSK2   240511 300  092500-093000   00    -999.00  802.1   4747.28     0.67    -9999
IRKUTSK2   240511 300  093000-093500   00    -999.00  802.1   4792.03     1.62    -9999
IRKUTSK2   240511 300  093500-094000   00    -999.00  802.1   4800.83     1.81    -9999
IRKUTSK2   240511 300  094000-094500   00    -999.00  802.1   4795.91     1.70    -9999
IRKUTSK2   240511 300  094500-095000   00    -999.00  802.2   4833.42     2.50    -9999
IRKUTSK2   240511 300  095000-095500   00    -999.00  802.2   4848.42     2.82    -9999
IRKUTSK2   240511 300  095500-100000   00    -999.00  802.2   4792.29     1.63    -9999
IRKUTSK2   240511 300  100000-100500   00    -999.00  802.2   4853.60     2.93    -9999
IRKUTSK2   240511 300  100500-101000   00    -999.00  802.1   4763.58     1.02    -9999
IRKUTSK2   240511 300  101000-101500   00    -999.00  802.2   4800.31     1.80    -9999
IRKUTSK2   240511 300  101500-102000   00    -999.00  802.2   4810.14     2.00    -9999
IRKUTSK2   240511 300  102000-102500   00    -999.00  802.3   4809.88     2.00    -9999
IRKUTSK2   240511 300  102500-103000   00    -999.00  802.2   4783.76     1.44    -9999
IRKUTSK2   240511 300  103000-103500   00    -999.00  802.3   4801.60     1.82    -9999
IRKUTSK2   240511 300  103500-104000   00    -999.00  802.3   4853.85     2.93    -9999
IRKUTSK2   240511 300  104000-104500   00    -999.00  802.5   4777.29     1.31    -9999
IRKUTSK2   240511 300  104500-105000   00    -999.00  802.6   4848.42     2.82    -9999
IRKUTSK2   240511 300  105000-105500   00    -999.00  802.6   4742.63     0.57    -9999
IRKUTSK2   240511 300  105500-110000   00    -999.00  802.6   4795.65     1.70    -9999
IRKUTSK2   240511 300  110000-110500   00    -999.00  802.6   4811.17     2.03    -9999
IRKUTSK2   240511 300  110500-111000   00    -999.00  802.6   4800.83     1.81    -9999
IRKUTSK2   240511 300  111000-111500   00    -999.00  802.6   4734.35     0.40    -9999
IRKUTSK2   240511 300  111500-112000   00    -999.00  802.7   4739.52     0.51    -9999
IRKUTSK2   240511 300  112000-112500   00    -999.00  802.6   4740.82     0.53    -9999
IRKUTSK2   240511 300  112500-113000   00    -999.00  802.6   4748.84     0.70    -9999
IRKUTSK2   240511 300  113000-113500   00    -999.00  802.6   4760.22     0.95    -9999
IRKUTSK2   240511 300  113500-114000   00    -999.00  802.6   4721.42     0.12    -9999
IRKUTSK2   240511 300  114000-114500   00    -999.00  802.6   4710.29    -0.11    -9999
IRKUTSK2   240511 300  114500-115000   00    -999.00  802.5   4724.26     0.18    -9999
IRKUTSK2   240511 300  115000-115500   00    -999.00  802.5   4708.74    -0.15    -9999
IRKUTSK2   240511 300  115500-120000   00    -999.00  802.5   4764.36     1.03    -9999
IRKUTSK2   240511 300  120000-120500   00    -999.00  802.5   4743.15     0.58    -9999
IRKUTSK2   240511 300  120500-121000   00    -999.00  802.5   4740.82     0.53    -9999
IRKUTSK2   240511 300  121000-121500   00    -999.00  802.5   4743.92     0.60    -9999
IRKUTSK2   240511 300  121500-122000   00    -999.00  802.5   4753.49     0.80    -9999
IRKUTSK2   240511 300  122000-122500   00    -999.00  802.5   4760.48     0.95    -9999
IRKUTSK2   240511 300  122500-123000   00    -999.00  802.6   4730.99     0.33    -9999
IRKUTSK2   240511 300  123000-123500   00    -999.00  802.5   4757.63     0.89    -9999
IRKUTSK2   240511 300  123500-124000   00    -999.00  802.5   4735.13     0.41    -9999
IRKUTSK2   240511 300  124000-124500   00    -999.00  802.4   4774.96     1.26    -9999
IRKUTSK2   240511 300  124500-125000   00    -999.00  802.4   4754.79     0.83    -9999
IRKUTSK2   240511 300  125000-125500   00    -999.00  802.4   4762.03     0.98    -9999
IRKUTSK2   240511 300  125500-130000   00    -999.00  802.4   4704.86    -0.23    -9999
IRKUTSK2   240511 300  130000-130500   00    -999.00  802.5   4716.50     0.02    -9999
IRKUTSK2   240511 300  130500-131000   00    -999.00  802.5   4721.16     0.12    -9999
IRKUTSK2   240511 300  131000-131500   00    -999.00  802.6   4692.19    -0.50    -9999
IRKUTSK2   240511 300  131500-132000   00    -999.00  802.7   4732.28     0.35    -9999
IRKUTSK2   240511 300  132000-132500   00    -999.00  802.7   4690.38    -0.54    -9999
IRKUTSK2   240511 300  132500-133000   00    -999.00  802.7   4718.05     0.05    -9999
IRKUTSK2   240511 300  133000-133500   00    -999.00  802.7   4716.76     0.02    -9999
IRKUTSK2   240511 300  133500-134000   00    -999.00  802.7   4682.36    -0.71    -9999
IRKUTSK2   240511 300  134000-134500   00    -999.00  802.7   4708.74    -0.15    -9999
IRKUTSK2   240511 300  134500-135000   00    -999.00  802.8   4698.14    -0.37    -9999
IRKUTSK2   240511 300  135000-135500   00    -999.00  802.8   4720.38     0.10    -9999
IRKUTSK2   240511 300  135500-140000   00    -999.00  802.8   4724.26     0.18    -9999
IRKUTSK2   240511 300  140000-140500   00    -999.00  802.8   4716.50     0.02    -9999
IRKUTSK2   240511 300  140500-141000   00    -999.00  802.8   4712.62    -0.06    -9999
IRKUTSK2   240511 300  141000-141500   00    -999.00  802.7   4702.53    -0.28    -9999
IRKUTSK2   240511 300  141500-142000   00    -999.00  802.7   4707.19    -0.18    -9999
IRKUTSK2   240511 300  142000-142500   00    -999.00  802.7   4688.05    -0.59    -9999
IRKUTSK2   240511 300  142500-143000   00    -999.00  802.7   4690.89    -0.53    -9999
IRKUTSK2   240511 300  143000-143500   00    -999.00  802.7   4670.98    -0.95    -9999
IRKUTSK2   240511 300  143500-144000   00    -999.00  802.7   4649.77    -1.40    -9999
IRKUTSK2   240511 300  144000-144500   00    -999.00  802.7   4661.41    -1.15    -9999
IRKUTSK2   240511 300  144500-145000   00    -999.00  802.6   4709.00    -0.14    -9999
IRKUTSK2   240511 300  145000-145500   00    -999.00  802.6   4663.74    -1.10    -9999
IRKUTSK2   240511 300  145500-150000   00    -999.00  802.6   4624.94    -1.92    -9999
IRKUTSK2   240511 300  150000-150500   00    -999.00  802.6   4713.66    -0.04    -9999
IRKUTSK2   240511 300  150500-151000   00    -999.00  802.5   4654.94    -1.29    -9999
IRKUTSK2   240511 300  151000-151500   00    -999.00  802.5   4699.43    -0.34    -9999
IRKUTSK2   240511 300  151500-152000   00    -999.00  802.5   4644.85    -1.50    -9999
IRKUTSK2   240511 300  152000-152500   00    -999.00  802.5   4643.30    -1.53    -9999
IRKUTSK2   240511 300  152500-153000   00    -999.00  802.5   4643.04    -1.54    -9999
IRKUTSK2   240511 300  153000-153500   00    -999.00  802.4   4676.41    -0.83    -9999
IRKUTSK2   240511 300  153500-154000   00    -999.00  802.4   4671.50    -0.94    -9999
IRKUTSK2   240511 300  154000-154500   00    -999.00  802.4   4658.30    -1.22    -9999
IRKUTSK2   240511 300  154500-155000   00    -999.00  802.4   4679.26    -0.77    -9999
IRKUTSK2   240511 300  155000-155500   00    -999.00  802.4   4732.54     0.36    -9999
IRKUTSK2   240511 300  155500-160000   00    -999.00  802.5   4658.30    -1.22    -9999
IRKUTSK2   240511 300  160000-160500   00    -999.00  802.5   4717.28     0.03    -9999
IRKUTSK2   240511 300  160500-161000   00    -999.00  802.5   4693.22    -0.48    -9999
IRKUTSK2   240511 300  161000-161500   00    -999.00  802.6   4745.73     0.64    -9999
IRKUTSK2   240511 300  161500-162000   00    -999.00  802.5   4708.48    -0.15    -9999
IRKUTSK2   240511 300  162000-162500   00    -999.00  802.5   4690.12    -0.54    -9999
IRKUTSK2   240511 300  162500-163000   00    -999.00  802.5   4706.16    -0.20    -9999
IRKUTSK2   240511 300  163000-163500   00    -999.00  802.5   4729.44     0.29    -9999
IRKUTSK2   240511 300  163500-164000   00    -999.00  802.5   4684.95    -0.65    -9999
IRKUTSK2   240511 300  164000-164500   00    -999.00  802.5   4718.05     0.05    -9999
IRKUTSK2   240511 300  164500-165000   00    -999.00  802.5   4722.71     0.15    -9999
IRKUTSK2   240511 300  165000-165500   00    -999.00  802.4   4654.68    -1.29    -9999
IRKUTSK2   240511 300  165500-170000   00    -999.00  802.4   4719.09     0.07    -9999
IRKUTSK2   240511 3600 170000-180000   00    4630.00  802.4   4708.00    -0.16    -9999
IRKUTSK2   240511 3600 180000-190000   00    4645.00  802.0   4712.00    -0.08    -9999
IRKUTSK2   240511 3600 190000-200000   00    4653.00  801.7   4710.00    -0.12    -9999
IRKUTSK2   240511 3600 200000-210000   00    4692.00  801.7   4748.00     0.69    -9999
IRKUTSK2   240511 3600 210000-220000   00    4732.00  801.2   4774.00     1.24    -9999
IRKUTSK2   240511 3600 220000-230000   00    4737.00  800.9   4766.00     1.07    -9999
IRKUTSK2   240511 3600 230000-240000   00    4740.00  800.8   4768.00     1.11    -9999
IRKUTSK2   240512 3600 000000-010000   00    4745.00  800.7   4767.00     1.09    -9999
IRKUTSK2   240512 3600 010000-020000   00    4833.00  800.3   4844.00     2.72    -9999
IRKUTSK2   240512 3600 020000-030000   00    4869.00  799.9   4867.00     3.21    -9999
IRKUTSK2   240512 3600 030000-040000   00    4870.00  799.3   4846.00     2.76    -9999
IRKUTSK2   240512 3600 040000-050000   00    4909.00  798.9   4870.00     3.27    -9999
IRKUTSK2   240512 3600 050000-060000   00    4884.00  798.6   4836.00     2.55    -9999
IRKUTSK2   240512 3600 060000-070000   00    4876.00  798.5   4825.00     2.32    -9999
IRKUTSK2   240512 3600 070000-080000   00    4848.00  798.7   4804.00     1.87    -9999
IRKUTSK2   240512 3600 080000-090000   00    4805.00  799.8   4799.00     1.77    -9999
IRKUTSK2   240512 3600 090000-100000   00    4756.00  800.4   4770.00     1.15    -9999
IRKUTSK2   240512 3600 100000-110000   00    4743.00  800.6   4763.00     1.00    -9999
IRKUTSK2   240512 3600 110000-120000   00    4739.00  800.8   4766.00     1.07    -9999
IRKUTSK2   240512 3600 120000-130000   00    4748.00  801.1   4785.00     1.47    -9999
IRKUTSK2   240512 3600 130000-140000   00    4727.00  801.6   4781.00     1.39    -9999
IRKUTSK2   240512 3600 140000-150000   00    4724.00  801.8   4785.00     1.47    -9999
IRKUTSK2   240512 3600 150000-160000   00    4694.00  802.2   4767.00     1.09    -9999
IRKUTSK2   240512 3600 160000-170000   00    4665.00  802.7   4756.00     0.86    -9999
IRKUTSK2   240512 3600 170000-180000   00    4673.00  802.8   4768.00     1.11    -9999
IRKUTSK2   240512 3600 180000-190000   00    4654.00  803.0   4755.00     0.83    -9999
IRKUTSK2   240512 3600 190000-200000   00    4677.00  803.4   4791.00     1.60    -9999
IRKUTSK2   240512 3600 200000-210000   00    4694.00  803.9   4825.00     2.32    -9999
IRKUTSK2   240512 3600 210000-220000   00    4717.00  804.2   4860.00     3.06    -9999
IRKUTSK2   240512 3600 220000-230000   00    4734.00  804.7   4896.00     3.82    -9999
IRKUTSK2   240512 3600 230000-240000   00    4810.00  805.4   4997.00     5.97    -9999
*
COMMENT NM DATA DOWNLOADED FROM HTTP://CGM.ISZF.IRK.RU/ ON 10.06.2024
COMMENT 5MIN DATA SCALED TO 1H WITH FACTOR OF 3.866
COMMENT DETRENDING CANNOT BE ROBUSTLY DONE
COMMENT UNIVERISTY OF OULU: FILE GENERATED FROM DATABASE AND OBTAINED FROM
COMMENT https://gle.oulu.fi at 2025-01-03 09:23:40 +00:00
COMMENT FOR HISTORICAL/ORIGINAL TEXT FILES SEE https://gle.oulu.fi/txtarchive/
COMMENT ORIGINAL AT https://gle.oulu.fi/txtarchive/GLE74/C074IRK2.DAT
COMMENT DETRENDED DATA SHOW -9999 IF EQUAL TO INC% COLUMN 