TERREADELI LATITUDE    -66.65    LONGITUDE     140       ALTITUDE    32 M
TERREADELI INSTRUMENT   9-NM-64  NEUTRON MONITOR	
TERREADELI STANDARD PRESSURE    987     MB     COEFFICIENT   -0.74     % / MB
TERREADELI PRE-INCREASE BASELINE TIME INTERVAL    240510    233000-013000   UT
TERREADELI PRE-INCREASE AVERAGE COUNTING RATE     97.31      COUNTS PER SECOND
TERREADELI TIME INTERVALS    300         3600     
TERREADELI SCALE FACTORS     1           1        
STATION    YYMMDD  SEC   TIME (UT)   CODE    UNCORR. PRESS.    CORR.    % INC.	DETRENDED
                         INTERVAL    TD      C/S     (MB)      C/S
TERREADELI 240510 3600 000000-010000   00     100.86  996.5    108.59    11.58    -9999
TERREADELI 240510 3600 010000-020000   00     100.49  997.3    108.82    11.82    -9999
TERREADELI 240510 3600 020000-030000   00     100.36  997.3    108.68    11.67    -9999
TERREADELI 240510 3600 030000-040000   00      99.79  997.6    108.34    11.33    -9999
TERREADELI 240510 3600 040000-050000   00     100.44  998.1    109.41    12.43    -9999
TERREADELI 240510 3600 050000-060000   00      99.87  997.8    108.57    11.57    -9999
TERREADELI 240510 3600 060000-070000   00     100.42  997.2    108.65    11.65    -9999
TERREADELI 240510 3600 070000-080000   00     100.49  997.9    109.29    12.31    -9999
TERREADELI 240510 3600 080000-090000   00      99.23  999.2    108.96    11.97    -9999
TERREADELI 240510 3600 090000-100000   00      99.63  998.8    109.09    12.10    -9999
TERREADELI 240510 3600 100000-110000   00      99.36  998.4    108.51    11.50    -9999
TERREADELI 240510 3600 110000-120000   00     100.60  998.0    109.53    12.55    -9999
TERREADELI 240510 3600 120000-130000   00     100.15  997.6    108.69    11.68    -9999
TERREADELI 240510 3600 130000-140000   00     100.69  997.3    109.06    12.06    -9999
TERREADELI 240510 3600 140000-150000   00     101.17  997.0    109.33    12.35    -9999
TERREADELI 240510 3600 150000-160000   00     100.72  997.2    108.96    11.97    -9999
TERREADELI 240510 3600 160000-170000   00     101.67  996.6    109.56    12.58    -9999
TERREADELI 240510 3600 170000-180000   00     101.31  996.7    109.22    12.23    -9999
TERREADELI 240510 3600 180000-190000   00      99.27  997.0    107.25    10.21    -9999
TERREADELI 240510 3600 190000-200000   00      97.22  997.7    105.57     8.48    -9999
TERREADELI 240510 3600 200000-210000   00      97.92  997.3    106.00     8.93    -9999
TERREADELI 240510 300  210000-210500   00      97.00  997.2    104.95     7.85    -9999
TERREADELI 240510 300  210500-211000   00      98.27  997.2    106.37     9.30    -9999
TERREADELI 240510 300  211000-211500   00      96.40  997.1    104.24     7.12    -9999
TERREADELI 240510 300  211500-212000   00      97.00  997.1    104.89     7.79    -9999
TERREADELI 240510 300  212000-212500   00      95.40  997.1    103.18     6.03    -9999
TERREADELI 240510 300  212500-213000   00      95.13  997.1    102.85     5.69    -9999
TERREADELI 240510 300  213000-213500   00      94.87  997.0    102.50     5.33    -9999
TERREADELI 240510 300  213500-214000   00      94.00  997.1    101.65     4.45    -9999
TERREADELI 240510 300  214000-214500   00      93.87  997.1    101.48     4.28    -9999
TERREADELI 240510 300  214500-215000   00      94.07  997.0    101.66     4.46    -9999
TERREADELI 240510 300  215000-215500   00      94.67  997.1    102.37     5.19    -9999
TERREADELI 240510 300  215500-220000   00      93.67  997.0    101.23     4.02    -9999
TERREADELI 240510 300  220000-220500   00      90.67  997.1     98.02     0.73    -9999
TERREADELI 240510 300  220500-221000   00      92.93  997.1    100.45     3.22    -9999
TERREADELI 240510 300  221000-221500   00      93.60  997.0    101.13     3.92    -9999
TERREADELI 240510 300  221500-222000   00      91.40  997.1     98.80     1.52    -9999
TERREADELI 240510 300  222000-222500   00      92.33  997.0     99.77     2.52    -9999
TERREADELI 240510 300  222500-223000   00      90.73  997.0     98.00     0.70    -9999
TERREADELI 240510 300  223000-223500   00      92.47  997.0     99.89     2.65    -9999
TERREADELI 240510 300  223500-224000   00      91.73  997.0     99.10     1.83    -9999
TERREADELI 240510 300  224000-224500   00      89.87  996.9     97.00    -0.32    -9999
TERREADELI 240510 300  224500-225000   00      90.47  996.8     97.59     0.29    -9999
TERREADELI 240510 300  225000-225500   00      89.87  996.8     96.95    -0.38    -9999
TERREADELI 240510 300  225500-230000   00      91.33  996.7     98.43     1.15    -9999
TERREADELI 240510 300  230000-230500   00      90.87  996.6     97.85     0.55    -9999
TERREADELI 240510 300  230500-231000   00      91.80  996.4     98.76     1.48    -9999
TERREADELI 240510 300  231000-231500   00      91.27  996.4     98.20     0.91    -9999
TERREADELI 240510 300  231500-232000   00      92.07  996.3     98.95     1.68    -9999
TERREADELI 240510 300  232000-232500   00      90.87  996.2     97.60     0.29    -9999
TERREADELI 240510 300  232500-233000   00      91.47  996.1     98.19     0.89    -9999
TERREADELI 240510 300  233000-233500   00      90.87  996.0     97.45     0.13    -9999
TERREADELI 240510 300  233500-234000   00      90.17  995.8     96.56    -0.77    -9999
TERREADELI 240510 300  234000-234500   00      89.80  995.8     96.15    -1.20    -9999
TERREADELI 240510 300  234500-235000   00      90.33  995.8     96.70    -0.63    -9999
TERREADELI 240510 300  235000-235500   00      88.93  995.7     95.16    -2.21    -9999
TERREADELI 240510 300  235500-240000   00      90.58  995.7     96.96    -0.36    -9999
TERREADELI 240511 300  000000-000500   00      89.27  995.6     95.43    -1.94    -9999
TERREADELI 240511 300  000500-001000   00      91.27  995.6     97.62     0.32    -9999
TERREADELI 240511 300  001000-001500   00      90.20  995.5     96.41    -0.94    -9999
TERREADELI 240511 300  001500-002000   00      91.25  995.4     97.44     0.12    -9999
TERREADELI 240511 300  002000-002500   00      91.80  995.2     97.90     0.60    -9999
TERREADELI 240511 300  002500-003000   00      92.53  995.2     98.64     1.37    -9999
TERREADELI 240511 300  003000-003500   00      91.13  995.1     97.11    -0.21    -9999
TERREADELI 240511 300  003500-004000   00      91.58  995.1     97.55     0.24    -9999
TERREADELI 240511 300  004000-004500   00      90.33  995.1     96.26    -1.08    -9999
TERREADELI 240511 300  004500-005000   00      92.27  995.0     98.19     0.89    -9999
TERREADELI 240511 300  005000-005500   00      92.20  994.7     97.96     0.66    -9999
TERREADELI 240511 300  005500-010000   00      92.25  994.7     97.97     0.67    -9999
TERREADELI 240511 300  010000-010500   00      92.60  994.6     98.29     1.00     0.62
TERREADELI 240511 300  010500-011000   00      91.27  994.6     96.85    -0.48    -0.88
TERREADELI 240511 300  011000-011500   00      92.93  994.6     98.60     1.32     0.89
TERREADELI 240511 300  011500-012000   00      93.42  994.5     99.11     1.84     1.39
TERREADELI 240511 300  012000-012500   00      92.73  994.6     98.39     1.10     0.62
TERREADELI 240511 300  012500-013000   00      91.33  994.5     96.87    -0.46    -0.97
TERREADELI 240511 300  013000-013500   00      92.00  994.4     97.50     0.19    -0.34
TERREADELI 240511 300  013500-014000   00      92.93  994.4     98.50     1.22     0.67
TERREADELI 240511 300  014000-014500   00      90.73  994.4     96.13    -1.21    -1.79
TERREADELI 240511 300  014500-015000   00      93.07  994.4     98.63     1.35     0.74
TERREADELI 240511 300  015000-015500   00      92.20  994.3     97.65     0.34    -0.28
TERREADELI 240511 300  015500-020000   00      93.93  994.3     99.45     2.19     1.54
TERREADELI 240511 300  020000-020500   00      92.87  994.2     98.26     0.97     0.30
TERREADELI 240511 300  020500-021000   00      95.07  994.1    100.51     3.28     2.58
TERREADELI 240511 300  021000-021500   00      95.00  994.1    100.48     3.25     2.53
TERREADELI 240511 300  021500-022000   00      92.75  993.9     97.97     0.67    -0.07
TERREADELI 240511 300  022000-022500   00      93.60  993.9     98.84     1.56     0.80
TERREADELI 240511 300  022500-023000   00      94.27  993.9     99.54     2.29     1.50
TERREADELI 240511 300  023000-023500   00      95.33  993.9    100.65     3.43     2.62
TERREADELI 240511 300  023500-024000   00      94.00  993.8     99.18     1.92     1.09
TERREADELI 240511 300  024000-024500   00      94.87  993.6     99.96     2.72     1.87
TERREADELI 240511 300  024500-025000   00      94.13  993.6     99.20     1.94     1.07
TERREADELI 240511 300  025000-025500   00      94.60  993.6     99.70     2.45     1.56
TERREADELI 240511 300  025500-030000   00      94.75  993.5     99.73     2.48     1.58
TERREADELI 240511 300  030000-030500   00      93.13  993.4     98.00     0.70    -0.23
TERREADELI 240511 300  030500-031000   00      95.07  993.4     99.97     2.73     1.78
TERREADELI 240511 300  031000-031500   00      94.07  993.3     98.88     1.61     0.64
TERREADELI 240511 300  031500-032000   00      95.60  993.2    100.41     3.18     2.20
TERREADELI 240511 300  032000-032500   00      95.93  993.2    100.78     3.56     2.56
TERREADELI 240511 300  032500-033000   00      95.13  993.1     99.86     2.62     1.60
TERREADELI 240511 300  033000-033500   00      95.33  993.1    100.07     2.83     1.80
TERREADELI 240511 300  033500-034000   00      95.40  993.1    100.16     2.93     1.87
TERREADELI 240511 300  034000-034500   00      94.07  993.2     98.78     1.51     0.44
TERREADELI 240511 300  034500-035000   00      95.40  993.0    100.04     2.80     1.72
TERREADELI 240511 300  035000-035500   00      95.53  993.0    100.18     2.95     1.84
TERREADELI 240511 300  035500-040000   00      94.50  992.8     98.98     1.71     0.59
TERREADELI 240511 300  040000-040500   00      96.00  992.8    100.55     3.33     2.19
TERREADELI 240511 300  040500-041000   00      95.87  992.7    100.33     3.10     1.95
TERREADELI 240511 300  041000-041500   00      94.67  992.6     99.02     1.75     0.59
TERREADELI 240511 300  041500-042000   00      95.93  992.6    100.28     3.05     1.87
TERREADELI 240511 300  042000-042500   00      96.60  992.4    100.90     3.68     2.49
TERREADELI 240511 300  042500-043000   00      95.00  992.4     99.17     1.91     0.70
TERREADELI 240511 300  043000-043500   00      97.07  992.3    101.31     4.10     2.88
TERREADELI 240511 300  043500-044000   00      96.47  992.1    100.50     3.28     2.04
TERREADELI 240511 300  044000-044500   00      96.33  992.1    100.36     3.13     1.88
TERREADELI 240511 300  044500-045000   00      96.73  992.0    100.74     3.52     2.26
TERREADELI 240511 300  045000-045500   00      96.20  992.0    100.19     2.95     1.67
TERREADELI 240511 300  045500-050000   00      95.47  992.0     99.38     2.12     0.84
TERREADELI 240511 300  050000-050500   00      94.13  991.9     97.96     0.66    -0.64
TERREADELI 240511 300  050500-051000   00      95.00  991.9     98.80     1.52     0.21
TERREADELI 240511 300  051000-051500   00      97.07  991.9    100.97     3.75     2.43
TERREADELI 240511 300  051500-052000   00      96.93  991.8    100.75     3.53     2.19
TERREADELI 240511 300  052000-052500   00      95.93  991.8     99.69     2.44     1.10
TERREADELI 240511 300  052500-053000   00      96.27  991.7     99.98     2.74     1.38
TERREADELI 240511 300  053000-053500   00      96.47  991.6    100.13     2.89     1.52
TERREADELI 240511 300  053500-054000   00      94.27  991.7     97.94     0.64    -0.73
TERREADELI 240511 300  054000-054500   00      95.40  991.8     99.16     1.89     0.51
TERREADELI 240511 300  054500-055000   00      95.73  991.5     99.33     2.07     0.67
TERREADELI 240511 300  055000-055500   00      94.67  991.5     98.20     0.91    -0.49
TERREADELI 240511 300  055500-060000   00      93.33  991.5     96.84    -0.49    -1.90
TERREADELI 240511 300  060000-060500   00      96.27  991.5     99.84     2.59     1.17
TERREADELI 240511 300  060500-061000   00      96.60  991.5    100.16     2.93     1.50
TERREADELI 240511 300  061000-061500   00      94.87  991.5     98.39     1.10    -0.33
TERREADELI 240511 300  061500-062000   00      94.80  991.5     98.32     1.03    -0.41
TERREADELI 240511 300  062000-062500   00      94.53  991.5     98.06     0.77    -0.68
TERREADELI 240511 300  062500-063000   00      96.33  991.5     99.91     2.66     1.21
TERREADELI 240511 300  063000-063500   00      95.80  991.4     99.30     2.03     0.57
TERREADELI 240511 300  063500-064000   00      95.80  991.2     99.18     1.91     0.44
TERREADELI 240511 300  064000-064500   00      93.13  991.3     96.46    -0.88    -2.36
TERREADELI 240511 300  064500-065000   00      96.07  991.3     99.51     2.26     0.78
TERREADELI 240511 300  065000-065500   00      96.47  991.3     99.89     2.64     1.16
TERREADELI 240511 300  065500-070000   00      95.40  991.2     98.73     1.45    -0.04
TERREADELI 240511 300  070000-070500   00      95.87  991.3     99.27     2.00     0.51
TERREADELI 240511 300  070500-071000   00      95.33  991.2     98.68     1.40    -0.10
TERREADELI 240511 300  071000-071500   00      94.80  991.2     98.09     0.79    -0.71
TERREADELI 240511 300  071500-072000   00      96.75  991.3    100.19     2.95     1.44
TERREADELI 240511 300  072000-072500   00      93.93  991.2     97.23    -0.09    -1.60
TERREADELI 240511 300  072500-073000   00      94.87  991.1     98.13     0.84    -0.67
TERREADELI 240511 300  073000-073500   00      94.93  991.1     98.18     0.89    -0.62
TERREADELI 240511 300  073500-074000   00      95.50  991.2     98.82     1.54     0.03
TERREADELI 240511 300  074000-074500   00      94.53  991.2     97.81     0.51    -1.01
TERREADELI 240511 300  074500-075000   00      94.07  991.3     97.40     0.09    -1.43
TERREADELI 240511 300  075000-075500   00      96.73  991.3    100.16     2.93     1.40
TERREADELI 240511 300  075500-080000   00      95.53  991.2     98.86     1.59     0.06
TERREADELI 240511 300  080000-080500   00      96.20  991.2     99.59     2.34     0.81
TERREADELI 240511 300  080500-081000   00      94.67  991.2     97.97     0.67    -0.86
TERREADELI 240511 300  081000-081500   00      96.33  991.2     99.69     2.44     0.91
TERREADELI 240511 300  081500-082000   00      95.87  991.2     99.19     1.92     0.40
TERREADELI 240511 300  082000-082500   00      96.53  991.3     99.98     2.74     1.21
TERREADELI 240511 300  082500-083000   00      95.93  991.3     99.34     2.08     0.55
TERREADELI 240511 300  083000-083500   00      94.73  991.3     98.13     0.84    -0.69
TERREADELI 240511 300  083500-084000   00      96.27  991.3     99.72     2.47     0.95
TERREADELI 240511 300  084000-084500   00      94.40  991.5     97.90     0.60    -0.92
TERREADELI 240511 300  084500-085000   00      95.53  991.4     99.00     1.73     0.21
TERREADELI 240511 300  085000-085500   00      94.73  991.4     98.15     0.86    -0.66
TERREADELI 240511 300  085500-090000   00      94.00  991.4     97.43     0.12    -1.40
TERREADELI 240511 300  090000-090500   00      95.60  991.5     99.15     1.88     0.37
TERREADELI 240511 300  090500-091000   00      95.20  991.5     98.75     1.48    -0.03
TERREADELI 240511 300  091000-091500   00      95.20  991.6     98.79     1.52     0.01
TERREADELI 240511 300  091500-092000   00      94.13  991.4     97.57     0.26    -1.24
TERREADELI 240511 300  092000-092500   00      93.47  991.4     96.88    -0.45    -1.95
TERREADELI 240511 300  092500-093000   00      94.80  991.3     98.20     0.91    -0.58
TERREADELI 240511 300  093000-093500   00      94.60  991.3     97.99     0.70    -0.79
TERREADELI 240511 300  093500-094000   00      95.53  991.2     98.90     1.63     0.14
TERREADELI 240511 300  094000-094500   00      94.27  991.2     97.57     0.26    -1.22
TERREADELI 240511 300  094500-095000   00      94.20  991.3     97.54     0.23    -1.24
TERREADELI 240511 300  095000-095500   00      94.00  991.2     97.31     0.00    -1.47
TERREADELI 240511 300  095500-100000   00      94.20  991.2     97.47     0.15    -1.31
TERREADELI 240511 300  100000-100500   00      94.80  991.1     98.05     0.75    -0.71
TERREADELI 240511 300  100500-101000   00      95.33  991.2     98.68     1.40    -0.05
TERREADELI 240511 300  101000-101500   00      93.67  991.2     96.97    -0.36    -1.80
TERREADELI 240511 300  101500-102000   00      94.47  991.2     97.76     0.46    -0.98
TERREADELI 240511 300  102000-102500   00      95.53  991.0     98.75     1.47     0.04
TERREADELI 240511 300  102500-103000   00      94.47  991.1     97.66     0.36    -1.06
TERREADELI 240511 300  103000-103500   00      96.40  991.0     99.62     2.37     0.96
TERREADELI 240511 300  103500-104000   00      94.40  990.9     97.46     0.15    -1.26
TERREADELI 240511 300  104000-104500   00      95.20  991.0     98.34     1.06    -0.34
TERREADELI 240511 300  104500-105000   00      94.73  990.9     97.84     0.54    -0.84
TERREADELI 240511 300  105000-105500   00      96.80  990.8     99.89     2.65     1.27
TERREADELI 240511 300  105500-110000   00      95.27  990.8     98.33     1.05    -0.32
TERREADELI 240511 300  110000-110500   00      94.93  990.8     97.97     0.67    -0.68
TERREADELI 240511 300  110500-111000   00      96.73  990.8     99.83     2.58     1.24
TERREADELI 240511 300  111000-111500   00      95.27  990.8     98.31     1.03    -0.31
TERREADELI 240511 300  111500-112000   00      93.73  990.8     96.75    -0.58    -1.90
TERREADELI 240511 300  112000-112500   00      94.93  990.9     98.03     0.73    -0.58
TERREADELI 240511 300  112500-113000   00      96.00  990.8     99.09     1.82     0.52
TERREADELI 240511 300  113000-113500   00      97.27  990.8    100.34     3.11     1.82
TERREADELI 240511 300  113500-114000   00      97.00  990.7    100.04     2.80     1.53
TERREADELI 240511 300  114000-114500   00      95.60  990.7     98.56     1.28     0.02
TERREADELI 240511 300  114500-115000   00      95.83  990.8     98.87     1.60     0.35
TERREADELI 240511 300  115000-115500   00      97.27  990.8    100.34     3.11     1.87
TERREADELI 240511 300  115500-120000   00      96.87  990.7     99.85     2.60     1.38
TERREADELI 240511 300  120000-120500   00      96.00  990.6     98.89     1.62     0.41
TERREADELI 240511 300  120500-121000   00      96.20  990.6     99.08     1.81     0.62
TERREADELI 240511 300  121000-121500   00      95.80  990.6     98.69     1.41     0.23
TERREADELI 240511 300  121500-122000   00      94.13  990.8     97.11    -0.22    -1.38
TERREADELI 240511 300  122000-122500   00      94.93  990.7     97.89     0.59    -0.56
TERREADELI 240511 300  122500-123000   00      94.40  990.6     97.25    -0.07    -1.21
TERREADELI 240511 300  123000-123500   00      96.33  990.6     99.26     2.00     0.88
TERREADELI 240511 300  123500-124000   00      94.07  990.5     96.86    -0.46    -1.57
TERREADELI 240511 300  124000-124500   00      96.13  990.4     98.93     1.66     0.58
TERREADELI 240511 300  124500-125000   00      95.17  990.5     97.96     0.66    -0.41
TERREADELI 240511 300  125000-125500   00      95.53  990.6     98.41     1.13     0.07
TERREADELI 240511 300  125500-130000   00      97.33  990.7    100.39     3.16     2.12
TERREADELI 240511 300  130000-130500   00      94.93  990.7     97.85     0.55    -0.47
TERREADELI 240511 300  130500-131000   00      96.27  990.6     99.21     1.95     0.94
TERREADELI 240511 300  131000-131500   00      95.40  990.7     98.33     1.05     0.06
TERREADELI 240511 300  131500-132000   00      94.40  990.5     97.19    -0.13    -1.09
TERREADELI 240511 300  132000-132500   00      93.60  990.3     96.21    -1.13    -2.08
TERREADELI 240511 300  132500-133000   00      94.73  990.6     97.59     0.28    -0.64
TERREADELI 240511 300  133000-133500   00      95.87  990.5     98.72     1.44     0.53
TERREADELI 240511 300  133500-134000   00      95.33  990.5     98.17     0.88    -0.01
TERREADELI 240511 300  134000-134500   00      95.13  990.6     98.02     0.72    -0.14
TERREADELI 240511 300  134500-135000   00      92.80  990.6     95.58    -1.78    -2.63
TERREADELI 240511 300  135000-135500   00      95.60  990.5     98.42     1.14     0.31
TERREADELI 240511 300  135500-140000   00      94.87  990.5     97.69     0.38    -0.42
TERREADELI 240511 300  140000-140500   00      94.80  990.6     97.70     0.39    -9999
TERREADELI 240511 300  140500-141000   00      95.75  990.6     98.69     1.41    -9999
TERREADELI 240511 300  141000-141500   00      95.07  990.7     98.05     0.75    -9999
TERREADELI 240511 300  141500-142000   00      94.40  990.7     97.34     0.03    -9999
TERREADELI 240511 300  142000-142500   00      92.47  990.7     95.37    -2.00    -9999
TERREADELI 240511 300  142500-143000   00      94.42  990.9     97.48     0.17    -9999
TERREADELI 240511 300  143000-143500   00      94.33  991.0     97.45     0.13    -9999
TERREADELI 240511 300  143500-144000   00      95.80  991.0     98.98     1.71    -9999
TERREADELI 240511 300  144000-144500   00      96.07  991.0     99.30     2.04    -9999
TERREADELI 240511 300  144500-145000   00      94.47  990.9     97.55     0.24    -9999
TERREADELI 240511 300  145000-145500   00      94.87  991.0     98.04     0.74    -9999
TERREADELI 240511 300  145500-150000   00      95.07  991.1     98.28     0.99    -9999
TERREADELI 240511 300  150000-150500   00      94.33  991.0     97.49     0.17    -9999
TERREADELI 240511 300  150500-151000   00      93.73  991.2     96.98    -0.34    -9999
TERREADELI 240511 300  151000-151500   00      94.53  991.2     97.85     0.55    -9999
TERREADELI 240511 300  151500-152000   00      94.53  991.3     97.89     0.59    -9999
TERREADELI 240511 300  152000-152500   00      94.53  991.4     97.94     0.65    -9999
TERREADELI 240511 300  152500-153000   00      94.00  991.4     97.43     0.12    -9999
TERREADELI 240511 300  153000-153500   00      95.47  991.4     98.91     1.64    -9999
TERREADELI 240511 300  153500-154000   00      96.33  991.4     99.87     2.62    -9999
TERREADELI 240511 300  154000-154500   00      95.20  991.4     98.67     1.40    -9999
TERREADELI 240511 300  154500-155000   00      94.93  991.5     98.48     1.19    -9999
TERREADELI 240511 300  155000-155500   00      94.47  991.5     97.97     0.68    -9999
TERREADELI 240511 300  155500-160000   00      93.40  991.5     96.89    -0.44    -9999
TERREADELI 240511 3600 160000-170000   00      94.39  991.8     98.12     0.82    -9999
TERREADELI 240511 3600 170000-180000   00      93.98  992.3     98.02     0.73    -9999
TERREADELI 240511 3600 180000-190000   00      93.72  992.6     98.02     0.72    -9999
TERREADELI 240511 3600 190000-200000   00      94.27  992.9     98.81     1.54    -9999
TERREADELI 240511 3600 200000-210000   00      94.79  993.1     99.50     2.24    -9999
TERREADELI 240511 3600 210000-220000   00      94.62  993.4     99.57     2.31    -9999
TERREADELI 240511 3600 220000-230000   00      93.50  993.8     98.63     1.35    -9999
TERREADELI 240511 3600 230000-240000   00      93.10  994.2     98.52     1.24    -9999
TERREADELI 240512 3600 000000-010000   00      93.79  994.2     99.27     2.01    -9999
TERREADELI 240512 3600 010000-020000   00      93.62  994.3     99.16     1.90    -9999
TERREADELI 240512 3600 020000-030000   00      93.57  994.5     99.22     1.96    -9999
TERREADELI 240512 3600 030000-040000   00      93.41  994.1     98.80     1.53    -9999
TERREADELI 240512 3600 040000-050000   00      92.99  994.0     98.29     1.00    -9999
TERREADELI 240512 3600 050000-060000   00      93.09  993.6     98.04     0.75    -9999
TERREADELI 240512 3600 060000-070000   00      93.89  993.0     98.49     1.21    -9999
TERREADELI 240512 3600 070000-080000   00      94.00  992.7     98.39     1.11    -9999
TERREADELI 240512 3600 080000-090000   00      94.63  992.6     98.98     1.72    -9999
TERREADELI 240512 3600 090000-100000   00      95.24  992.6     99.62     2.37    -9999
TERREADELI 240512 3600 100000-110000   00      94.12  992.5     98.32     1.03    -9999
TERREADELI 240512 3600 110000-120000   00      94.47  992.0     98.32     1.03    -9999
TERREADELI 240512 3600 120000-130000   00      95.42  991.4     98.87     1.60    -9999
TERREADELI 240512 3600 130000-140000   00      95.40  991.1     98.64     1.36    -9999
TERREADELI 240512 3600 140000-150000   00      95.64  990.6     98.51     1.22    -9999
TERREADELI 240512 3600 150000-160000   00      96.73  990.0     99.20     1.93    -9999
TERREADELI 240512 3600 160000-170000   00      96.98  989.5     99.14     1.88    -9999
TERREADELI 240512 3600 170000-180000   00      96.89  989.0     98.68     1.41    -9999
TERREADELI 240512 3600 180000-190000   00      97.99  988.4     99.36     2.10    -9999
TERREADELI 240512 3600 190000-200000   00      98.03  988.1     99.14     1.88    -9999
TERREADELI 240512 3600 200000-210000   00      98.72  987.9     99.67     2.41    -9999
TERREADELI 240512 3600 210000-220000   00      98.67  987.8     99.59     2.34    -9999
TERREADELI 240512 3600 220000-230000   00      99.67  987.6    100.42     3.19    -9999
TERREADELI 240512 3600 230000-240000   00     100.16  987.6    100.96     3.74    -9999
*
COMMENT NM DATA DOWNLOADED FROM NMDB ON 14.5.2024
COMMENT DETRENDING DONE BY IU
COMMENT UNIVERISTY OF OULU: FILE GENERATED FROM DATABASE AND OBTAINED FROM
COMMENT https://gle.oulu.fi at 2025-01-03 09:23:40 +00:00
COMMENT FOR HISTORICAL/ORIGINAL TEXT FILES SEE https://gle.oulu.fi/txtarchive/
COMMENT ORIGINAL AT https://gle.oulu.fi/txtarchive/GLE74/C074TERA_cor.DAT
COMMENT DETRENDED DATA SHOW -9999 IF EQUAL TO INC% COLUMN 