FORT-SMITH LATITUDE    60        LONGITUDE     -112      ALTITUDE    0 M
FORT-SMITH INSTRUMENT   18NM64    NEUTRON MONITOR     	
FORT-SMITH STANDARD PRESSURE    1000    MB     COEFFICIENT   -0.72     % / MB
FORT-SMITH PRE-INCREASE BASELINE TIME INTERVAL    240510    230000-010000   UT
FORT-SMITH PRE-INCREASE AVERAGE COUNTING RATE    178.05      COUNTS PER SECOND
FORT-SMITH TIME INTERVALS    300         3600     
FORT-SMITH SCALE FACTORS     1           1        
STATION    YYMMDD  SEC   TIME (UT)   CODE    UNCORR. PRESS.    CORR.    % INC.	DETRENDED
                         INTERVAL    TD      C/S     (MB)      C/S
FORT-SMITH 240510 3600 000000-010000   00     235.21  991.0    199.48    12.03    -9999
FORT-SMITH 240510 3600 010000-020000   00     235.05  990.9    199.08    11.81    -9999
FORT-SMITH 240510 3600 020000-030000   00     235.49  990.8    199.37    11.97    -9999
FORT-SMITH 240510 3600 030000-040000   00     235.81  990.6    199.31    11.94    -9999
FORT-SMITH 240510 3600 040000-050000   00     236.50  990.1    199.24    11.90    -9999
FORT-SMITH 240510 3600 050000-060000   00     237.27  989.7    199.17    11.86    -9999
FORT-SMITH 240510 3600 060000-070000   00     239.34  989.0    199.96    12.30    -9999
FORT-SMITH 240510 3600 070000-080000   00     239.93  988.1    199.06    11.80    -9999
FORT-SMITH 240510 3600 080000-090000   00     241.31  987.2    198.80    11.65    -9999
FORT-SMITH 240510 3600 090000-100000   00     243.31  986.1    198.90    11.71    -9999
FORT-SMITH 240510 3600 100000-110000   00     245.22  985.2    199.08    11.81    -9999
FORT-SMITH 240510 3600 110000-120000   00     247.32  984.3    199.45    12.02    -9999
FORT-SMITH 240510 3600 120000-130000   00     249.45  983.3    199.68    12.15    -9999
FORT-SMITH 240510 3600 130000-140000   00     251.29  982.1    199.28    11.92    -9999
FORT-SMITH 240510 3600 140000-150000   00     254.59  981.0    200.22    12.45    -9999
FORT-SMITH 240510 3600 150000-160000   00     256.98  979.6    200.02    12.34    -9999
FORT-SMITH 240510 3600 160000-170000   00     259.40  978.6    200.45    12.58    -9999
FORT-SMITH 240510 3600 170000-180000   00     261.63  977.6    200.62    12.67    -9999
FORT-SMITH 240510 3600 180000-190000   00     264.49  976.7    201.39    13.10    -9999
FORT-SMITH 240510 3600 190000-200000   00     261.95  975.7    197.96    11.18    -9999
FORT-SMITH 240510 3600 200000-210000   00     260.03  974.9    195.42     9.75    -9999
FORT-SMITH 240510 300  210000-210500   00     258.02  974.8    193.64     8.76    -9999
FORT-SMITH 240510 300  210500-211000   00     259.94  974.7    195.06     9.55    -9999
FORT-SMITH 240510 300  211000-211500   00     259.18  974.7    194.45     9.21    -9999
FORT-SMITH 240510 300  211500-212000   00     258.24  974.7    193.80     8.84    -9999
FORT-SMITH 240510 300  212000-212500   00     257.38  974.7    193.13     8.47    -9999
FORT-SMITH 240510 300  212500-213000   00     256.40  974.7    192.33     8.02    -9999
FORT-SMITH 240510 300  213000-213500   00     256.02  974.8    192.20     7.95    -9999
FORT-SMITH 240510 300  213500-214000   00     256.29  974.9    192.50     8.11    -9999
FORT-SMITH 240510 300  214000-214500   00     251.48  974.8    188.77     6.02    -9999
FORT-SMITH 240510 300  214500-215000   00     244.60  974.8    183.61     3.12    -9999
FORT-SMITH 240510 300  215000-215500   00     244.61  974.7    183.57     3.10    -9999
FORT-SMITH 240510 300  215500-220000   00     246.08  974.8    184.78     3.78    -9999
FORT-SMITH 240510 300  220000-220500   00     245.69  974.8    184.47     3.61    -9999
FORT-SMITH 240510 300  220500-221000   00     244.21  974.8    183.30     2.95    -9999
FORT-SMITH 240510 300  221000-221500   00     240.77  974.8    180.76     1.52    -9999
FORT-SMITH 240510 300  221500-222000   00     243.73  974.8    182.97     2.76    -9999
FORT-SMITH 240510 300  222000-222500   00     241.90  974.7    181.45     1.91    -9999
FORT-SMITH 240510 300  222500-223000   00     240.76  974.7    180.59     1.42    -9999
FORT-SMITH 240510 300  223000-223500   00     244.31  974.7    183.22     2.90    -9999
FORT-SMITH 240510 300  223500-224000   00     242.21  974.6    181.56     1.97    -9999
FORT-SMITH 240510 300  224000-224500   00     242.96  974.6    182.08     2.26    -9999
FORT-SMITH 240510 300  224500-225000   00     240.60  974.4    180.05     1.12    -9999
FORT-SMITH 240510 300  225000-225500   00     238.78  974.4    178.71     0.37    -9999
FORT-SMITH 240510 300  225500-230000   00     240.14  974.5    179.85     1.01    -9999
FORT-SMITH 240510 300  230000-230500   00     237.74  974.5    178.02    -0.02    -9999
FORT-SMITH 240510 300  230500-231000   00     238.18  974.3    178.15     0.06    -9999
FORT-SMITH 240510 300  231000-231500   00     236.52  974.1    176.70    -0.76    -9999
FORT-SMITH 240510 300  231500-232000   00     238.75  974.2    178.45     0.22    -9999
FORT-SMITH 240510 300  232000-232500   00     236.63  974.1    176.77    -0.72    -9999
FORT-SMITH 240510 300  232500-233000   00     239.70  974.1    178.95     0.50    -9999
FORT-SMITH 240510 300  233000-233500   00     236.32  974.1    176.49    -0.88    -9999
FORT-SMITH 240510 300  233500-234000   00     236.71  974.3    177.08    -0.55    -9999
FORT-SMITH 240510 300  234000-234500   00     238.42  974.5    178.64     0.33    -9999
FORT-SMITH 240510 300  234500-235000   00     238.82  974.7    179.14     0.61    -9999
FORT-SMITH 240510 300  235000-235500   00     237.26  974.7    178.05     0.00    -9999
FORT-SMITH 240510 300  235500-240000   00     235.65  987.8   -999.00    -9999    -9999
FORT-SMITH 240511 300  000000-000500   00     217.16  988.6    180.87     1.58    -9999
FORT-SMITH 240511 300  000500-001000   00     231.70  978.0    178.22     0.09    -9999
FORT-SMITH 240511 300  001000-001500   00     234.46  975.7    177.16    -0.50    -9999
FORT-SMITH 240511 300  001500-002000   00     234.80  975.7    177.50    -0.31    -9999
FORT-SMITH 240511 300  002000-002500   00     234.18  975.8    177.16    -0.50    -9999
FORT-SMITH 240511 300  002500-003000   00     235.95  975.9    178.62     0.32    -9999
FORT-SMITH 240511 300  003000-003500   00     234.26  975.7    177.11    -0.53    -9999
FORT-SMITH 240511 300  003500-004000   00     234.67  975.7    177.32    -0.41    -9999
FORT-SMITH 240511 300  004000-004500   00     237.24  975.9    179.53     0.83    -9999
FORT-SMITH 240511 300  004500-005000   00     235.70  976.2    178.86     0.45    -9999
FORT-SMITH 240511 300  005000-005500   00     234.20  976.5    178.07     0.01    -9999
FORT-SMITH 240511 300  005500-010000   00     234.80  976.4    178.37     0.18    -9999
FORT-SMITH 240511 300  010000-010500   00     236.59  976.4    179.83     1.00     0.77
FORT-SMITH 240511 300  010500-011000   00     236.39  976.7    179.98     1.08     0.83
FORT-SMITH 240511 300  011000-011500   00     235.54  977.1    179.88     1.02     0.75
FORT-SMITH 240511 300  011500-012000   00     238.47  977.2    182.21     2.34     2.05
FORT-SMITH 240511 300  012000-012500   00     239.76  976.9    182.82     2.68     2.37
FORT-SMITH 240511 300  012500-013000   00     239.82  976.8    182.75     2.64     2.32
FORT-SMITH 240511 300  013000-013500   00     241.23  976.4    183.35     2.98     2.64
FORT-SMITH 240511 300  013500-014000   00     240.27  976.1    182.17     2.31     1.95
FORT-SMITH 240511 300  014000-014500   00     239.07  975.8    180.89     1.59     1.22
FORT-SMITH 240511 300  014500-015000   00     242.00  975.7    182.87     2.70     2.31
FORT-SMITH 240511 300  015000-015500   00     243.17  975.5    183.55     3.08     2.68
FORT-SMITH 240511 300  015500-020000   00     243.60  975.5    183.91     3.29     2.87
FORT-SMITH 240511 300  020000-020500   00     241.54  975.6    182.36     2.42     1.98
FORT-SMITH 240511 300  020500-021000   00     243.39  975.5    183.66     3.15     2.69
FORT-SMITH 240511 300  021000-021500   00     242.58  975.5    183.11     2.84     2.37
FORT-SMITH 240511 300  021500-022000   00     240.85  975.5    181.75     2.08     1.59
FORT-SMITH 240511 300  022000-022500   00     245.31  975.4    184.99     3.89     3.39
FORT-SMITH 240511 300  022500-023000   00     243.54  975.5    183.76     3.21     2.69
FORT-SMITH 240511 300  023000-023500   00     243.23  975.6    183.75     3.20     2.66
FORT-SMITH 240511 300  023500-024000   00     244.11  975.7    184.49     3.62     3.07
FORT-SMITH 240511 300  024000-024500   00     243.14  975.7    183.81     3.23     2.67
FORT-SMITH 240511 300  024500-025000   00     243.42  975.8    184.08     3.39     2.81
FORT-SMITH 240511 300  025000-025500   00     243.81  975.9    184.48     3.61     3.02
FORT-SMITH 240511 300  025500-030000   00     242.89  975.9    183.85     3.26     2.65
FORT-SMITH 240511 300  030000-030500   00     240.65  975.9    182.18     2.32     1.69
FORT-SMITH 240511 300  030500-031000   00     245.08  976.0    185.65     4.27     3.64
FORT-SMITH 240511 300  031000-031500   00     246.54  976.0    186.69     4.85     4.21
FORT-SMITH 240511 300  031500-032000   00     245.22  975.9    185.66     4.27     3.61
FORT-SMITH 240511 300  032000-032500   00     248.86  976.0    188.44     5.83     5.16
FORT-SMITH 240511 300  032500-033000   00     245.58  976.0    186.04     4.48     3.80
FORT-SMITH 240511 300  033000-033500   00     246.44  975.9    186.56     4.78     4.08
FORT-SMITH 240511 300  033500-034000   00     248.31  975.9    187.92     5.54     4.83
FORT-SMITH 240511 300  034000-034500   00     246.11  975.9    186.29     4.62     3.90
FORT-SMITH 240511 300  034500-035000   00     243.80  976.0    184.62     3.69     2.95
FORT-SMITH 240511 300  035000-035500   00     242.78  976.0    183.97     3.32     2.57
FORT-SMITH 240511 300  035500-040000   00     245.11  976.1    185.77     4.33     3.58
FORT-SMITH 240511 300  040000-040500   00     243.79  976.1    184.87     3.83     3.06
FORT-SMITH 240511 300  040500-041000   00     239.76  976.2    181.90     2.16     1.38
FORT-SMITH 240511 300  041000-041500   00     241.86  976.3    183.55     3.09     2.29
FORT-SMITH 240511 300  041500-042000   00     239.65  976.3    181.96     2.19     1.39
FORT-SMITH 240511 300  042000-042500   00     239.31  976.3    181.72     2.06     1.25
FORT-SMITH 240511 300  042500-043000   00     239.86  976.4    182.17     2.31     1.49
FORT-SMITH 240511 300  043000-043500   00     242.40  976.4    184.13     3.41     2.58
FORT-SMITH 240511 300  043500-044000   00     239.78  976.4    182.14     2.29     1.45
FORT-SMITH 240511 300  044000-044500   00     240.02  976.4    182.39     2.44     1.58
FORT-SMITH 240511 300  044500-045000   00     241.54  976.4    183.58     3.10     2.24
FORT-SMITH 240511 300  045000-045500   00     240.06  976.5    182.49     2.49     1.62
FORT-SMITH 240511 300  045500-050000   00     240.57  976.5    182.93     2.74     1.85
FORT-SMITH 240511 300  050000-050500   00     239.49  976.6    182.16     2.31     1.42
FORT-SMITH 240511 300  050500-051000   00     237.47  976.6    180.70     1.49     0.59
FORT-SMITH 240511 300  051000-051500   00     236.73  976.7    180.26     1.24     0.33
FORT-SMITH 240511 300  051500-052000   00     239.72  976.7    182.57     2.54     1.62
FORT-SMITH 240511 300  052000-052500   00     239.35  976.7    182.28     2.37     1.45
FORT-SMITH 240511 300  052500-053000   00     237.18  976.7    180.61     1.43     0.50
FORT-SMITH 240511 300  053000-053500   00     237.78  976.7    181.11     1.72     0.78
FORT-SMITH 240511 300  053500-054000   00     236.04  976.8    179.82     0.99     0.04
FORT-SMITH 240511 300  054000-054500   00     237.43  976.8    180.90     1.60     0.64
FORT-SMITH 240511 300  054500-055000   00     239.50  976.7    182.36     2.42     1.46
FORT-SMITH 240511 300  055000-055500   00     235.84  976.7    179.56     0.85    -0.12
FORT-SMITH 240511 300  055500-060000   00     236.17  976.7    179.82     0.99     0.01
FORT-SMITH 240511 300  060000-060500   00     235.47  976.6    179.21     0.65    -0.33
FORT-SMITH 240511 300  060500-061000   00     237.92  976.6    181.01     1.66     0.67
FORT-SMITH 240511 300  061000-061500   00     239.07  976.6    181.89     2.16     1.16
FORT-SMITH 240511 300  061500-062000   00     236.18  976.6    179.68     0.91    -0.09
FORT-SMITH 240511 300  062000-062500   00     237.46  976.5    180.57     1.42     0.41
FORT-SMITH 240511 300  062500-063000   00     238.71  976.5    181.53     1.95     0.94
FORT-SMITH 240511 300  063000-063500   00     240.76  976.5    183.09     2.83     1.81
FORT-SMITH 240511 300  063500-064000   00     237.20  976.5    180.30     1.26     0.24
FORT-SMITH 240511 300  064000-064500   00     235.33  976.5    178.86     0.45    -0.58
FORT-SMITH 240511 300  064500-065000   00     237.45  976.4    180.43     1.33     0.30
FORT-SMITH 240511 300  065000-065500   00     239.91  976.4    182.34     2.41     1.37
FORT-SMITH 240511 300  065500-070000   00     236.21  976.4    179.49     0.81    -0.23
FORT-SMITH 240511 300  070000-070500   00     238.12  976.3    180.83     1.56     0.52
FORT-SMITH 240511 300  070500-071000   00     237.37  976.3    180.18     1.19     0.15
FORT-SMITH 240511 300  071000-071500   00     239.49  976.3    181.75     2.08     1.03
FORT-SMITH 240511 300  071500-072000   00     239.98  976.2    182.06     2.25     1.20
FORT-SMITH 240511 300  072000-072500   00     241.48  976.1    183.10     2.83     1.78
FORT-SMITH 240511 300  072500-073000   00     242.25  976.1    183.58     3.10     2.05
FORT-SMITH 240511 300  073000-073500   00     239.40  976.0    181.39     1.88     0.81
FORT-SMITH 240511 300  073500-074000   00     237.07  976.1    179.65     0.90    -0.17
FORT-SMITH 240511 300  074000-074500   00     238.46  976.1    180.74     1.51     0.44
FORT-SMITH 240511 300  074500-075000   00     236.10  976.0    178.88     0.46    -0.61
FORT-SMITH 240511 300  075000-075500   00     240.43  976.0    182.11     2.28     1.21
FORT-SMITH 240511 300  075500-080000   00     241.30  976.0    182.73     2.63     1.56
FORT-SMITH 240511 300  080000-080500   00     239.55  976.0    181.39     1.88     0.80
FORT-SMITH 240511 300  080500-081000   00     238.42  976.0    180.54     1.40     0.32
FORT-SMITH 240511 300  081000-081500   00     241.89  976.0    183.16     2.87     1.79
FORT-SMITH 240511 300  081500-082000   00     240.60  976.0    182.21     2.34     1.26
FORT-SMITH 240511 300  082000-082500   00     238.32  975.9    180.44     1.34     0.27
FORT-SMITH 240511 300  082500-083000   00     237.64  975.9    179.85     1.01    -0.07
FORT-SMITH 240511 300  083000-083500   00     239.04  975.9    180.91     1.60     0.53
FORT-SMITH 240511 300  083500-084000   00     238.96  975.9    180.84     1.56     0.49
FORT-SMITH 240511 300  084000-084500   00     241.21  975.9    182.54     2.52     1.44
FORT-SMITH 240511 300  084500-085000   00     240.58  975.9    182.04     2.24     1.17
FORT-SMITH 240511 300  085000-085500   00     239.16  975.9    181.00     1.66     0.58
FORT-SMITH 240511 300  085500-090000   00     237.57  976.0    179.89     1.03    -0.04
FORT-SMITH 240511 300  090000-090500   00     236.95  976.0    179.43     0.77    -0.30
FORT-SMITH 240511 300  090500-091000   00     238.06  976.1    180.39     1.31     0.24
FORT-SMITH 240511 300  091000-091500   00     238.28  976.1    180.66     1.46     0.39
FORT-SMITH 240511 300  091500-092000   00     239.31  976.2    181.55     1.96     0.90
FORT-SMITH 240511 300  092000-092500   00     235.42  976.2    178.59     0.30    -0.77
FORT-SMITH 240511 300  092500-093000   00     237.54  976.2    180.24     1.23     0.16
FORT-SMITH 240511 300  093000-093500   00     238.86  976.2    181.21     1.77     0.71
FORT-SMITH 240511 300  093500-094000   00     237.69  976.3    180.39     1.31     0.25
FORT-SMITH 240511 300  094000-094500   00     241.30  976.3    183.15     2.86     1.81
FORT-SMITH 240511 300  094500-095000   00     239.77  976.3    182.06     2.25     1.20
FORT-SMITH 240511 300  095000-095500   00     238.43  976.5    181.23     1.78     0.73
FORT-SMITH 240511 300  095500-100000   00     237.09  976.6    180.42     1.33     0.28
FORT-SMITH 240511 300  100000-100500   00     237.14  976.8    180.62     1.44     0.40
FORT-SMITH 240511 300  100500-101000   00     235.40  977.0    179.58     0.86    -0.18
FORT-SMITH 240511 300  101000-101500   00     234.41  977.2    179.10     0.59    -0.45
FORT-SMITH 240511 300  101500-102000   00     237.94  977.2    181.82     2.11     1.08
FORT-SMITH 240511 300  102000-102500   00     234.60  977.3    179.46     0.79    -0.24
FORT-SMITH 240511 300  102500-103000   00     233.44  977.4    178.72     0.37    -0.65
FORT-SMITH 240511 300  103000-103500   00     234.35  977.5    179.53     0.83    -0.19
FORT-SMITH 240511 300  103500-104000   00     235.63  977.6    180.63     1.45     0.43
FORT-SMITH 240511 300  104000-104500   00     235.59  977.7    180.69     1.48     0.48
FORT-SMITH 240511 300  104500-105000   00     235.07  977.7    180.38     1.30     0.30
FORT-SMITH 240511 300  105000-105500   00     234.93  977.8    180.38     1.31     0.31
FORT-SMITH 240511 300  105500-110000   00     236.11  977.9    181.39     1.88     0.89
FORT-SMITH 240511 300  110000-110500   00     234.93  977.9    180.48     1.36     0.38
FORT-SMITH 240511 300  110500-111000   00     235.81  977.9    181.14     1.74     0.76
FORT-SMITH 240511 300  111000-111500   00     237.87  977.9    182.81     2.67     1.70
FORT-SMITH 240511 300  111500-112000   00     232.68  978.1    179.06     0.56    -0.40
FORT-SMITH 240511 300  112000-112500   00     234.40  978.2    180.55     1.40     0.44
FORT-SMITH 240511 300  112500-113000   00     234.08  978.4    180.47     1.36     0.41
FORT-SMITH 240511 300  113000-113500   00     233.61  978.4    180.13     1.17     0.22
FORT-SMITH 240511 300  113500-114000   00     233.09  978.5    179.88     1.03     0.09
FORT-SMITH 240511 300  114000-114500   00     233.67  978.5    180.39     1.31     0.39
FORT-SMITH 240511 300  114500-115000   00     236.17  978.6    182.44     2.46     1.55
FORT-SMITH 240511 300  115000-115500   00     236.44  978.7    182.72     2.62     1.71
FORT-SMITH 240511 300  115500-120000   00     233.64  978.7    180.64     1.45     0.55
FORT-SMITH 240511 300  120000-120500   00     232.17  978.7    179.52     0.83    -0.07
FORT-SMITH 240511 300  120500-121000   00     232.54  978.8    179.85     1.01     0.12
FORT-SMITH 240511 300  121000-121500   00     231.35  978.8    178.99     0.53    -0.35
FORT-SMITH 240511 300  121500-122000   00     231.46  978.9    179.18     0.63    -0.24
FORT-SMITH 240511 300  122000-122500   00     228.12  978.9    176.64    -0.79    -1.65
FORT-SMITH 240511 300  122500-123000   00     230.48  979.0    178.55     0.28    -0.57
FORT-SMITH 240511 300  123000-123500   00     230.72  979.0    178.80     0.42    -0.42
FORT-SMITH 240511 300  123500-124000   00     229.25  979.1    177.75    -0.17    -1.00
FORT-SMITH 240511 300  124000-124500   00     226.40  979.2    175.66    -1.35    -2.17
FORT-SMITH 240511 300  124500-125000   00     228.57  979.3    177.44    -0.35    -1.15
FORT-SMITH 240511 300  125000-125500   00     227.79  979.4    176.95    -0.62    -1.42
FORT-SMITH 240511 300  125500-130000   00     229.34  979.5    178.27     0.12    -0.66
FORT-SMITH 240511 300  130000-130500   00     227.61  979.6    177.09    -0.54    -1.32
FORT-SMITH 240511 300  130500-131000   00     227.82  979.6    177.34    -0.40    -1.17
FORT-SMITH 240511 300  131000-131500   00     228.33  979.7    177.77    -0.16    -0.91
FORT-SMITH 240511 300  131500-132000   00     227.93  979.7    177.51    -0.31    -1.05
FORT-SMITH 240511 300  132000-132500   00     228.92  979.8    178.38     0.18    -0.55
FORT-SMITH 240511 300  132500-133000   00     228.26  979.9    177.99    -0.04    -0.76
FORT-SMITH 240511 300  133000-133500   00     228.41  979.9    178.19     0.08    -0.63
FORT-SMITH 240511 300  133500-134000   00     228.54  980.0    178.35     0.17    -0.52
FORT-SMITH 240511 300  134000-134500   00     227.74  980.1    177.85    -0.12    -0.80
FORT-SMITH 240511 300  134500-135000   00     230.09  980.1    179.81     0.99     0.32
FORT-SMITH 240511 300  135000-135500   00     227.82  980.2    178.13     0.04    -0.61
FORT-SMITH 240511 300  135500-140000   00     228.22  980.3    178.52     0.26    -0.38
FORT-SMITH 240511 300  140000-140500   00     227.98  980.3    178.44     0.22    -9999
FORT-SMITH 240511 300  140500-141000   00     227.79  980.5    178.43     0.21    -9999
FORT-SMITH 240511 300  141000-141500   00     226.78  980.6    177.79    -0.15    -9999
FORT-SMITH 240511 300  141500-142000   00     227.34  980.7    178.40     0.19    -9999
FORT-SMITH 240511 300  142000-142500   00     228.23  980.8    179.20     0.64    -9999
FORT-SMITH 240511 300  142500-143000   00     226.59  980.9    178.09     0.02    -9999
FORT-SMITH 240511 300  143000-143500   00     226.54  981.0    178.23     0.10    -9999
FORT-SMITH 240511 300  143500-144000   00     228.40  981.2    179.89     1.03    -9999
FORT-SMITH 240511 300  144000-144500   00     228.10  981.2    179.73     0.94    -9999
FORT-SMITH 240511 300  144500-145000   00     227.55  981.3    179.36     0.73    -9999
FORT-SMITH 240511 300  145000-145500   00     225.39  981.3    177.73    -0.18    -9999
FORT-SMITH 240511 300  145500-150000   00     225.37  981.4    177.85    -0.11    -9999
FORT-SMITH 240511 300  150000-150500   00     226.99  981.5    179.21     0.65    -9999
FORT-SMITH 240511 300  150500-151000   00     227.55  981.6    179.82     0.99    -9999
FORT-SMITH 240511 300  151000-151500   00     223.94  981.7    177.10    -0.54    -9999
FORT-SMITH 240511 300  151500-152000   00     226.07  981.8    178.91     0.48    -9999
FORT-SMITH 240511 300  152000-152500   00     228.63  982.0    181.12     1.72    -9999
FORT-SMITH 240511 300  152500-153000   00     226.74  982.0    179.73     0.94    -9999
FORT-SMITH 240511 300  153000-153500   00     226.59  982.1    179.74     0.95    -9999
FORT-SMITH 240511 300  153500-154000   00     225.76  982.3    179.31     0.70    -9999
FORT-SMITH 240511 300  154000-154500   00     225.51  982.4    179.22     0.66    -9999
FORT-SMITH 240511 300  154500-155000   00     225.31  982.5    179.28     0.69    -9999
FORT-SMITH 240511 300  155000-155500   00     227.90  982.7    181.53     1.95    -9999
FORT-SMITH 240511 300  155500-160000   00     225.73  982.8    179.92     1.05    -9999
FORT-SMITH 240511 3600 160000-170000   00     225.08  983.4    180.16     1.18    -9999
FORT-SMITH 240511 3600 170000-180000   00     225.73  984.4    182.10     2.27    -9999
FORT-SMITH 240511 3600 180000-190000   00     224.49  985.4    182.49     2.49    -9999
FORT-SMITH 240511 3600 190000-200000   00     222.31  986.4    182.05     2.24    -9999
FORT-SMITH 240511 3600 200000-210000   00     224.43  987.1    184.89     3.84    -9999
FORT-SMITH 240511 3600 210000-220000   00     224.08  987.6    185.28     4.06    -9999
FORT-SMITH 240511 3600 220000-230000   00     222.86  988.0    184.82     3.80    -9999
FORT-SMITH 240511 3600 230000-240000   00     219.89  988.4    182.92     2.73    -9999
FORT-SMITH 240512 3600 000000-010000   00     220.01  988.4    182.98     2.77    -9999
FORT-SMITH 240512 3600 010000-020000   00     217.08  989.1    181.43     1.90    -9999
FORT-SMITH 240512 3600 020000-030000   00     216.71  989.0    181.11     1.72    -9999
FORT-SMITH 240512 3600 030000-040000   00     216.55  989.1    181.08     1.70    -9999
FORT-SMITH 240512 3600 040000-050000   00     217.71  989.2    182.18     2.32    -9999
FORT-SMITH 240512 3600 050000-060000   00     218.42  989.2    182.82     2.67    -9999
FORT-SMITH 240512 3600 060000-070000   00     218.53  989.2    182.86     2.70    -9999
FORT-SMITH 240512 3600 070000-080000   00     217.92  989.3    182.45     2.47    -9999
FORT-SMITH 240512 3600 080000-090000   00     218.43  989.3    182.89     2.72    -9999
FORT-SMITH 240512 3600 090000-100000   00     218.35  989.3    182.95     2.75    -9999
FORT-SMITH 240512 3600 100000-110000   00     217.78  989.5    182.71     2.62    -9999
FORT-SMITH 240512 3600 110000-120000   00     216.64  989.7    182.04     2.24    -9999
FORT-SMITH 240512 3600 120000-130000   00     215.86  989.9    181.64     2.01    -9999
FORT-SMITH 240512 3600 130000-140000   00     216.92  989.9    182.50     2.49    -9999
FORT-SMITH 240512 3600 140000-150000   00     218.13  989.7    183.24     2.91    -9999
FORT-SMITH 240512 3600 150000-160000   00     218.78  989.3    183.25     2.92    -9999
FORT-SMITH 240512 3600 160000-170000   00     220.34  988.9    184.01     3.35    -9999
FORT-SMITH 240512 3600 170000-180000   00     221.70  988.3    184.37     3.55    -9999
FORT-SMITH 240512 3600 180000-190000   00     224.26  987.8    185.79     4.35    -9999
FORT-SMITH 240512 3600 190000-200000   00     225.87  987.2    186.31     4.64    -9999
FORT-SMITH 240512 3600 200000-210000   00     225.84  986.6    185.41     4.13    -9999
FORT-SMITH 240512 3600 210000-220000   00     227.56  986.0    186.07     4.50    -9999
FORT-SMITH 240512 3600 220000-230000   00     228.76  985.6    186.37     4.67    -9999
FORT-SMITH 240512 3600 230000-240000   00     229.67  985.1    186.50     4.75    -9999
*
COMMENT NM DATA DOWNLOADED FROM NMDB ON 14.5.2024
COMMENT DETRENDING DONE BY IU
COMMENT UNIVERISTY OF OULU: FILE GENERATED FROM DATABASE AND OBTAINED FROM
COMMENT https://gle.oulu.fi at 2025-01-03 09:23:40 +00:00
COMMENT FOR HISTORICAL/ORIGINAL TEXT FILES SEE https://gle.oulu.fi/txtarchive/
COMMENT ORIGINAL AT https://gle.oulu.fi/txtarchive/GLE74/C074FTSM_cor.DAT
COMMENT DETRENDED DATA SHOW -9999 IF EQUAL TO INC% COLUMN 