CALGARY    LATITUDE    51.08     LONGITUDE     -114.13   ALTITUDE    1128 M
CALGARY    INSTRUMENT   12NM64    NEUTRON MONITOR     	
CALGARY    STANDARD PRESSURE    884     MB     COEFFICIENT   -999      % / MB
CALGARY    PRE-INCREASE BASELINE TIME INTERVAL    240510    230000-010000   UT
CALGARY    PRE-INCREASE AVERAGE COUNTING RATE    245.81      COUNTS PER SECOND
CALGARY    TIME INTERVALS    300         3600     
CALGARY    SCALE FACTORS     1           1        
STATION    YYMMDD  SEC   TIME (UT)   CODE    UNCORR. PRESS.    CORR.    % INC.	DETRENDED
                         INTERVAL    TD      C/S     (MB)      C/S
CALGARY    240510 3600 000000-010000   00     279.94  895.8    276.91    12.65    -9999
CALGARY    240510 3600 010000-020000   00     279.86  895.5    276.04    12.30    -9999
CALGARY    240510 3600 020000-030000   00     278.85  895.5    275.07    11.90    -9999
CALGARY    240510 3600 030000-040000   00     278.85  895.8    275.71    12.17    -9999
CALGARY    240510 3600 040000-050000   00     278.97  895.8    275.97    12.27    -9999
CALGARY    240510 3600 050000-060000   00     278.97  895.8    275.84    12.22    -9999
CALGARY    240510 3600 060000-070000   00     279.82  895.7    276.52    12.49    -9999
CALGARY    240510 3600 070000-080000   00     279.73  895.7    276.43    12.46    -9999
CALGARY    240510 3600 080000-090000   00     280.34  895.6    276.83    12.62    -9999
CALGARY    240510 3600 090000-100000   00     280.08  895.6    276.53    12.50    -9999
CALGARY    240510 3600 100000-110000   00     280.73  895.4    276.74    12.58    -9999
CALGARY    240510 3600 110000-120000   00     280.88  895.2    276.61    12.53    -9999
CALGARY    240510 3600 120000-130000   00     282.04  895.2    277.73    12.98    -9999
CALGARY    240510 3600 130000-140000   00     283.71  894.8    278.37    13.24    -9999
CALGARY    240510 3600 140000-150000   00     282.57  894.4    276.47    12.47    -9999
CALGARY    240510 3600 150000-160000   00     286.85  893.8    279.38    13.66    -9999
CALGARY    240510 3600 160000-170000   00     289.55  892.9    280.05    13.93    -9999
CALGARY    240510 3600 170000-180000   00     293.08  891.8    281.09    14.35    -9999
CALGARY    240510 3600 180000-190000   00     293.37  890.5    278.53    13.31    -9999
CALGARY    240510 3600 190000-200000   00     290.68  889.4    273.63    11.32    -9999
CALGARY    240510 3600 200000-210000   00     287.82  888.3    268.69     9.31    -9999
CALGARY    240510 300  210000-210500   00     287.41  888.0    267.52     8.83    -9999
CALGARY    240510 300  210500-211000   00     285.90  887.9    265.91     8.18    -9999
CALGARY    240510 300  211000-211500   00     285.24  887.8    265.15     7.87    -9999
CALGARY    240510 300  211500-212000   00     280.01  887.8    260.26     5.88    -9999
CALGARY    240510 300  212000-212500   00     279.50  887.7    259.67     5.64    -9999
CALGARY    240510 300  212500-213000   00     280.01  887.7    260.06     5.80    -9999
CALGARY    240510 300  213000-213500   00     281.56  887.6    261.40     6.34    -9999
CALGARY    240510 300  213500-214000   00     280.38  887.5    260.14     5.83    -9999
CALGARY    240510 300  214000-214500   00     278.92  887.5    258.61     5.21    -9999
CALGARY    240510 300  214500-215000   00     277.56  887.4    257.21     4.64    -9999
CALGARY    240510 300  215000-215500   00     276.55  887.3    256.06     4.17    -9999
CALGARY    240510 300  215500-220000   00     273.46  887.2    253.10     2.97    -9999
CALGARY    240510 300  220000-220500   00     273.88  887.2    253.39     3.08    -9999
CALGARY    240510 300  220500-221000   00     271.91  887.1    251.40     2.27    -9999
CALGARY    240510 300  221000-221500   00     274.17  886.9    253.22     3.01    -9999
CALGARY    240510 300  221500-222000   00     274.30  886.9    253.27     3.04    -9999
CALGARY    240510 300  222000-222500   00     273.81  886.9    252.77     2.83    -9999
CALGARY    240510 300  222500-223000   00     271.81  886.9    250.88     2.06    -9999
CALGARY    240510 300  223000-223500   00     271.85  886.7    250.68     1.98    -9999
CALGARY    240510 300  223500-224000   00     270.83  886.6    249.50     1.50    -9999
CALGARY    240510 300  224000-224500   00     269.40  886.6    248.19     0.97    -9999
CALGARY    240510 300  224500-225000   00     269.16  886.5    247.81     0.82    -9999
CALGARY    240510 300  225000-225500   00     267.53  886.4    246.08     0.11    -9999
CALGARY    240510 300  225500-230000   00     268.34  886.4    246.71     0.37    -9999
CALGARY    240510 300  230000-230500   00     268.35  886.3    246.64     0.34    -9999
CALGARY    240510 300  230500-231000   00     270.38  886.2    248.28     1.00    -9999
CALGARY    240510 300  231000-231500   00     267.81  886.1    245.68    -0.05    -9999
CALGARY    240510 300  231500-232000   00     266.60  886.1    244.53    -0.52    -9999
CALGARY    240510 300  232000-232500   00     266.87  886.1    244.80    -0.41    -9999
CALGARY    240510 300  232500-233000   00     268.82  886.1    246.57     0.31    -9999
CALGARY    240510 300  233000-233500   00     266.76  886.1    244.67    -0.46    -9999
CALGARY    240510 300  233500-234000   00     271.72  886.1    249.24     1.39    -9999
CALGARY    240510 300  234000-234500   00     268.07  886.0    245.85     0.02    -9999
CALGARY    240510 300  234500-235000   00     271.28  886.0    248.78     1.21    -9999
CALGARY    240510 300  235000-235500   00     271.62  886.0    249.00     1.30    -9999
CALGARY    240510 300  235500-240000   00     270.12  885.9    247.53     0.70    -9999
CALGARY    240511 300  000000-000500   00     267.66  885.9    245.20    -0.25    -9999
CALGARY    240511 300  000500-001000   00     271.06  885.9    248.26     1.00    -9999
CALGARY    240511 300  001000-001500   00     265.13  885.9    242.86    -1.20    -9999
CALGARY    240511 300  001500-002000   00     266.17  885.9    243.79    -0.82    -9999
CALGARY    240511 300  002000-002500   00     264.53  885.8    242.21    -1.46    -9999
CALGARY    240511 300  002500-003000   00     265.46  885.8    243.03    -1.13    -9999
CALGARY    240511 300  003000-003500   00     266.19  885.8    243.58    -0.91    -9999
CALGARY    240511 300  003500-004000   00     269.01  885.7    246.11     0.12    -9999
CALGARY    240511 300  004000-004500   00     267.92  885.7    244.97    -0.34    -9999
CALGARY    240511 300  004500-005000   00     268.41  885.6    245.37    -0.18    -9999
CALGARY    240511 300  005000-005500   00     268.81  885.6    245.76    -0.02    -9999
CALGARY    240511 300  005500-010000   00     269.95  885.6    246.72     0.37    -9999
CALGARY    240511 300  010000-010500   00     271.44  885.5    247.96     0.88     0.50
CALGARY    240511 300  010500-011000   00     271.76  885.5    248.20     0.97     0.57
CALGARY    240511 300  011000-011500   00     271.68  885.5    248.06     0.92     0.49
CALGARY    240511 300  011500-012000   00     277.96  885.4    253.73     3.22     2.77
CALGARY    240511 300  012000-012500   00     273.42  885.4    249.52     1.51     1.04
CALGARY    240511 300  012500-013000   00     280.29  885.4    255.75     4.04     3.55
CALGARY    240511 300  013000-013500   00     277.81  885.3    253.42     3.10     2.58
CALGARY    240511 300  013500-014000   00     277.37  885.3    252.96     2.91     2.37
CALGARY    240511 300  014000-014500   00     280.34  885.3    255.69     4.02     3.46
CALGARY    240511 300  014500-015000   00     275.82  885.3    251.55     2.34     1.75
CALGARY    240511 300  015000-015500   00     274.10  885.3    249.93     1.68     1.07
CALGARY    240511 300  015500-020000   00     271.15  885.3    247.21     0.57    -0.06
CALGARY    240511 300  020000-020500   00     274.12  885.2    249.74     1.60     0.95
CALGARY    240511 300  020500-021000   00     275.59  885.1    250.83     2.04     1.37
CALGARY    240511 300  021000-021500   00     280.99  885.0    255.72     4.03     3.34
CALGARY    240511 300  021500-022000   00     277.31  885.0    252.35     2.66     1.95
CALGARY    240511 300  022000-022500   00     280.17  885.0    254.90     3.70     2.97
CALGARY    240511 300  022500-023000   00     277.54  885.0    252.46     2.70     1.96
CALGARY    240511 300  023000-023500   00     280.40  884.9    254.95     3.72     2.95
CALGARY    240511 300  023500-024000   00     280.15  884.9    254.62     3.58     2.80
CALGARY    240511 300  024000-024500   00     278.78  884.9    253.38     3.08     2.28
CALGARY    240511 300  024500-025000   00     280.24  884.9    254.66     3.60     2.78
CALGARY    240511 300  025000-025500   00     277.79  884.8    252.33     2.65     1.81
CALGARY    240511 300  025500-030000   00     283.82  884.7    257.67     4.83     3.97
CALGARY    240511 300  030000-030500   00     279.25  884.7    253.44     3.11     2.23
CALGARY    240511 300  030500-031000   00     281.27  884.6    255.19     3.81     2.93
CALGARY    240511 300  031000-031500   00     281.92  884.7    255.79     4.06     3.15
CALGARY    240511 300  031500-032000   00     284.98  884.7    258.65     5.22     4.30
CALGARY    240511 300  032000-032500   00     279.69  884.7    253.87     3.28     2.34
CALGARY    240511 300  032500-033000   00     286.11  884.7    259.72     5.66     4.71
CALGARY    240511 300  033000-033500   00     283.38  884.7    257.28     4.67     3.70
CALGARY    240511 300  033500-034000   00     282.26  884.7    256.23     4.24     3.26
CALGARY    240511 300  034000-034500   00     282.72  884.7    256.65     4.41     3.41
CALGARY    240511 300  034500-035000   00     278.29  884.7    252.63     2.77     1.77
CALGARY    240511 300  035000-035500   00     278.17  884.7    252.55     2.74     1.72
CALGARY    240511 300  035500-040000   00     278.79  884.8    253.19     3.00     1.97
CALGARY    240511 300  040000-040500   00     278.88  884.8    253.34     3.06     2.02
CALGARY    240511 300  040500-041000   00     276.21  884.8    250.95     2.09     1.03
CALGARY    240511 300  041000-041500   00     277.16  884.9    251.89     2.47     1.40
CALGARY    240511 300  041500-042000   00     278.08  884.9    252.74     2.82     1.73
CALGARY    240511 300  042000-042500   00     278.34  884.8    252.92     2.89     1.79
CALGARY    240511 300  042500-043000   00     275.06  884.8    249.81     1.63     0.52
CALGARY    240511 300  043000-043500   00     278.37  884.8    252.78     2.84     1.72
CALGARY    240511 300  043500-044000   00     279.90  884.8    254.18     3.40     2.27
CALGARY    240511 300  044000-044500   00     275.56  884.7    250.19     1.78     0.64
CALGARY    240511 300  044500-045000   00     274.85  884.7    249.50     1.50     0.35
CALGARY    240511 300  045000-045500   00     275.84  884.7    250.28     1.82     0.66
CALGARY    240511 300  045500-050000   00     277.84  884.6    252.08     2.55     1.38
CALGARY    240511 300  050000-050500   00     273.47  884.7    248.18     0.96    -0.22
CALGARY    240511 300  050500-051000   00     275.04  884.6    249.54     1.52     0.33
CALGARY    240511 300  051000-051500   00     274.73  884.6    249.14     1.35     0.16
CALGARY    240511 300  051500-052000   00     275.35  884.5    249.45     1.48     0.28
CALGARY    240511 300  052000-052500   00     277.42  884.4    251.20     2.19     0.98
CALGARY    240511 300  052500-053000   00     279.48  884.4    253.14     2.98     1.76
CALGARY    240511 300  053000-053500   00     277.50  884.4    251.35     2.25     1.02
CALGARY    240511 300  053500-054000   00     275.93  884.4    249.87     1.65     0.42
CALGARY    240511 300  054000-054500   00     277.66  884.4    251.51     2.32     1.08
CALGARY    240511 300  054500-055000   00     277.49  884.4    251.27     2.22     0.97
CALGARY    240511 300  055000-055500   00     277.00  884.4    250.86     2.05     0.80
CALGARY    240511 300  055500-060000   00     274.43  884.4    248.59     1.13    -0.13
CALGARY    240511 300  060000-060500   00     274.53  884.4    248.69     1.17    -0.09
CALGARY    240511 300  060500-061000   00     278.55  884.6    252.61     2.77     1.50
CALGARY    240511 300  061000-061500   00     274.04  884.6    248.57     1.12    -0.15
CALGARY    240511 300  061500-062000   00     274.29  884.6    248.77     1.20    -0.08
CALGARY    240511 300  062000-062500   00     275.93  884.6    250.29     1.82     0.54
CALGARY    240511 300  062500-063000   00     275.27  884.6    249.60     1.54     0.26
CALGARY    240511 300  063000-063500   00     275.91  884.5    250.11     1.75     0.46
CALGARY    240511 300  063500-064000   00     276.06  884.5    250.27     1.81     0.52
CALGARY    240511 300  064000-064500   00     273.18  884.5    247.65     0.75    -0.55
CALGARY    240511 300  064500-065000   00     276.33  884.5    250.41     1.87     0.57
CALGARY    240511 300  065000-065500   00     274.46  884.5    248.66     1.16    -0.14
CALGARY    240511 300  065500-070000   00     276.34  884.4    250.30     1.83     0.52
CALGARY    240511 300  070000-070500   00     275.86  884.4    249.88     1.65     0.35
CALGARY    240511 300  070500-071000   00     275.77  884.4    249.76     1.61     0.30
CALGARY    240511 300  071000-071500   00     275.13  884.4    249.15     1.36     0.05
CALGARY    240511 300  071500-072000   00     276.06  884.4    249.92     1.67     0.37
CALGARY    240511 300  072000-072500   00     275.59  884.4    249.54     1.52     0.21
CALGARY    240511 300  072500-073000   00     275.55  884.5    249.64     1.56     0.25
CALGARY    240511 300  073000-073500   00     274.56  884.5    248.79     1.21    -0.09
CALGARY    240511 300  073500-074000   00     274.39  884.5    248.71     1.18    -0.12
CALGARY    240511 300  074000-074500   00     274.84  884.5    249.07     1.33     0.02
CALGARY    240511 300  074500-075000   00     273.80  884.5    248.11     0.94    -0.36
CALGARY    240511 300  075000-075500   00     275.59  884.5    249.69     1.58     0.28
CALGARY    240511 300  075500-080000   00     275.59  884.5    249.66     1.57     0.27
CALGARY    240511 300  080000-080500   00     274.51  884.5    248.68     1.17    -0.13
CALGARY    240511 300  080500-081000   00     272.22  884.4    246.59     0.32    -0.98
CALGARY    240511 300  081000-081500   00     276.78  884.4    250.72     2.00     0.71
CALGARY    240511 300  081500-082000   00     274.40  884.4    248.56     1.12    -0.17
CALGARY    240511 300  082000-082500   00     280.91  884.5    254.51     3.54     2.26
CALGARY    240511 300  082500-083000   00     275.06  884.5    249.25     1.40     0.12
CALGARY    240511 300  083000-083500   00     275.35  884.5    249.54     1.52     0.24
CALGARY    240511 300  083500-084000   00     276.24  884.5    250.33     1.84     0.57
CALGARY    240511 300  084000-084500   00     275.57  884.5    249.81     1.63     0.37
CALGARY    240511 300  084500-085000   00     273.20  884.5    247.66     0.75    -0.51
CALGARY    240511 300  085000-085500   00     275.87  884.5    250.10     1.74     0.49
CALGARY    240511 300  085500-090000   00     274.52  884.5    248.85     1.24    -0.01
CALGARY    240511 300  090000-090500   00     273.33  884.5    247.77     0.80    -0.44
CALGARY    240511 300  090500-091000   00     275.30  884.6    249.59     1.54     0.31
CALGARY    240511 300  091000-091500   00     275.76  884.6    250.03     1.72     0.49
CALGARY    240511 300  091500-092000   00     275.39  884.6    249.73     1.60     0.38
CALGARY    240511 300  092000-092500   00     273.54  884.6    248.17     0.96    -0.25
CALGARY    240511 300  092500-093000   00     273.99  884.7    248.69     1.17    -0.03
CALGARY    240511 300  093000-093500   00     274.08  884.7    248.81     1.22     0.03
CALGARY    240511 300  093500-094000   00     276.60  884.8    251.20     2.19     1.01
CALGARY    240511 300  094000-094500   00     273.89  884.8    248.76     1.20     0.02
CALGARY    240511 300  094500-095000   00     275.44  884.8    250.19     1.78     0.61
CALGARY    240511 300  095000-095500   00     272.42  884.8    247.51     0.69    -0.47
CALGARY    240511 300  095500-100000   00     273.74  884.8    248.75     1.19     0.05
CALGARY    240511 300  100000-100500   00     272.43  884.8    247.54     0.70    -0.43
CALGARY    240511 300  100500-101000   00     272.83  884.8    247.85     0.83    -0.30
CALGARY    240511 300  101000-101500   00     273.39  884.8    248.37     1.04    -0.08
CALGARY    240511 300  101500-102000   00     274.96  884.8    249.80     1.62     0.52
CALGARY    240511 300  102000-102500   00     271.69  884.8    246.77     0.39    -0.70
CALGARY    240511 300  102500-103000   00     275.29  884.8    250.14     1.76     0.68
CALGARY    240511 300  103000-103500   00     275.51  884.9    250.43     1.88     0.81
CALGARY    240511 300  103500-104000   00     272.73  884.9    248.00     0.89    -0.17
CALGARY    240511 300  104000-104500   00     272.15  885.0    247.52     0.70    -0.35
CALGARY    240511 300  104500-105000   00     272.46  885.0    247.82     0.82    -0.21
CALGARY    240511 300  105000-105500   00     275.19  885.0    250.38     1.86     0.84
CALGARY    240511 300  105500-110000   00     271.92  885.0    247.42     0.66    -0.35
CALGARY    240511 300  110000-110500   00     270.53  885.0    246.18     0.15    -0.84
CALGARY    240511 300  110500-111000   00     273.15  885.0    248.57     1.12     0.15
CALGARY    240511 300  111000-111500   00     272.74  885.0    248.21     0.98     0.02
CALGARY    240511 300  111500-112000   00     274.14  885.0    249.43     1.47     0.53
CALGARY    240511 300  112000-112500   00     276.30  885.0    251.40     2.27     1.34
CALGARY    240511 300  112500-113000   00     272.42  885.0    247.78     0.80    -0.11
CALGARY    240511 300  113000-113500   00     274.61  885.1    250.01     1.71     0.81
CALGARY    240511 300  113500-114000   00     272.73  885.1    248.41     1.06     0.17
CALGARY    240511 300  114000-114500   00     275.63  885.1    251.01     2.11     1.25
CALGARY    240511 300  114500-115000   00     270.92  885.1    246.63     0.33    -0.52
CALGARY    240511 300  115000-115500   00     275.03  885.1    250.33     1.84     1.01
CALGARY    240511 300  115500-120000   00     272.60  885.1    248.10     0.93     0.12
CALGARY    240511 300  120000-120500   00     271.03  885.0    246.63     0.34    -0.46
CALGARY    240511 300  120500-121000   00     276.02  885.0    251.13     2.16     1.39
CALGARY    240511 300  121000-121500   00     271.61  885.0    247.08     0.52    -0.24
CALGARY    240511 300  121500-122000   00     271.90  885.0    247.37     0.64    -0.10
CALGARY    240511 300  122000-122500   00     276.42  885.0    251.55     2.34     1.62
CALGARY    240511 300  122500-123000   00     272.39  885.1    247.93     0.86     0.16
CALGARY    240511 300  123000-123500   00     270.12  885.1    245.87     0.02    -0.66
CALGARY    240511 300  123500-124000   00     272.18  885.1    247.78     0.80     0.14
CALGARY    240511 300  124000-124500   00     267.42  885.1    243.49    -0.94    -1.58
CALGARY    240511 300  124500-125000   00     266.93  885.1    243.03    -1.13    -1.75
CALGARY    240511 300  125000-125500   00     268.81  885.1    244.71    -0.45    -1.04
CALGARY    240511 300  125500-130000   00     270.54  885.1    246.35     0.22    -0.36
CALGARY    240511 300  130000-130500   00     270.04  885.1    245.85     0.02    -0.54
CALGARY    240511 300  130500-131000   00     269.94  885.1    245.76    -0.02    -0.55
CALGARY    240511 300  131000-131500   00     268.05  885.1    244.06    -0.71    -1.22
CALGARY    240511 300  131500-132000   00     270.02  885.1    245.81     0.00    -0.49
CALGARY    240511 300  132000-132500   00     267.59  885.1    243.57    -0.91    -1.37
CALGARY    240511 300  132500-133000   00     269.53  885.1    245.33    -0.19    -0.63
CALGARY    240511 300  133000-133500   00     270.18  885.1    245.95     0.06    -0.36
CALGARY    240511 300  133500-134000   00     265.74  885.1    241.96    -1.56    -1.96
CALGARY    240511 300  134000-134500   00     269.14  885.1    245.04    -0.31    -0.68
CALGARY    240511 300  134500-135000   00     271.65  885.1    247.34     0.62     0.28
CALGARY    240511 300  135000-135500   00     269.99  885.1    245.86     0.02    -0.29
CALGARY    240511 300  135500-140000   00     270.76  885.1    246.61     0.32     0.03
CALGARY    240511 300  140000-140500   00     270.12  885.1    246.01     0.08    -9999
CALGARY    240511 300  140500-141000   00     269.91  885.1    245.82     0.00    -9999
CALGARY    240511 300  141000-141500   00     271.25  885.1    246.97     0.47    -9999
CALGARY    240511 300  141500-142000   00     268.79  885.1    244.70    -0.45    -9999
CALGARY    240511 300  142000-142500   00     268.50  885.1    244.43    -0.56    -9999
CALGARY    240511 300  142500-143000   00     266.39  885.1    242.51    -1.34    -9999
CALGARY    240511 300  143000-143500   00     268.30  885.3    244.68    -0.46    -9999
CALGARY    240511 300  143500-144000   00     269.17  885.4    245.70    -0.04    -9999
CALGARY    240511 300  144000-144500   00     268.41  885.4    244.94    -0.35    -9999
CALGARY    240511 300  144500-145000   00     270.11  885.4    246.58     0.31    -9999
CALGARY    240511 300  145000-145500   00     268.10  885.5    244.84    -0.39    -9999
CALGARY    240511 300  145500-150000   00     268.34  885.5    245.06    -0.31    -9999
CALGARY    240511 300  150000-150500   00     269.33  885.4    245.83     0.01    -9999
CALGARY    240511 300  150500-151000   00     268.57  885.4    245.16    -0.26    -9999
CALGARY    240511 300  151000-151500   00     269.07  885.4    245.56    -0.10    -9999
CALGARY    240511 300  151500-152000   00     269.17  885.4    245.60    -0.08    -9999
CALGARY    240511 300  152000-152500   00     269.15  885.4    245.61    -0.08    -9999
CALGARY    240511 300  152500-153000   00     269.41  885.4    245.86     0.02    -9999
CALGARY    240511 300  153000-153500   00     267.91  885.4    244.40    -0.57    -9999
CALGARY    240511 300  153500-154000   00     273.83  885.3    249.66     1.57    -9999
CALGARY    240511 300  154000-154500   00     270.51  885.3    246.68     0.36    -9999
CALGARY    240511 300  154500-155000   00     272.69  885.3    248.75     1.20    -9999
CALGARY    240511 300  155000-155500   00     273.92  885.4    249.91     1.67    -9999
CALGARY    240511 300  155500-160000   00     269.62  885.4    246.09     0.12    -9999
CALGARY    240511 3600 160000-170000   00     271.84  885.5    248.34     1.03    -9999
CALGARY    240511 3600 170000-180000   00     275.48  885.4    251.38     2.26    -9999
CALGARY    240511 3600 180000-190000   00     277.24  884.9    252.01     2.52    -9999
CALGARY    240511 3600 190000-200000   00     277.20  884.5    251.30     2.23    -9999
CALGARY    240511 3600 200000-210000   00     279.37  884.1    252.42     2.69    -9999
CALGARY    240511 3600 210000-220000   00     282.25  883.4    253.56     3.15    -9999
CALGARY    240511 3600 220000-230000   00     282.60  882.8    252.77     2.83    -9999
CALGARY    240511 3600 230000-240000   00     280.11  882.5    249.94     1.68    -9999
CALGARY    240512 3600 000000-010000   00     279.31  882.3    248.90     1.26    -9999
CALGARY    240512 3600 010000-020000   00     277.92  882.7    248.40     1.05    -9999
CALGARY    240512 3600 020000-030000   00     276.55  883.4    248.45     1.07    -9999
CALGARY    240512 3600 030000-040000   00     275.34  884.3    249.08     1.33    -9999
CALGARY    240512 3600 040000-050000   00     275.19  884.7    249.83     1.63    -9999
CALGARY    240512 3600 050000-060000   00     275.35  884.8    250.13     1.76    -9999
CALGARY    240512 3600 060000-070000   00     274.37  884.9    249.40     1.46    -9999
CALGARY    240512 3600 070000-080000   00     276.04  884.7    250.59     1.94    -9999
CALGARY    240512 3600 080000-090000   00     275.81  884.5    249.88     1.66    -9999
CALGARY    240512 3600 090000-100000   00     277.22  884.0    250.23     1.80    -9999
CALGARY    240512 3600 100000-110000   00     277.73  883.6    249.92     1.67    -9999
CALGARY    240512 3600 110000-120000   00     278.01  883.2    249.44     1.48    -9999
CALGARY    240512 3600 120000-130000   00     278.69  882.9    249.51     1.50    -9999
CALGARY    240512 3600 130000-140000   00     280.32  882.6    250.29     1.82    -9999
CALGARY    240512 3600 140000-150000   00     281.74  882.2    250.73     2.00    -9999
CALGARY    240512 3600 150000-160000   00     282.28  881.8    250.53     1.92    -9999
CALGARY    240512 3600 160000-170000   00     283.84  881.2    250.77     2.02    -9999
CALGARY    240512 3600 170000-180000   00     286.56  880.9    252.48     2.72    -9999
CALGARY    240512 3600 180000-190000   00     288.49  880.6    253.72     3.22    -9999
CALGARY    240512 3600 190000-200000   00     290.93  880.5    255.61     3.99    -9999
CALGARY    240512 3600 200000-210000   00     290.67  880.4    255.20     3.82    -9999
CALGARY    240512 3600 210000-220000   00     292.44  880.1    256.11     4.19    -9999
CALGARY    240512 3600 220000-230000   00     295.08  879.5    257.33     4.69    -9999
CALGARY    240512 3600 230000-240000   00     294.45  879.3    256.34     4.29    -9999
*
COMMENT NM DATA DOWNLOADED FROM NMDB ON 14.5.2024
COMMENT DETRENDING DONE BY IU
COMMENT UNIVERISTY OF OULU: FILE GENERATED FROM DATABASE AND OBTAINED FROM
COMMENT https://gle.oulu.fi at 2025-01-03 09:23:40 +00:00
COMMENT FOR HISTORICAL/ORIGINAL TEXT FILES SEE https://gle.oulu.fi/txtarchive/
COMMENT ORIGINAL AT https://gle.oulu.fi/txtarchive/GLE74/C074CALG_cor.DAT
COMMENT DETRENDED DATA SHOW -9999 IF EQUAL TO INC% COLUMN 