JUNGFRAU   LATITUDE    46.55     LONGITUDE     7.98      ALTITUDE    3475 M
JUNGFRAU   INSTRUMENT   3-NM-64  NEUTRON MONITOR	
JUNGFRAU   STANDARD PRESSURE    642.5   MB     COEFFICIENT   -0.72     % / MB
JUNGFRAU   PRE-INCREASE BASELINE TIME INTERVAL    240510    233000-013000   UT
JUNGFRAU   PRE-INCREASE AVERAGE COUNTING RATE    139.99      COUNTS PER SECOND
JUNGFRAU   TIME INTERVALS    300         3600     
JUNGFRAU   SCALE FACTORS     1           1        
STATION    YYMMDD  SEC   TIME (UT)   CODE    UNCORR. PRESS.    CORR.    % INC.	DETRENDED
                         INTERVAL    TD      C/S     (MB)      C/S
JUNGFRAU   240510 3600 000000-010000   00     152.58  661.1    150.44     7.46    -9999
JUNGFRAU   240510 3600 010000-020000   00     152.59  660.9    150.28     7.35    -9999
JUNGFRAU   240510 3600 020000-030000   00     152.82  660.7    150.22     7.30    -9999
JUNGFRAU   240510 3600 030000-040000   00     153.83  660.6    151.14     7.96    -9999
JUNGFRAU   240510 3600 040000-050000   00     153.11  660.6    150.44     7.46    -9999
JUNGFRAU   240510 3600 050000-060000   00     153.49  660.7    150.94     7.82    -9999
JUNGFRAU   240510 3600 060000-070000   00     153.15  660.9    150.75     7.68    -9999
JUNGFRAU   240510 3600 070000-080000   00     152.79  661.0    150.57     7.55    -9999
JUNGFRAU   240510 3600 080000-090000   00     153.54  661.2    151.64     8.32    -9999
JUNGFRAU   240510 3600 090000-100000   00     154.62  661.4    152.78     9.13    -9999
JUNGFRAU   240510 3600 100000-110000   00     154.88  661.6    153.23     9.45    -9999
JUNGFRAU   240510 3600 110000-120000   00     154.75  661.8    153.36     9.54    -9999
JUNGFRAU   240510 3600 120000-130000   00     154.26  661.8    152.93     9.24    -9999
JUNGFRAU   240510 3600 130000-140000   00     154.46  661.8    153.10     9.36    -9999
JUNGFRAU   240510 3600 140000-150000   00     153.02  661.8    151.64     8.32    -9999
JUNGFRAU   240510 3600 150000-160000   00     153.39  661.7    151.94     8.53    -9999
JUNGFRAU   240510 3600 160000-170000   00     153.04  661.7    151.57     8.27    -9999
JUNGFRAU   240510 3600 170000-180000   00     152.63  661.7    151.15     7.97    -9999
JUNGFRAU   240510 3600 180000-190000   00     154.78  661.7    153.31     9.51    -9999
JUNGFRAU   240510 3600 190000-200000   00     155.70  661.9    154.42    10.30    -9999
JUNGFRAU   240510 3600 200000-210000   00     156.12  662.0    154.96    10.69    -9999
JUNGFRAU   240510 300  210000-210500   00     154.75  662.0    153.53     9.67    -9999
JUNGFRAU   240510 300  210500-211000   00     155.81  662.1    154.78    10.56    -9999
JUNGFRAU   240510 300  211000-211500   00     153.87  662.0    152.70     9.07    -9999
JUNGFRAU   240510 300  211500-212000   00     154.02  662.0    152.95     9.26    -9999
JUNGFRAU   240510 300  212000-212500   00     153.05  662.0    151.94     8.53    -9999
JUNGFRAU   240510 300  212500-213000   00     152.32  662.0    151.30     8.08    -9999
JUNGFRAU   240510 300  213000-213500   00     152.16  662.0    151.01     7.87    -9999
JUNGFRAU   240510 300  213500-214000   00     151.24  662.0    150.02     7.16    -9999
JUNGFRAU   240510 300  214000-214500   00     150.53  662.0    149.34     6.68    -9999
JUNGFRAU   240510 300  214500-215000   00     150.75  661.9    149.54     6.82    -9999
JUNGFRAU   240510 300  215000-215500   00     150.22  661.9    148.97     6.41    -9999
JUNGFRAU   240510 300  215500-220000   00     151.67  661.9    150.46     7.47    -9999
JUNGFRAU   240510 300  220000-220500   00     149.35  661.9    148.12     5.80    -9999
JUNGFRAU   240510 300  220500-221000   00     151.10  661.9    149.87     7.05    -9999
JUNGFRAU   240510 300  221000-221500   00     150.46  661.8    149.17     6.55    -9999
JUNGFRAU   240510 300  221500-222000   00     149.77  661.8    148.38     5.99    -9999
JUNGFRAU   240510 300  222000-222500   00     149.54  661.8    148.13     5.81    -9999
JUNGFRAU   240510 300  222500-223000   00     146.01  661.8    144.68     3.35    -9999
JUNGFRAU   240510 300  223000-223500   00     149.33  661.8    147.96     5.69    -9999
JUNGFRAU   240510 300  223500-224000   00     145.93  661.8    144.70     3.36    -9999
JUNGFRAU   240510 300  224000-224500   00     145.34  661.8    144.02     2.88    -9999
JUNGFRAU   240510 300  224500-225000   00     145.28  661.7    143.87     2.77    -9999
JUNGFRAU   240510 300  225000-225500   00     144.34  661.7    143.05     2.18    -9999
JUNGFRAU   240510 300  225500-230000   00     145.15  661.7    142.74     1.96    -9999
JUNGFRAU   240510 300  230000-230500   00     142.64  661.7    141.29     0.93    -9999
JUNGFRAU   240510 300  230500-231000   00     143.54  661.7    142.15     1.54    -9999
JUNGFRAU   240510 300  231000-231500   00     142.33  661.7    140.89     0.64    -9999
JUNGFRAU   240510 300  231500-232000   00     140.40  661.7    139.13    -0.62    -9999
JUNGFRAU   240510 300  232000-232500   00     141.94  661.6    140.35     0.25    -9999
JUNGFRAU   240510 300  232500-233000   00     143.02  661.6    141.51     1.08    -9999
JUNGFRAU   240510 300  233000-233500   00     140.74  661.6    139.28    -0.51    -9999
JUNGFRAU   240510 300  233500-234000   00     141.08  661.6    139.60    -0.28    -9999
JUNGFRAU   240510 300  234000-234500   00     141.14  661.5    139.65    -0.24    -9999
JUNGFRAU   240510 300  234500-235000   00     141.29  661.5    139.66    -0.24    -9999
JUNGFRAU   240510 300  235000-235500   00     140.17  661.5    138.55    -1.04    -9999
JUNGFRAU   240510 300  235500-240000   00     142.09  661.5    140.57     0.41    -9999
JUNGFRAU   240511 300  000000-000500   00     141.87  661.5    140.25     0.18    -9999
JUNGFRAU   240511 300  000500-001000   00     140.46  661.5    138.76    -0.88    -9999
JUNGFRAU   240511 300  001000-001500   00     142.04  661.5    140.44     0.32    -9999
JUNGFRAU   240511 300  001500-002000   00     139.41  661.5    137.88    -1.51    -9999
JUNGFRAU   240511 300  002000-002500   00     141.11  661.4    139.47    -0.38    -9999
JUNGFRAU   240511 300  002500-003000   00     140.52  661.4    138.92    -0.77    -9999
JUNGFRAU   240511 300  003000-003500   00     141.31  661.4    139.59    -0.29    -9999
JUNGFRAU   240511 300  003500-004000   00     142.32  661.4    140.63     0.46    -9999
JUNGFRAU   240511 300  004000-004500   00     139.95  661.4    138.27    -1.23    -9999
JUNGFRAU   240511 300  004500-005000   00     141.51  661.4    139.92    -0.05    -9999
JUNGFRAU   240511 300  005000-005500   00     140.54  661.3    138.88    -0.80    -9999
JUNGFRAU   240511 300  005500-010000   00     141.99  661.3    140.16     0.12    -9999
JUNGFRAU   240511 300  010000-010500   00     141.06  661.3    139.39    -0.43    -9999
JUNGFRAU   240511 300  010500-011000   00     144.38  661.3    142.50     1.79    -9999
JUNGFRAU   240511 300  011000-011500   00     142.26  661.3    140.48     0.35    -9999
JUNGFRAU   240511 300  011500-012000   00     144.19  661.3    142.47     1.76    -9999
JUNGFRAU   240511 300  012000-012500   00     143.51  661.3    141.73     1.24    -9999
JUNGFRAU   240511 300  012500-013000   00     144.72  661.3    142.86     2.05    -9999
JUNGFRAU   240511 300  013000-013500   00     143.79  661.2    141.93     1.38    -9999
JUNGFRAU   240511 300  013500-014000   00     144.26  661.3    142.42     1.73    -9999
JUNGFRAU   240511 300  014000-014500   00     144.76  661.3    142.98     2.13    -9999
JUNGFRAU   240511 300  014500-015000   00     144.12  661.2    142.27     1.62    -9999
JUNGFRAU   240511 300  015000-015500   00     145.31  661.2    143.41     2.44    -9999
JUNGFRAU   240511 300  015500-020000   00     145.12  661.2    143.20     2.29    -9999
JUNGFRAU   240511 300  020000-020500   00     147.25  661.2    145.33     3.81    -9999
JUNGFRAU   240511 300  020500-021000   00     145.63  661.2    143.63     2.60    -9999
JUNGFRAU   240511 300  021000-021500   00     145.69  661.2    143.73     2.67    -9999
JUNGFRAU   240511 300  021500-022000   00     145.13  661.2    143.22     2.30    -9999
JUNGFRAU   240511 300  022000-022500   00     145.34  661.2    143.41     2.44    -9999
JUNGFRAU   240511 300  022500-023000   00     145.19  661.1    143.18     2.27    -9999
JUNGFRAU   240511 300  023000-023500   00     146.43  661.1    144.38     3.13    -9999
JUNGFRAU   240511 300  023500-024000   00     148.37  661.1    146.28     4.49    -9999
JUNGFRAU   240511 300  024000-024500   00     147.42  661.1    145.32     3.81    -9999
JUNGFRAU   240511 300  024500-025000   00     146.48  661.1    144.54     3.25    -9999
JUNGFRAU   240511 300  025000-025500   00     147.87  661.0    145.71     4.08    -9999
JUNGFRAU   240511 300  025500-030000   00     146.41  661.0    144.24     3.03    -9999
JUNGFRAU   240511 300  030000-030500   00     144.35  661.0    142.27     1.63    -9999
JUNGFRAU   240511 300  030500-031000   00     146.94  661.0    144.78     3.42    -9999
JUNGFRAU   240511 300  031000-031500   00     146.57  661.0    144.36     3.12    -9999
JUNGFRAU   240511 300  031500-032000   00     148.41  661.0    146.25     4.46    -9999
JUNGFRAU   240511 300  032000-032500   00     146.29  661.0    144.15     2.97    -9999
JUNGFRAU   240511 300  032500-033000   00     146.88  661.0    144.64     3.32    -9999
JUNGFRAU   240511 300  033000-033500   00     144.97  660.9    142.83     2.02    -9999
JUNGFRAU   240511 300  033500-034000   00     147.05  660.9    144.84     3.46    -9999
JUNGFRAU   240511 300  034000-034500   00     145.35  660.9    143.05     2.18    -9999
JUNGFRAU   240511 300  034500-035000   00     143.69  661.0    141.52     1.09    -9999
JUNGFRAU   240511 300  035000-035500   00     143.40  661.0    141.22     0.88    -9999
JUNGFRAU   240511 300  035500-040000   00     144.62  661.0    142.39     1.71    -9999
JUNGFRAU   240511 300  040000-040500   00     143.68  661.0    141.63     1.17    -9999
JUNGFRAU   240511 300  040500-041000   00     143.87  661.0    141.79     1.28    -9999
JUNGFRAU   240511 300  041000-041500   00     144.36  661.0    142.28     1.63    -9999
JUNGFRAU   240511 300  041500-042000   00     144.77  661.0    142.65     1.90    -9999
JUNGFRAU   240511 300  042000-042500   00     144.20  661.0    142.13     1.53    -9999
JUNGFRAU   240511 300  042500-043000   00     144.60  661.0    142.38     1.70    -9999
JUNGFRAU   240511 300  043000-043500   00     143.50  661.0    141.41     1.01    -9999
JUNGFRAU   240511 300  043500-044000   00     144.18  661.0    141.99     1.42    -9999
JUNGFRAU   240511 300  044000-044500   00     143.90  661.0    141.73     1.24    -9999
JUNGFRAU   240511 300  044500-045000   00     144.11  661.0    141.98     1.42    -9999
JUNGFRAU   240511 300  045000-045500   00     141.98  661.1    140.02     0.02    -9999
JUNGFRAU   240511 300  045500-050000   00     143.20  661.0    141.07     0.77    -9999
JUNGFRAU   240511 300  050000-050500   00     144.49  661.0    142.37     1.70    -9999
JUNGFRAU   240511 300  050500-051000   00     142.72  661.0    140.63     0.45    -9999
JUNGFRAU   240511 300  051000-051500   00     143.57  661.0    141.43     1.03    -9999
JUNGFRAU   240511 300  051500-052000   00     143.36  661.0    141.31     0.94    -9999
JUNGFRAU   240511 300  052000-052500   00     144.35  661.0    142.25     1.61    -9999
JUNGFRAU   240511 300  052500-053000   00     142.62  661.0    140.54     0.39    -9999
JUNGFRAU   240511 300  053000-053500   00     143.34  661.0    141.31     0.94    -9999
JUNGFRAU   240511 300  053500-054000   00     143.41  661.1    141.52     1.09    -9999
JUNGFRAU   240511 300  054000-054500   00     142.53  661.1    140.57     0.41    -9999
JUNGFRAU   240511 300  054500-055000   00     143.42  661.1    141.47     1.05    -9999
JUNGFRAU   240511 300  055000-055500   00     141.57  661.1    139.60    -0.28    -9999
JUNGFRAU   240511 300  055500-060000   00     140.17  661.1    138.27    -1.23    -9999
JUNGFRAU   240511 300  060000-060500   00     141.08  661.1    139.16    -0.59    -9999
JUNGFRAU   240511 300  060500-061000   00     140.34  661.1    138.40    -1.14    -9999
JUNGFRAU   240511 300  061000-061500   00     140.08  661.1    138.05    -1.39    -9999
JUNGFRAU   240511 300  061500-062000   00     140.55  661.1    138.60    -1.00    -9999
JUNGFRAU   240511 300  062000-062500   00     141.51  661.1    139.47    -0.38    -9999
JUNGFRAU   240511 300  062500-063000   00     139.90  661.2    137.97    -1.44    -9999
JUNGFRAU   240511 300  063000-063500   00     141.79  661.2    139.92    -0.05    -9999
JUNGFRAU   240511 300  063500-064000   00     142.02  661.2    140.06     0.05    -9999
JUNGFRAU   240511 300  064000-064500   00     142.47  661.2    141.60     1.15    -9999
JUNGFRAU   240511 300  064500-065000   00     141.55  661.3    139.81    -0.13    -9999
JUNGFRAU   240511 300  065000-065500   00     140.79  661.3    139.13    -0.62    -9999
JUNGFRAU   240511 300  065500-070000   00     140.42  661.3    138.67    -0.95    -9999
JUNGFRAU   240511 300  070000-070500   00     139.57  661.3    137.88    -1.51    -9999
JUNGFRAU   240511 300  070500-071000   00     142.92  661.3    141.11     0.79    -9999
JUNGFRAU   240511 300  071000-071500   00     140.06  661.4    138.42    -1.12    -9999
JUNGFRAU   240511 300  071500-072000   00     141.17  661.4    139.61    -0.28    -9999
JUNGFRAU   240511 300  072000-072500   00     140.68  661.3    138.99    -0.72    -9999
JUNGFRAU   240511 300  072500-073000   00     143.55  661.3    141.74     1.25    -9999
JUNGFRAU   240511 300  073000-073500   00     142.17  661.4    140.47     0.34    -9999
JUNGFRAU   240511 300  073500-074000   00     142.97  661.4    141.28     0.91    -9999
JUNGFRAU   240511 300  074000-074500   00     142.63  661.4    140.89     0.64    -9999
JUNGFRAU   240511 300  074500-075000   00     140.43  661.5    138.85    -0.82    -9999
JUNGFRAU   240511 300  075000-075500   00     141.80  661.5    140.21     0.15    -9999
JUNGFRAU   240511 300  075500-080000   00     141.39  661.5    139.74    -0.18    -9999
JUNGFRAU   240511 300  080000-080500   00     141.30  661.5    139.80    -0.14    -9999
JUNGFRAU   240511 300  080500-081000   00     142.52  661.6    140.97     0.70    -9999
JUNGFRAU   240511 300  081000-081500   00     142.64  661.6    141.23     0.88    -9999
JUNGFRAU   240511 300  081500-082000   00     143.43  661.7    142.03     1.46    -9999
JUNGFRAU   240511 300  082000-082500   00     143.74  661.7    142.29     1.64    -9999
JUNGFRAU   240511 300  082500-083000   00     142.44  661.8    141.13     0.81    -9999
JUNGFRAU   240511 300  083000-083500   00     141.18  661.8    139.82    -0.13    -9999
JUNGFRAU   240511 300  083500-084000   00     142.37  661.8    141.11     0.80    -9999
JUNGFRAU   240511 300  084000-084500   00     141.59  661.8    140.32     0.23    -9999
JUNGFRAU   240511 300  084500-085000   00     141.78  661.8    140.54     0.39    -9999
JUNGFRAU   240511 300  085000-085500   00     143.01  661.8    141.66     1.19    -9999
JUNGFRAU   240511 300  085500-090000   00     143.06  661.8    141.75     1.25    -9999
JUNGFRAU   240511 300  090000-090500   00     142.08  661.9    140.83     0.60    -9999
JUNGFRAU   240511 300  090500-091000   00     140.05  661.9    138.90    -0.78    -9999
JUNGFRAU   240511 300  091000-091500   00     137.99  661.9    136.94    -2.18    -9999
JUNGFRAU   240511 300  091500-092000   00     140.29  661.9    139.20    -0.57    -9999
JUNGFRAU   240511 300  092000-092500   00     139.29  661.9    138.15    -1.32    -9999
JUNGFRAU   240511 300  092500-093000   00     138.36  661.9    137.20    -2.00    -9999
JUNGFRAU   240511 300  093000-093500   00     140.87  661.9    139.75    -0.18    -9999
JUNGFRAU   240511 300  093500-094000   00     142.40  661.9    141.21     0.87    -9999
JUNGFRAU   240511 300  094000-094500   00     141.28  661.9    140.09     0.07    -9999
JUNGFRAU   240511 300  094500-095000   00     140.61  661.9    139.33    -0.48    -9999
JUNGFRAU   240511 300  095000-095500   00     141.23  662.0    140.16     0.12    -9999
JUNGFRAU   240511 300  095500-100000   00     143.11  662.0    142.06     1.48    -9999
JUNGFRAU   240511 300  100000-100500   00     142.75  662.0    141.65     1.18    -9999
JUNGFRAU   240511 300  100500-101000   00     140.64  662.0    139.60    -0.28    -9999
JUNGFRAU   240511 300  101000-101500   00     142.01  662.0    141.03     0.74    -9999
JUNGFRAU   240511 300  101500-102000   00     141.91  662.0    140.84     0.61    -9999
JUNGFRAU   240511 300  102000-102500   00     141.16  662.0    140.07     0.05    -9999
JUNGFRAU   240511 300  102500-103000   00     143.41  662.0    142.26     1.62    -9999
JUNGFRAU   240511 300  103000-103500   00     143.60  662.0    142.48     1.78    -9999
JUNGFRAU   240511 300  103500-104000   00     140.98  662.0    139.94    -0.04    -9999
JUNGFRAU   240511 300  104000-104500   00     140.49  662.0    139.49    -0.36    -9999
JUNGFRAU   240511 300  104500-105000   00     140.57  662.0    139.56    -0.31    -9999
JUNGFRAU   240511 300  105000-105500   00     141.07  662.0    139.98    -0.01    -9999
JUNGFRAU   240511 300  105500-110000   00     142.34  662.0    141.27     0.91    -9999
JUNGFRAU   240511 300  110000-110500   00     142.75  662.1    141.71     1.23    -9999
JUNGFRAU   240511 300  110500-111000   00     142.10  662.0    141.07     0.77    -9999
JUNGFRAU   240511 300  111000-111500   00     143.22  662.0    142.16     1.54    -9999
JUNGFRAU   240511 300  111500-112000   00     141.75  662.0    140.64     0.46    -9999
JUNGFRAU   240511 300  112000-112500   00     140.43  662.0    139.37    -0.45    -9999
JUNGFRAU   240511 300  112500-113000   00     141.93  662.1    140.96     0.69    -9999
JUNGFRAU   240511 300  113000-113500   00     141.10  662.1    140.07     0.05    -9999
JUNGFRAU   240511 300  113500-114000   00     140.20  662.1    139.24    -0.54    -9999
JUNGFRAU   240511 300  114000-114500   00     142.47  662.1    141.45     1.04    -9999
JUNGFRAU   240511 300  114500-115000   00     140.40  662.1    139.44    -0.40    -9999
JUNGFRAU   240511 300  115000-115500   00     141.60  662.1    140.56     0.40    -9999
JUNGFRAU   240511 300  115500-120000   00     141.31  662.1    140.40     0.29    -9999
JUNGFRAU   240511 300  120000-120500   00     142.36  662.1    141.33     0.95    -9999
JUNGFRAU   240511 300  120500-121000   00     142.25  662.2    141.36     0.98    -9999
JUNGFRAU   240511 300  121000-121500   00     140.68  662.2    139.80    -0.14    -9999
JUNGFRAU   240511 300  121500-122000   00     141.63  662.2    140.82     0.59    -9999
JUNGFRAU   240511 300  122000-122500   00     140.64  662.2    139.79    -0.15    -9999
JUNGFRAU   240511 300  122500-123000   00     139.22  662.3    138.46    -1.10    -9999
JUNGFRAU   240511 300  123000-123500   00     141.53  662.3    140.74     0.53    -9999
JUNGFRAU   240511 300  123500-124000   00     141.64  662.3    140.87     0.63    -9999
JUNGFRAU   240511 300  124000-124500   00     138.68  662.3    137.94    -1.47    -9999
JUNGFRAU   240511 300  124500-125000   00     140.68  662.3    139.93    -0.05    -9999
JUNGFRAU   240511 300  125000-125500   00     140.62  662.3    140.01     0.01    -9999
JUNGFRAU   240511 300  125500-130000   00     138.71  662.3    137.94    -1.47    -9999
JUNGFRAU   240511 300  130000-130500   00     141.96  662.3    141.18     0.85    -9999
JUNGFRAU   240511 300  130500-131000   00     140.26  662.3    139.43    -0.40    -9999
JUNGFRAU   240511 300  131000-131500   00     140.88  662.3    140.15     0.11    -9999
JUNGFRAU   240511 300  131500-132000   00     138.80  662.3    138.09    -1.36    -9999
JUNGFRAU   240511 300  132000-132500   00     142.10  662.3    141.37     0.98    -9999
JUNGFRAU   240511 300  132500-133000   00     140.92  662.3    140.13     0.09    -9999
JUNGFRAU   240511 300  133000-133500   00     140.58  662.3    139.73    -0.19    -9999
JUNGFRAU   240511 300  133500-134000   00     141.19  662.3    140.47     0.34    -9999
JUNGFRAU   240511 300  134000-134500   00     140.63  662.3    139.92    -0.05    -9999
JUNGFRAU   240511 300  134500-135000   00     140.59  662.3    139.80    -0.14    -9999
JUNGFRAU   240511 300  135000-135500   00     141.06  662.3    140.33     0.24    -9999
JUNGFRAU   240511 300  135500-140000   00     143.49  662.3    142.80     2.00    -9999
JUNGFRAU   240511 300  140000-140500   00     143.04  662.3    142.33     1.67    -9999
JUNGFRAU   240511 300  140500-141000   00     143.68  662.3    142.91     2.08    -9999
JUNGFRAU   240511 300  141000-141500   00     142.33  662.3    141.65     1.18    -9999
JUNGFRAU   240511 300  141500-142000   00     140.86  662.3    140.03     0.02    -9999
JUNGFRAU   240511 300  142000-142500   00     142.05  662.2    141.28     0.92    -9999
JUNGFRAU   240511 300  142500-143000   00     142.25  662.2    141.38     0.99    -9999
JUNGFRAU   240511 300  143000-143500   00     141.68  662.2    140.78     0.56    -9999
JUNGFRAU   240511 300  143500-144000   00     140.58  662.2    139.62    -0.27    -9999
JUNGFRAU   240511 300  144000-144500   00     140.49  662.2    139.67    -0.23    -9999
JUNGFRAU   240511 300  144500-145000   00     141.23  662.2    140.30     0.21    -9999
JUNGFRAU   240511 300  145000-145500   00     142.45  662.2    141.53     1.10    -9999
JUNGFRAU   240511 300  145500-150000   00     139.04  662.2    138.24    -1.25    -9999
JUNGFRAU   240511 300  150000-150500   00     140.59  662.2    139.64    -0.25    -9999
JUNGFRAU   240511 300  150500-151000   00     142.15  662.2    141.27     0.91    -9999
JUNGFRAU   240511 300  151000-151500   00     142.02  662.2    141.05     0.76    -9999
JUNGFRAU   240511 300  151500-152000   00     142.62  662.1    141.76     1.26    -9999
JUNGFRAU   240511 300  152000-152500   00     143.57  662.1    142.50     1.79    -9999
JUNGFRAU   240511 300  152500-153000   00     141.67  662.1    140.74     0.53    -9999
JUNGFRAU   240511 300  153000-153500   00     139.35  662.1    138.32    -1.20    -9999
JUNGFRAU   240511 300  153500-154000   00     141.40  662.1    140.48     0.34    -9999
JUNGFRAU   240511 300  154000-154500   00     145.06  662.1    144.11     2.94    -9999
JUNGFRAU   240511 300  154500-155000   00     141.99  662.1    141.12     0.80    -9999
JUNGFRAU   240511 300  155000-155500   00     142.31  662.1    141.32     0.95    -9999
JUNGFRAU   240511 300  155500-160000   00     143.30  662.1    142.27     1.62    -9999
JUNGFRAU   240511 3600 160000-170000   00     142.55  662.0    141.46     1.05    -9999
JUNGFRAU   240511 3600 170000-180000   00     141.94  661.9    140.80     0.57    -9999
JUNGFRAU   240511 3600 180000-190000   00     140.66  661.9    139.54    -0.32    -9999
JUNGFRAU   240511 3600 190000-200000   00     140.92  662.0    139.81    -0.13    -9999
JUNGFRAU   240511 3600 200000-210000   00     139.39  662.0    138.39    -1.14    -9999
JUNGFRAU   240511 3600 210000-220000   00     139.49  661.9    138.34    -1.19    -9999
JUNGFRAU   240511 3600 220000-230000   00     139.51  661.8    138.24    -1.25    -9999
JUNGFRAU   240511 3600 230000-240000   00     139.50  661.6    138.07    -1.37    -9999
JUNGFRAU   240512 3600 000000-010000   00     139.36  661.4    137.70    -1.64    -9999
JUNGFRAU   240512 3600 010000-020000   00     139.74  661.3    137.93    -1.48    -9999
JUNGFRAU   240512 3600 020000-030000   00     140.83  661.2    138.88    -0.80    -9999
JUNGFRAU   240512 3600 030000-040000   00     141.51  660.9    139.33    -0.48    -9999
JUNGFRAU   240512 3600 040000-050000   00     141.94  660.8    139.59    -0.29    -9999
JUNGFRAU   240512 3600 050000-060000   00     142.33  660.8    140.05     0.04    -9999
JUNGFRAU   240512 3600 060000-070000   00     142.61  660.8    140.32     0.23    -9999
JUNGFRAU   240512 3600 070000-080000   00     142.61  660.8    140.31     0.23    -9999
JUNGFRAU   240512 3600 080000-090000   00     142.13  660.9    139.89    -0.07    -9999
JUNGFRAU   240512 3600 090000-100000   00     142.98  661.0    140.91     0.66    -9999
JUNGFRAU   240512 3600 100000-110000   00     143.12  661.1    140.98     0.71    -9999
JUNGFRAU   240512 3600 110000-120000   00     142.38  661.0    140.27     0.19    -9999
JUNGFRAU   240512 3600 120000-130000   00     142.65  660.9    140.47     0.34    -9999
JUNGFRAU   240512 3600 130000-140000   00     142.16  660.7    139.73    -0.19    -9999
JUNGFRAU   240512 3600 140000-150000   00     143.07  660.4    140.32     0.24    -9999
JUNGFRAU   240512 3600 150000-160000   00     143.37  660.1    140.38     0.28    -9999
JUNGFRAU   240512 3600 160000-170000   00     143.41  660.0    140.31     0.22    -9999
JUNGFRAU   240512 3600 170000-180000   00     143.35  660.0    140.19     0.14    -9999
JUNGFRAU   240512 3600 180000-190000   00     142.93  659.9    139.73    -0.19    -9999
JUNGFRAU   240512 3600 190000-200000   00     141.71  659.8    138.48    -1.08    -9999
JUNGFRAU   240512 3600 200000-210000   00     142.75  659.8    139.41    -0.42    -9999
JUNGFRAU   240512 3600 210000-220000   00     142.92  659.6    139.36    -0.45    -9999
JUNGFRAU   240512 3600 220000-230000   00     144.10  659.3    140.28     0.20    -9999
JUNGFRAU   240512 3600 230000-240000   00     145.74  659.0    141.54     1.10    -9999
*
COMMENT NM DATA DOWNLOADED FROM NMDB ON 14.5.2024
COMMENT DETRENDING CANNOT BE ROBUSTLY DONE
COMMENT UNIVERISTY OF OULU: FILE GENERATED FROM DATABASE AND OBTAINED FROM
COMMENT https://gle.oulu.fi at 2025-01-03 09:23:40 +00:00
COMMENT FOR HISTORICAL/ORIGINAL TEXT FILES SEE https://gle.oulu.fi/txtarchive/
COMMENT ORIGINAL AT https://gle.oulu.fi/txtarchive/GLE74/C074JUNG.DAT
COMMENT DETRENDED DATA SHOW -9999 IF EQUAL TO INC% COLUMN 