SOUTH-POLE LATITUDE    -90       LONGITUDE     0         ALTITUDE    2820 M
SOUTH-POLE INSTRUMENT   3NM64    NEUTRON MONITOR     	
SOUTH-POLE STANDARD PRESSURE    680     MB     COEFFICIENT   -0.69     % / MB
SOUTH-POLE PRE-INCREASE BASELINE TIME INTERVAL    240510    233000-013000   UT
SOUTH-POLE PRE-INCREASE AVERAGE COUNTING RATE    231.08      COUNTS PER SECOND
SOUTH-POLE TIME INTERVALS    300         3600     
SOUTH-POLE SCALE FACTORS     1           1        
STATION    YYMMDD  SEC   TIME (UT)   CODE    UNCORR. PRESS.    CORR.    % INC.	DETRENDED
                         INTERVAL    TD      C/S     (MB)      C/S
SOUTH-POLE 240510 3600 000000-010000   00     280.42  674.2    268.44    16.17    -9999
SOUTH-POLE 240510 3600 010000-020000   00     281.46  674.1    269.45    16.60    -9999
SOUTH-POLE 240510 3600 020000-030000   00     280.80  673.9    268.27    16.09    -9999
SOUTH-POLE 240510 3600 030000-040000   00     281.48  673.9    268.87    16.35    -9999
SOUTH-POLE 240510 3600 040000-050000   00     282.64  673.8    269.78    16.75    -9999
SOUTH-POLE 240510 3600 050000-060000   00     282.79  673.6    269.70    16.71    -9999
SOUTH-POLE 240510 3600 060000-070000   00     282.45  673.4    268.83    16.34    -9999
SOUTH-POLE 240510 3600 070000-080000   00     281.52  673.3    267.78    15.88    -9999
SOUTH-POLE 240510 3600 080000-090000   00     281.57  673.4    268.06    16.00    -9999
SOUTH-POLE 240510 3600 090000-100000   00     282.47  673.4    268.84    16.34    -9999
SOUTH-POLE 240510 3600 100000-110000   00     282.30  673.2    268.31    16.11    -9999
SOUTH-POLE 240510 3600 110000-120000   00     283.64  673.1    269.46    16.61    -9999
SOUTH-POLE 240510 3600 120000-130000   00     283.85  672.9    269.23    16.51    -9999
SOUTH-POLE 240510 3600 130000-140000   00     285.15  672.8    270.13    16.90    -9999
SOUTH-POLE 240510 3600 140000-150000   00     286.46  672.4    270.65    17.13    -9999
SOUTH-POLE 240510 3600 150000-160000   00     287.61  672.5    271.89    17.66    -9999
SOUTH-POLE 240510 3600 160000-170000   00     288.02  672.3    271.82    17.63    -9999
SOUTH-POLE 240510 3600 170000-180000   00     286.48  672.3    270.38    17.01    -9999
SOUTH-POLE 240510 3600 180000-190000   00     278.64  671.9    262.21    13.47    -9999
SOUTH-POLE 240510 3600 190000-200000   00     277.06  671.9    260.85    12.88    -9999
SOUTH-POLE 240510 3600 200000-210000   00     267.59  671.8    251.70     8.93    -9999
SOUTH-POLE 240510 300  210000-210500   00     261.53  671.5    245.47     6.23    -9999
SOUTH-POLE 240510 300  210500-211000   00     257.65  671.5    241.76     4.62    -9999
SOUTH-POLE 240510 300  211000-211500   00     258.27  671.5    242.32     4.86    -9999
SOUTH-POLE 240510 300  211500-212000   00     258.13  671.5    242.21     4.82    -9999
SOUTH-POLE 240510 300  212000-212500   00     259.02  671.5    243.04     5.18    -9999
SOUTH-POLE 240510 300  212500-213000   00     258.05  671.5    242.08     4.76    -9999
SOUTH-POLE 240510 300  213000-213500   00     259.11  671.5    243.01     5.16    -9999
SOUTH-POLE 240510 300  213500-214000   00     259.52  671.5    243.47     5.36    -9999
SOUTH-POLE 240510 300  214000-214500   00     256.48  671.5    240.66     4.15    -9999
SOUTH-POLE 240510 300  214500-215000   00     256.71  671.6    241.01     4.30    -9999
SOUTH-POLE 240510 300  215000-215500   00     257.05  671.6    241.34     4.44    -9999
SOUTH-POLE 240510 300  215500-220000   00     253.50  671.6    237.95     2.97    -9999
SOUTH-POLE 240510 300  220000-220500   00     256.83  671.6    241.10     4.34    -9999
SOUTH-POLE 240510 300  220500-221000   00     256.74  671.6    241.03     4.30    -9999
SOUTH-POLE 240510 300  221000-221500   00     256.78  671.6    241.16     4.36    -9999
SOUTH-POLE 240510 300  221500-222000   00     256.23  671.7    240.76     4.19    -9999
SOUTH-POLE 240510 300  222000-222500   00     254.34  671.7    239.08     3.46    -9999
SOUTH-POLE 240510 300  222500-223000   00     252.70  671.8    237.58     2.81    -9999
SOUTH-POLE 240510 300  223000-223500   00     254.46  671.7    239.15     3.49    -9999
SOUTH-POLE 240510 300  223500-224000   00     254.52  671.7    239.15     3.49    -9999
SOUTH-POLE 240510 300  224000-224500   00     251.77  671.7    236.55     2.37    -9999
SOUTH-POLE 240510 300  224500-225000   00     254.18  671.7    238.85     3.36    -9999
SOUTH-POLE 240510 300  225000-225500   00     256.07  671.7    240.59     4.12    -9999
SOUTH-POLE 240510 300  225500-230000   00     256.28  671.6    240.64     4.14    -9999
SOUTH-POLE 240510 300  230000-230500   00     252.83  671.5    237.28     2.68    -9999
SOUTH-POLE 240510 300  230500-231000   00     251.50  671.5    235.95     2.11    -9999
SOUTH-POLE 240510 300  231000-231500   00     251.41  671.4    235.73     2.01    -9999
SOUTH-POLE 240510 300  231500-232000   00     251.66  671.4    235.88     2.08    -9999
SOUTH-POLE 240510 300  232000-232500   00     250.16  671.3    234.40     1.44    -9999
SOUTH-POLE 240510 300  232500-233000   00     247.66  671.3    232.03     0.41    -9999
SOUTH-POLE 240510 300  233000-233500   00     246.66  671.3    231.14     0.03    -9999
SOUTH-POLE 240510 300  233500-234000   00     248.85  671.3    233.24     0.93    -9999
SOUTH-POLE 240510 300  234000-234500   00     246.14  671.3    230.63    -0.19    -9999
SOUTH-POLE 240510 300  234500-235000   00     245.15  671.2    229.58    -0.65    -9999
SOUTH-POLE 240510 300  235000-235500   00     243.34  671.2    227.87    -1.39    -9999
SOUTH-POLE 240510 300  235500-240000   00     246.51  671.2    230.79    -0.13    -9999
SOUTH-POLE 240511 300  000000-000500   00     245.53  671.2    229.86    -0.53    -9999
SOUTH-POLE 240511 300  000500-001000   00     247.00  671.2    231.19     0.05    -9999
SOUTH-POLE 240511 300  001000-001500   00     245.31  671.1    229.54    -0.67    -9999
SOUTH-POLE 240511 300  001500-002000   00     245.76  671.1    230.00    -0.47    -9999
SOUTH-POLE 240511 300  002000-002500   00     244.87  671.2    229.23    -0.80    -9999
SOUTH-POLE 240511 300  002500-003000   00     244.45  671.2    228.85    -0.96    -9999
SOUTH-POLE 240511 300  003000-003500   00     246.08  671.2    230.46    -0.27    -9999
SOUTH-POLE 240511 300  003500-004000   00     246.03  671.3    230.54    -0.23    -9999
SOUTH-POLE 240511 300  004000-004500   00     246.25  671.3    230.76    -0.14    -9999
SOUTH-POLE 240511 300  004500-005000   00     248.41  671.3    232.73     0.71    -9999
SOUTH-POLE 240511 300  005000-005500   00     246.48  671.2    230.84    -0.10    -9999
SOUTH-POLE 240511 300  005500-010000   00     248.78  671.2    232.87     0.78    -9999
SOUTH-POLE 240511 300  010000-010500   00     248.36  671.1    232.37     0.56     0.27
SOUTH-POLE 240511 300  010500-011000   00     248.59  671.1    232.55     0.64     0.31
SOUTH-POLE 240511 300  011000-011500   00     248.41  671.1    232.38     0.56     0.21
SOUTH-POLE 240511 300  011500-012000   00     249.95  671.1    233.77     1.16     0.79
SOUTH-POLE 240511 300  012000-012500   00     248.55  671.1    232.43     0.59     0.18
SOUTH-POLE 240511 300  012500-013000   00     248.43  671.0    232.29     0.53     0.09
SOUTH-POLE 240511 300  013000-013500   00     248.24  671.1    232.14     0.46     0.00
SOUTH-POLE 240511 300  013500-014000   00     250.81  671.1    234.69     1.56     1.07
SOUTH-POLE 240511 300  014000-014500   00     249.46  671.1    233.42     1.01     0.50
SOUTH-POLE 240511 300  014500-015000   00     250.46  671.2    234.40     1.44     0.89
SOUTH-POLE 240511 300  015000-015500   00     250.96  671.2    234.90     1.65     1.08
SOUTH-POLE 240511 300  015500-020000   00     254.43  671.1    238.08     3.03     2.44
SOUTH-POLE 240511 300  020000-020500   00     255.50  671.1    239.09     3.47     2.85
SOUTH-POLE 240511 300  020500-021000   00     259.30  671.1    242.65     5.01     4.36
SOUTH-POLE 240511 300  021000-021500   00     257.91  671.2    241.40     4.47     3.79
SOUTH-POLE 240511 300  021500-022000   00     257.95  671.1    241.40     4.47     3.76
SOUTH-POLE 240511 300  022000-022500   00     260.73  671.2    244.06     5.62     4.89
SOUTH-POLE 240511 300  022500-023000   00     258.18  671.2    241.74     4.61     3.86
SOUTH-POLE 240511 300  023000-023500   00     261.98  671.2    245.30     6.15     5.38
SOUTH-POLE 240511 300  023500-024000   00     266.34  671.2    249.45     7.95     7.14
SOUTH-POLE 240511 300  024000-024500   00     263.03  671.3    246.44     6.65     5.82
SOUTH-POLE 240511 300  024500-025000   00     266.93  671.3    250.12     8.24     7.39
SOUTH-POLE 240511 300  025000-025500   00     262.71  671.3    246.18     6.54     5.65
SOUTH-POLE 240511 300  025500-030000   00     266.72  671.3    249.95     8.17     7.26
SOUTH-POLE 240511 300  030000-030500   00     267.97  671.3    251.12     8.67     7.74
SOUTH-POLE 240511 300  030500-031000   00     266.11  671.3    249.36     7.91     6.96
SOUTH-POLE 240511 300  031000-031500   00     266.50  671.3    249.62     8.02     7.04
SOUTH-POLE 240511 300  031500-032000   00     265.51  671.2    248.51     7.55     6.54
SOUTH-POLE 240511 300  032000-032500   00     262.56  671.1    245.62     6.29     5.26
SOUTH-POLE 240511 300  032500-033000   00     260.34  671.0    243.43     5.35     4.29
SOUTH-POLE 240511 300  033000-033500   00     262.43  671.0    245.36     6.18     5.10
SOUTH-POLE 240511 300  033500-034000   00     259.48  671.0    242.58     4.98     3.88
SOUTH-POLE 240511 300  034000-034500   00     258.93  670.9    241.96     4.71     3.59
SOUTH-POLE 240511 300  034500-035000   00     261.17  670.9    244.04     5.61     4.46
SOUTH-POLE 240511 300  035000-035500   00     260.27  670.9    243.15     5.22     4.05
SOUTH-POLE 240511 300  035500-040000   00     258.68  670.9    241.61     4.56     3.36
SOUTH-POLE 240511 300  040000-040500   00     261.04  670.9    243.80     5.50     4.29
SOUTH-POLE 240511 300  040500-041000   00     259.15  670.9    242.04     4.74     3.50
SOUTH-POLE 240511 300  041000-041500   00     258.45  670.8    241.26     4.41     3.15
SOUTH-POLE 240511 300  041500-042000   00     256.69  670.7    239.49     3.64     2.36
SOUTH-POLE 240511 300  042000-042500   00     258.06  670.7    240.70     4.16     2.86
SOUTH-POLE 240511 300  042500-043000   00     260.95  670.7    243.34     5.31     3.98
SOUTH-POLE 240511 300  043000-043500   00     260.82  670.6    243.17     5.23     3.88
SOUTH-POLE 240511 300  043500-044000   00     259.61  670.6    241.97     4.71     3.34
SOUTH-POLE 240511 300  044000-044500   00     259.14  670.6    241.57     4.54     3.14
SOUTH-POLE 240511 300  044500-045000   00     262.92  670.6    245.08     6.06     4.64
SOUTH-POLE 240511 300  045000-045500   00     258.52  670.6    241.00     4.29     2.86
SOUTH-POLE 240511 300  045500-050000   00     260.48  670.6    242.83     5.08     3.63
SOUTH-POLE 240511 300  050000-050500   00     259.79  670.6    242.20     4.81     3.33
SOUTH-POLE 240511 300  050500-051000   00     258.45  670.7    241.00     4.29     2.79
SOUTH-POLE 240511 300  051000-051500   00     258.79  670.7    241.43     4.48     2.96
SOUTH-POLE 240511 300  051500-052000   00     256.51  670.8    239.37     3.59     2.04
SOUTH-POLE 240511 300  052000-052500   00     258.35  670.8    241.08     4.33     2.77
SOUTH-POLE 240511 300  052500-053000   00     257.58  670.7    240.31     3.99     2.41
SOUTH-POLE 240511 300  053000-053500   00     258.08  670.7    240.78     4.20     2.59
SOUTH-POLE 240511 300  053500-054000   00     259.30  670.8    241.99     4.72     3.10
SOUTH-POLE 240511 300  054000-054500   00     259.55  670.8    242.27     4.84     3.20
SOUTH-POLE 240511 300  054500-055000   00     256.96  670.8    239.82     3.78     2.12
SOUTH-POLE 240511 300  055000-055500   00     259.70  670.8    242.35     4.88     3.20
SOUTH-POLE 240511 300  055500-060000   00     262.03  670.7    244.48     5.80     4.10
SOUTH-POLE 240511 300  060000-060500   00     259.00  670.7    241.60     4.55     2.83
SOUTH-POLE 240511 300  060500-061000   00     258.92  670.7    241.56     4.54     2.80
SOUTH-POLE 240511 300  061000-061500   00     259.59  670.7    242.15     4.79     3.03
SOUTH-POLE 240511 300  061500-062000   00     259.26  670.7    241.82     4.65     2.87
SOUTH-POLE 240511 300  062000-062500   00     260.00  670.7    242.46     4.93     3.13
SOUTH-POLE 240511 300  062500-063000   00     258.58  670.6    241.05     4.31     2.50
SOUTH-POLE 240511 300  063000-063500   00     259.33  670.6    241.71     4.60     2.77
SOUTH-POLE 240511 300  063500-064000   00     259.07  670.6    241.50     4.51     2.66
SOUTH-POLE 240511 300  064000-064500   00     260.54  670.6    242.91     5.12     3.25
SOUTH-POLE 240511 300  064500-065000   00     259.62  670.6    242.03     4.74     2.85
SOUTH-POLE 240511 300  065000-065500   00     261.69  670.6    243.93     5.56     3.66
SOUTH-POLE 240511 300  065500-070000   00     258.12  670.6    240.63     4.13     2.21
SOUTH-POLE 240511 300  070000-070500   00     258.37  670.6    240.74     4.18     2.24
SOUTH-POLE 240511 300  070500-071000   00     261.22  670.6    243.38     5.32     3.37
SOUTH-POLE 240511 300  071000-071500   00     261.58  670.5    243.62     5.43     3.46
SOUTH-POLE 240511 300  071500-072000   00     260.01  670.5    242.22     4.82     2.83
SOUTH-POLE 240511 300  072000-072500   00     262.23  670.5    244.28     5.71     3.70
SOUTH-POLE 240511 300  072500-073000   00     259.68  670.5    241.79     4.63     2.61
SOUTH-POLE 240511 300  073000-073500   00     261.39  670.4    243.22     5.26     3.22
SOUTH-POLE 240511 300  073500-074000   00     259.90  670.3    241.76     4.62     2.57
SOUTH-POLE 240511 300  074000-074500   00     262.61  670.3    244.26     5.71     3.63
SOUTH-POLE 240511 300  074500-075000   00     259.81  670.3    241.68     4.59     2.50
SOUTH-POLE 240511 300  075000-075500   00     259.97  670.4    241.96     4.71     2.61
SOUTH-POLE 240511 300  075500-080000   00     260.78  670.4    242.73     5.04     2.92
SOUTH-POLE 240511 300  080000-080500   00     260.69  670.4    242.62     4.99     2.86
SOUTH-POLE 240511 300  080500-081000   00     258.78  670.4    240.84     4.23     2.08
SOUTH-POLE 240511 300  081000-081500   00     259.47  670.4    241.53     4.52     2.36
SOUTH-POLE 240511 300  081500-082000   00     262.30  670.4    244.19     5.67     3.49
SOUTH-POLE 240511 300  082000-082500   00     259.63  670.4    241.67     4.58     2.39
SOUTH-POLE 240511 300  082500-083000   00     261.89  670.4    243.75     5.48     3.27
SOUTH-POLE 240511 300  083000-083500   00     261.50  670.4    243.45     5.35     3.13
SOUTH-POLE 240511 300  083500-084000   00     261.03  670.4    243.00     5.16     2.92
SOUTH-POLE 240511 300  084000-084500   00     259.76  670.4    241.77     4.63     2.37
SOUTH-POLE 240511 300  084500-085000   00     258.65  670.4    240.73     4.17     1.91
SOUTH-POLE 240511 300  085000-085500   00     260.64  670.5    242.76     5.05     2.77
SOUTH-POLE 240511 300  085500-090000   00     260.97  670.5    243.06     5.19     2.89
SOUTH-POLE 240511 300  090000-090500   00     256.86  670.5    239.17     3.50     1.19
SOUTH-POLE 240511 300  090500-091000   00     258.05  670.4    240.19     3.94     1.62
SOUTH-POLE 240511 300  091000-091500   00     257.76  670.4    239.86     3.80     1.47
SOUTH-POLE 240511 300  091500-092000   00     258.86  670.5    241.01     4.30     1.95
SOUTH-POLE 240511 300  092000-092500   00     257.09  670.6    239.56     3.67     1.31
SOUTH-POLE 240511 300  092500-093000   00     256.23  670.7    238.92     3.39     1.02
SOUTH-POLE 240511 300  093000-093500   00     255.33  670.7    238.09     3.04     0.65
SOUTH-POLE 240511 300  093500-094000   00     256.72  670.6    239.33     3.57     1.17
SOUTH-POLE 240511 300  094000-094500   00     255.67  670.6    238.29     3.12     0.71
SOUTH-POLE 240511 300  094500-095000   00     254.89  670.5    237.45     2.76     0.34
SOUTH-POLE 240511 300  095000-095500   00     257.70  670.5    240.04     3.88     1.44
SOUTH-POLE 240511 300  095500-100000   00     255.30  670.4    237.53     2.79     0.35
SOUTH-POLE 240511 300  100000-100500   00     256.09  670.5    238.43     3.18     0.72
SOUTH-POLE 240511 300  100500-101000   00     256.24  670.5    238.60     3.25     0.78
SOUTH-POLE 240511 300  101000-101500   00     257.24  670.5    239.56     3.67     1.19
SOUTH-POLE 240511 300  101500-102000   00     257.07  670.5    239.46     3.63     1.14
SOUTH-POLE 240511 300  102000-102500   00     257.30  670.4    239.50     3.64     1.14
SOUTH-POLE 240511 300  102500-103000   00     257.79  670.5    240.04     3.88     1.36
SOUTH-POLE 240511 300  103000-103500   00     259.94  670.5    242.10     4.77     2.25
SOUTH-POLE 240511 300  103500-104000   00     260.35  670.5    242.44     4.92     2.38
SOUTH-POLE 240511 300  104000-104500   00     259.31  670.4    241.40     4.47     1.92
SOUTH-POLE 240511 300  104500-105000   00     261.68  670.5    243.74     5.48     2.92
SOUTH-POLE 240511 300  105000-105500   00     258.73  670.5    240.96     4.27     1.71
SOUTH-POLE 240511 300  105500-110000   00     257.44  670.5    239.81     3.78     1.20
SOUTH-POLE 240511 300  110000-110500   00     260.68  670.5    242.85     5.10     2.51
SOUTH-POLE 240511 300  110500-111000   00     257.37  670.5    239.73     3.74     1.15
SOUTH-POLE 240511 300  111000-111500   00     259.56  670.5    241.68     4.59     1.98
SOUTH-POLE 240511 300  111500-112000   00     259.66  670.4    241.74     4.61     2.00
SOUTH-POLE 240511 300  112000-112500   00     259.15  670.4    241.21     4.39     1.76
SOUTH-POLE 240511 300  112500-113000   00     260.53  670.4    242.55     4.96     2.33
SOUTH-POLE 240511 300  113000-113500   00     261.16  670.4    243.07     5.19     2.54
SOUTH-POLE 240511 300  113500-114000   00     263.43  670.4    245.12     6.08     3.43
SOUTH-POLE 240511 300  114000-114500   00     260.63  670.4    242.59     4.98     2.32
SOUTH-POLE 240511 300  114500-115000   00     260.49  670.4    242.50     4.94     2.27
SOUTH-POLE 240511 300  115000-115500   00     261.06  670.4    243.03     5.17     2.49
SOUTH-POLE 240511 300  115500-120000   00     258.69  670.5    240.85     4.23     1.54
SOUTH-POLE 240511 300  120000-120500   00     258.13  670.5    240.30     3.99     1.30
SOUTH-POLE 240511 300  120500-121000   00     258.13  670.5    240.33     4.00     1.30
SOUTH-POLE 240511 300  121000-121500   00     256.23  670.4    238.45     3.19     0.48
SOUTH-POLE 240511 300  121500-122000   00     257.47  670.4    239.54     3.66     0.95
SOUTH-POLE 240511 300  122000-122500   00     254.55  670.4    236.86     2.50    -0.22
SOUTH-POLE 240511 300  122500-123000   00     256.34  670.4    238.49     3.21     0.48
SOUTH-POLE 240511 300  123000-123500   00     254.47  670.4    236.72     2.44    -0.30
SOUTH-POLE 240511 300  123500-124000   00     253.41  670.3    235.67     1.99    -0.76
SOUTH-POLE 240511 300  124000-124500   00     256.75  670.2    238.61     3.26     0.51
SOUTH-POLE 240511 300  124500-125000   00     257.36  670.1    239.02     3.44     0.68
SOUTH-POLE 240511 300  125000-125500   00     254.23  670.1    236.02     2.14    -0.62
SOUTH-POLE 240511 300  125500-130000   00     253.96  670.1    235.76     2.03    -0.75
SOUTH-POLE 240511 300  130000-130500   00     255.45  670.1    237.17     2.63    -0.14
SOUTH-POLE 240511 300  130500-131000   00     255.25  670.1    237.01     2.57    -0.22
SOUTH-POLE 240511 300  131000-131500   00     254.51  670.1    236.35     2.28    -0.51
SOUTH-POLE 240511 300  131500-132000   00     255.10  670.1    236.89     2.52    -0.28
SOUTH-POLE 240511 300  132000-132500   00     252.55  670.1    234.55     1.50    -1.30
SOUTH-POLE 240511 300  132500-133000   00     255.04  670.1    236.88     2.51    -0.29
SOUTH-POLE 240511 300  133000-133500   00     253.95  670.2    235.91     2.09    -0.72
SOUTH-POLE 240511 300  133500-134000   00     255.94  670.2    237.82     2.92     0.10
SOUTH-POLE 240511 300  134000-134500   00     253.38  670.3    235.54     1.93    -0.89
SOUTH-POLE 240511 300  134500-135000   00     254.24  670.3    236.43     2.31    -0.51
SOUTH-POLE 240511 300  135000-135500   00     254.77  670.3    236.93     2.53    -0.30
SOUTH-POLE 240511 300  135500-140000   00     255.26  670.3    237.44     2.75    -0.08
SOUTH-POLE 240511 300  140000-140500   00     251.44  670.4    233.94     1.24    -9999
SOUTH-POLE 240511 300  140500-141000   00     253.09  670.4    235.46     1.90    -9999
SOUTH-POLE 240511 300  141000-141500   00     254.48  670.4    236.80     2.48    -9999
SOUTH-POLE 240511 300  141500-142000   00     253.98  670.4    236.37     2.29    -9999
SOUTH-POLE 240511 300  142000-142500   00     253.19  670.4    235.66     1.98    -9999
SOUTH-POLE 240511 300  142500-143000   00     255.13  670.5    237.53     2.79    -9999
SOUTH-POLE 240511 300  143000-143500   00     252.78  670.5    235.35     1.85    -9999
SOUTH-POLE 240511 300  143500-144000   00     253.58  670.5    236.21     2.22    -9999
SOUTH-POLE 240511 300  144000-144500   00     253.74  670.6    236.52     2.35    -9999
SOUTH-POLE 240511 300  144500-145000   00     253.62  670.7    236.52     2.36    -9999
SOUTH-POLE 240511 300  145000-145500   00     254.38  670.7    237.20     2.65    -9999
SOUTH-POLE 240511 300  145500-150000   00     255.85  670.7    238.59     3.25    -9999
SOUTH-POLE 240511 300  150000-150500   00     252.69  670.7    235.71     2.00    -9999
SOUTH-POLE 240511 300  150500-151000   00     252.83  670.7    235.84     2.06    -9999
SOUTH-POLE 240511 300  151000-151500   00     256.90  670.6    239.53     3.66    -9999
SOUTH-POLE 240511 300  151500-152000   00     254.60  670.6    237.27     2.68    -9999
SOUTH-POLE 240511 300  152000-152500   00     254.90  670.6    237.53     2.79    -9999
SOUTH-POLE 240511 300  152500-153000   00     255.32  670.5    237.90     2.95    -9999
SOUTH-POLE 240511 300  153000-153500   00     254.31  670.5    236.86     2.50    -9999
SOUTH-POLE 240511 300  153500-154000   00     255.51  670.5    238.02     3.00    -9999
SOUTH-POLE 240511 300  154000-154500   00     254.93  670.5    237.51     2.78    -9999
SOUTH-POLE 240511 300  154500-155000   00     254.61  670.5    237.20     2.65    -9999
SOUTH-POLE 240511 300  155000-155500   00     254.32  670.6    237.03     2.57    -9999
SOUTH-POLE 240511 300  155500-160000   00     256.74  670.6    239.29     3.56    -9999
SOUTH-POLE 240511 3600 160000-170000   00     256.37  670.7    239.11     3.48    -9999
SOUTH-POLE 240511 3600 170000-180000   00     255.19  671.0    238.49     3.21    -9999
SOUTH-POLE 240511 3600 180000-190000   00     253.51  671.4    237.80     2.91    -9999
SOUTH-POLE 240511 3600 190000-200000   00     252.81  671.6    237.38     2.73    -9999
SOUTH-POLE 240511 3600 200000-210000   00     253.11  671.7    237.85     2.93    -9999
SOUTH-POLE 240511 3600 210000-220000   00     252.78  671.9    237.93     2.97    -9999
SOUTH-POLE 240511 3600 220000-230000   00     249.22  672.4    235.48     1.91    -9999
SOUTH-POLE 240511 3600 230000-240000   00     249.43  672.6    235.95     2.11    -9999
SOUTH-POLE 240512 3600 000000-010000   00     249.17  673.0    236.44     2.32    -9999
SOUTH-POLE 240512 3600 010000-020000   00     248.26  673.4    236.30     2.26    -9999
SOUTH-POLE 240512 3600 020000-030000   00     245.79  673.8    234.67     1.56    -9999
SOUTH-POLE 240512 3600 030000-040000   00     247.11  673.9    236.12     2.18    -9999
SOUTH-POLE 240512 3600 040000-050000   00     247.69  673.9    236.66     2.42    -9999
SOUTH-POLE 240512 3600 050000-060000   00     248.55  674.1    237.90     2.95    -9999
SOUTH-POLE 240512 3600 060000-070000   00     248.66  674.4    238.51     3.22    -9999
SOUTH-POLE 240512 3600 070000-080000   00     248.70  674.9    239.41     3.61    -9999
SOUTH-POLE 240512 3600 080000-090000   00     247.01  675.1    238.06     3.02    -9999
SOUTH-POLE 240512 3600 090000-100000   00     247.22  675.0    238.20     3.08    -9999
SOUTH-POLE 240512 3600 100000-110000   00     244.17  675.3    235.79     2.04    -9999
SOUTH-POLE 240512 3600 110000-120000   00     243.54  675.7    235.88     2.08    -9999
SOUTH-POLE 240512 3600 120000-130000   00     245.07  675.7    237.38     2.73    -9999
SOUTH-POLE 240512 3600 130000-140000   00     245.80  675.9    238.34     3.14    -9999
SOUTH-POLE 240512 3600 140000-150000   00     245.83  676.2    238.87     3.37    -9999
SOUTH-POLE 240512 3600 150000-160000   00     245.90  676.5    239.56     3.67    -9999
SOUTH-POLE 240512 3600 160000-170000   00     245.32  676.6    239.18     3.51    -9999
SOUTH-POLE 240512 3600 170000-180000   00     245.31  676.8    239.46     3.63    -9999
SOUTH-POLE 240512 3600 180000-190000   00     246.20  677.2    241.04     4.31    -9999
SOUTH-POLE 240512 3600 190000-200000   00     246.49  677.5    241.95     4.70    -9999
SOUTH-POLE 240512 3600 200000-210000   00     247.06  677.9    243.22     5.25    -9999
SOUTH-POLE 240512 3600 210000-220000   00     246.21  678.4    243.26     5.27    -9999
SOUTH-POLE 240512 3600 220000-230000   00     243.52  678.7    241.23     4.39    -9999
SOUTH-POLE 240512 3600 230000-240000   00     244.24  679.0    242.34     4.87    -9999
*
COMMENT NM DATA DOWNLOADED FROM NMDB ON 14.5.2024
COMMENT DETRENDING DONE BY IU
COMMENT UNIVERISTY OF OULU: FILE GENERATED FROM DATABASE AND OBTAINED FROM
COMMENT https://gle.oulu.fi at 2025-01-03 09:23:40 +00:00
COMMENT FOR HISTORICAL/ORIGINAL TEXT FILES SEE https://gle.oulu.fi/txtarchive/
COMMENT ORIGINAL AT https://gle.oulu.fi/txtarchive/GLE74/C074SOPO_cor.DAT
COMMENT DETRENDED DATA SHOW -9999 IF EQUAL TO INC% COLUMN 