IRKUTSK3   LATITUDE    52.28     LONGITUDE     104.02    ALTITUDE    3000 M
IRKUTSK3   INSTRUMENT   6NM64    NEUTRON MONITOR     
IRKUTSK3   STANDARD PRESSURE    715     MB     COEFFICIENT   -0.72     % / MB
IRKUTSK3   PRE-INCREASE BASELINE TIME INTERVAL    240510    233000-013000   UT
IRKUTSK3   PRE-INCREASE AVERAGE COUNTING RATE    366.00      COUNTS PER SECOND
IRKUTSK3   TIME INTERVALS    300         3600     
IRKUTSK3   SCALE FACTORS     1           1        
STATION    YYMMDD  SEC   TIME (UT)   CODE    UNCORR. PRESS.    CORR.    % INC.	DETRENDED
                         INTERVAL    TD      C/S     (MB)      C/S
IRKUTSK3   240510 3600 000000-010000   00     388.14  721.1    405.68    10.84    -9999
IRKUTSK3   240510 3600 010000-020000   00     387.27  721.3    405.22    10.72    -9999
IRKUTSK3   240510 3600 020000-030000   00     385.58  721.5    404.15    10.42    -9999
IRKUTSK3   240510 3600 030000-040000   00     384.70  722.2    405.15    10.70    -9999
IRKUTSK3   240510 3600 040000-050000   00     383.75  723.1    406.87    11.17    -9999
IRKUTSK3   240510 3600 050000-060000   00     288.42  723.3    408.42    11.59    -9999
IRKUTSK3   240510 3600 060000-070000   00     384.12  723.4    408.02    11.48    -9999
IRKUTSK3   240510 3600 070000-080000   00     384.60  723.6    409.05    11.76    -9999
IRKUTSK3   240510 3600 080000-090000   00     382.40  723.9    407.77    11.41    -9999
IRKUTSK3   240510 3600 090000-100000   00     380.53  724.4    407.18    11.25    -9999
IRKUTSK3   240510 3600 100000-110000   00     347.40  724.7    406.25    11.00    -9999
IRKUTSK3   240510 3600 110000-120000   00     258.28  725.1    406.33    11.02    -9999
IRKUTSK3   240510 3600 120000-130000   00     378.77  725.4    408.10    11.50    -9999
IRKUTSK3   240510 3600 130000-140000   00     378.67  725.4    408.27    11.55    -9999
IRKUTSK3   240510 3600 140000-150000   00     347.00  725.3    407.05    11.22    -9999
IRKUTSK3   240510 3600 150000-160000   00     353.08  725.2    406.90    11.17    -9999
IRKUTSK3   240510 3600 160000-170000   00     377.82  725.4    407.20    11.26    -9999
IRKUTSK3   240510 3600 170000-180000   00     375.80  725.4    405.13    10.69    -9999
IRKUTSK3   240510 3600 180000-190000   00     380.35  725.3    409.82    11.97    -9999
IRKUTSK3   240510 3600 190000-200000   00     377.57  725.2    406.35    11.02    -9999
IRKUTSK3   240510 3600 200000-210000   00     375.73  725.1    403.92    10.36    -9999
IRKUTSK3   240510 3600 210000-220000   00     366.22  725.0    393.48     7.51    -9999
IRKUTSK3   240510 300  220000-220500   00     361.00  725.0    388.20     6.07    -9999
IRKUTSK3   240510 300  220500-221000   00     357.40  724.9    384.00     4.92    -9999
IRKUTSK3   240510 300  221000-221500   00     355.60  725.0    382.20     4.43    -9999
IRKUTSK3   240510 300  221500-222000   00     354.60  725.0    381.20     4.15    -9999
IRKUTSK3   240510 300  222000-222500   00     351.20  725.0    377.20     3.06    -9999
IRKUTSK3   240510 300  222500-223000   00     350.40  725.1    377.00     3.01    -9999
IRKUTSK3   240510 300  223000-223500   00     348.80  725.2    375.20     2.51    -9999
IRKUTSK3   240510 300  223500-224000   00     343.00  725.2    369.00     0.82    -9999
IRKUTSK3   240510 300  224000-224500   00     341.60  725.2    367.80     0.49    -9999
IRKUTSK3   240510 300  224500-225000   00     339.40  725.3    365.40    -0.16    -9999
IRKUTSK3   240510 300  225000-225500   00     339.20  725.2    364.60    -0.38    -9999
IRKUTSK3   240510 300  225500-230000   00     336.40  725.2    362.00    -1.09    -9999
IRKUTSK3   240510 300  230000-230500   00     336.20  725.2    362.00    -1.09    -9999
IRKUTSK3   240510 300  230500-231000   00     335.20  725.2    360.60    -1.48    -9999
IRKUTSK3   240510 300  231000-231500   00     338.80  725.1    364.60    -0.38    -9999
IRKUTSK3   240510 300  231500-232000   00     339.40  725.1    364.80    -0.33    -9999
IRKUTSK3   240510 300  232000-232500   00     339.00  725.1    364.60    -0.38    -9999
IRKUTSK3   240510 300  232500-233000   00     337.00  725.1    362.60    -0.93    -9999
IRKUTSK3   240510 300  233000-233500   00     340.00  725.2    365.80    -0.05    -9999
IRKUTSK3   240510 300  233500-234000   00     335.20  725.2    360.60    -1.48    -9999
IRKUTSK3   240510 300  234000-234500   00     336.60  725.2    362.40    -0.98    -9999
IRKUTSK3   240510 300  234500-235000   00     337.00  725.1    362.80    -0.87    -9999
IRKUTSK3   240510 300  235000-235500   00     338.80  725.1    364.60    -0.38    -9999
IRKUTSK3   240510 300  235500-240000   00     338.00  725.2    363.60    -0.66    -9999
IRKUTSK3   240511 300  000000-000500   00     337.20  725.3    363.00    -0.82    -9999
IRKUTSK3   240511 300  000500-001000   00     338.60  725.3    364.60    -0.38    -9999
IRKUTSK3   240511 300  001000-001500   00     342.00  725.3    368.20     0.60    -9999
IRKUTSK3   240511 300  001500-002000   00     339.40  725.2    365.40    -0.16    -9999
IRKUTSK3   240511 300  002000-002500   00     338.40  725.3    364.40    -0.44    -9999
IRKUTSK3   240511 300  002500-003000   00     338.40  725.2    364.40    -0.44    -9999
IRKUTSK3   240511 300  003000-003500   00     335.40  725.1    360.80    -1.42    -9999
IRKUTSK3   240511 300  003500-004000   00     339.80  725.4    366.20     0.05    -9999
IRKUTSK3   240511 300  004000-004500   00     340.00  725.3    366.40     0.11    -9999
IRKUTSK3   240511 300  004500-005000   00     340.40  725.5    366.80     0.22    -9999
IRKUTSK3   240511 300  005000-005500   00     340.60  725.5    367.40     0.38    -9999
IRKUTSK3   240511 300  005500-010000   00     342.60  725.4    369.20     0.87    -9999
IRKUTSK3   240511 300  010000-010500   00     342.60  725.5    369.40     0.93    -9999
IRKUTSK3   240511 300  010500-011000   00     343.40  725.6    370.60     1.26    -9999
IRKUTSK3   240511 300  011000-011500   00     339.40  725.6    366.40     0.11    -9999
IRKUTSK3   240511 300  011500-012000   00     343.20  725.6    370.40     1.20    -9999
IRKUTSK3   240511 300  012000-012500   00     344.20  725.5    371.40     1.48    -9999
IRKUTSK3   240511 300  012500-013000   00     342.40  725.5    369.20     0.87    -9999
IRKUTSK3   240511 300  013000-013500   00     346.60  725.6    374.20     2.24    -9999
IRKUTSK3   240511 300  013500-014000   00     348.60  725.6    376.00     2.73    -9999
IRKUTSK3   240511 300  014000-014500   00     349.20  725.5    376.80     2.95    -9999
IRKUTSK3   240511 300  014500-015000   00     346.20  725.6    373.40     2.02    -9999
IRKUTSK3   240511 300  015000-015500   00     346.80  725.6    374.40     2.30    -9999
IRKUTSK3   240511 300  015500-020000   00     346.40  725.6    374.40     2.30    -9999
IRKUTSK3   240511 300  020000-020500   00     348.80  725.7    376.40     2.84    -9999
IRKUTSK3   240511 300  020500-021000   00     348.20  725.7    376.20     2.79    -9999
IRKUTSK3   240511 300  021000-021500   00     349.60  725.7    377.60     3.17    -9999
IRKUTSK3   240511 300  021500-022000   00     347.80  725.8    376.00     2.73    -9999
IRKUTSK3   240511 300  022000-022500   00     353.80  725.9    382.60     4.54    -9999
IRKUTSK3   240511 300  022500-023000   00     352.00  725.9    380.60     3.99    -9999
IRKUTSK3   240511 300  023000-023500   00     353.20  725.9    382.20     4.43    -9999
IRKUTSK3   240511 300  023500-024000   00     349.00  725.9    377.60     3.17    -9999
IRKUTSK3   240511 300  024000-024500   00     352.40  725.9    381.40     4.21    -9999
IRKUTSK3   240511 300  024500-025000   00     357.40  725.9    386.40     5.57    -9999
IRKUTSK3   240511 300  025000-025500   00     352.40  725.9    381.40     4.21    -9999
IRKUTSK3   240511 300  025500-030000   00     356.60  725.8    385.60     5.36    -9999
IRKUTSK3   240511 300  030000-030500   00     356.40  725.7    384.60     5.08    -9999
IRKUTSK3   240511 300  030500-031000   00     354.40  725.7    383.00     4.64    -9999
IRKUTSK3   240511 300  031000-031500   00     355.20  725.7    383.60     4.81    -9999
IRKUTSK3   240511 300  031500-032000   00     354.40  725.7    383.00     4.64    -9999
IRKUTSK3   240511 300  032000-032500   00     349.40  725.7    377.40     3.11    -9999
IRKUTSK3   240511 300  032500-033000   00     350.40  725.8    378.80     3.50    -9999
IRKUTSK3   240511 300  033000-033500   00     350.20  725.9    378.60     3.44    -9999
IRKUTSK3   240511 300  033500-034000   00     347.80  725.9    376.00     2.73    -9999
IRKUTSK3   240511 300  034000-034500   00     353.60  725.8    382.00     4.37    -9999
IRKUTSK3   240511 300  034500-035000   00     350.00  725.9    378.40     3.39    -9999
IRKUTSK3   240511 300  035000-035500   00     354.80  725.9    383.80     4.86    -9999
IRKUTSK3   240511 300  035500-040000   00     348.40  726.1    377.60     3.17    -9999
IRKUTSK3   240511 300  040000-040500   00     351.40  726.1    380.40     3.93    -9999
IRKUTSK3   240511 300  040500-041000   00     349.60  726.1    378.80     3.50    -9999
IRKUTSK3   240511 300  041000-041500   00     353.40  726.2    383.20     4.70    -9999
IRKUTSK3   240511 300  041500-042000   00     352.40  726.2    382.20     4.43    -9999
IRKUTSK3   240511 300  042000-042500   00     350.80  726.3    380.20     3.88    -9999
IRKUTSK3   240511 300  042500-043000   00     352.80  726.2    382.60     4.54    -9999
IRKUTSK3   240511 300  043000-043500   00     354.80  726.3    384.60     5.08    -9999
IRKUTSK3   240511 300  043500-044000   00     352.80  726.3    382.60     4.54    -9999
IRKUTSK3   240511 300  044000-044500   00     349.20  726.3    379.20     3.61    -9999
IRKUTSK3   240511 300  044500-045000   00     348.60  726.3    378.00     3.28    -9999
IRKUTSK3   240511 300  045000-045500   00     347.60  726.4    377.60     3.17    -9999
IRKUTSK3   240511 300  045500-050000   00     348.00  726.4    378.00     3.28    -9999
IRKUTSK3   240511 300  050000-050500   00     345.80  726.4    375.20     2.51    -9999
IRKUTSK3   240511 300  050500-051000   00     345.20  726.4    375.00     2.46    -9999
IRKUTSK3   240511 300  051000-051500   00     347.00  726.3    376.60     2.90    -9999
IRKUTSK3   240511 300  051500-052000   00     348.40  726.4    378.20     3.33    -9999
IRKUTSK3   240511 300  052000-052500   00     347.60  726.4    377.20     3.06    -9999
IRKUTSK3   240511 300  052500-053000   00     348.60  726.4    378.20     3.33    -9999
IRKUTSK3   240511 300  053000-053500   00     349.60  726.3    379.40     3.66    -9999
IRKUTSK3   240511 300  053500-054000   00     351.80  726.3    381.60     4.26    -9999
IRKUTSK3   240511 300  054000-054500   00     353.40  726.4    383.60     4.81    -9999
IRKUTSK3   240511 300  054500-055000   00     350.00  726.4    380.20     3.88    -9999
IRKUTSK3   240511 300  055000-055500   00     350.60  726.4    380.60     3.99    -9999
IRKUTSK3   240511 300  055500-060000   00     345.60  726.5    375.60     2.62    -9999
IRKUTSK3   240511 300  060000-060500   00     344.60  726.5    374.40     2.30    -9999
IRKUTSK3   240511 300  060500-061000   00     339.60  726.5    369.20     0.87    -9999
IRKUTSK3   240511 300  061000-061500   00     339.40  726.6    369.00     0.82    -9999
IRKUTSK3   240511 300  061500-062000   00     340.40  726.6    370.20     1.15    -9999
IRKUTSK3   240511 300  062000-062500   00     134.20  726.5    367.80     0.49    -9999
IRKUTSK3   240511 300  062500-063000   00       0.00  726.6    374.00     2.19    -9999
IRKUTSK3   240511 300  063000-063500   00      67.00  726.6    366.80     0.22    -9999
IRKUTSK3   240511 300  063500-064000   00     340.60  726.7    370.40     1.20    -9999
IRKUTSK3   240511 300  064000-064500   00     339.80  726.6    369.60     0.98    -9999
IRKUTSK3   240511 300  064500-065000   00     337.80  726.6    367.40     0.38    -9999
IRKUTSK3   240511 300  065000-065500   00     340.40  726.6    370.00     1.09    -9999
IRKUTSK3   240511 300  065500-070000   00     338.40  726.5    367.80     0.49    -9999
IRKUTSK3   240511 300  070000-070500   00     343.20  726.6    373.00     1.91    -9999
IRKUTSK3   240511 300  070500-071000   00     341.20  726.6    370.60     1.26    -9999
IRKUTSK3   240511 300  071000-071500   00     343.60  726.6    373.20     1.97    -9999
IRKUTSK3   240511 300  071500-072000   00     340.80  726.5    370.20     1.15    -9999
IRKUTSK3   240511 300  072000-072500   00     342.20  726.5    371.60     1.53    -9999
IRKUTSK3   240511 300  072500-073000   00     341.20  726.5    370.80     1.31    -9999
IRKUTSK3   240511 300  073000-073500   00     342.80  726.5    372.20     1.69    -9999
IRKUTSK3   240511 300  073500-074000   00     344.80  726.4    374.60     2.35    -9999
IRKUTSK3   240511 300  074000-074500   00     346.20  726.4    375.60     2.62    -9999
IRKUTSK3   240511 300  074500-075000   00     342.40  726.4    371.40     1.48    -9999
IRKUTSK3   240511 300  075000-075500   00     344.60  726.4    374.00     2.19    -9999
IRKUTSK3   240511 300  075500-080000   00     344.40  726.4    374.00     2.19    -9999
IRKUTSK3   240511 300  080000-080500   00     346.00  726.4    375.40     2.57    -9999
IRKUTSK3   240511 300  080500-081000   00     136.80  726.4    376.80     2.95    -9999
IRKUTSK3   240511 300  081000-081500   00     344.60  726.4    374.60     2.35    -9999
IRKUTSK3   240511 300  081500-082000   00     348.20  726.4    378.00     3.28    -9999
IRKUTSK3   240511 300  082000-082500   00     345.40  726.4    374.60     2.35    -9999
IRKUTSK3   240511 300  082500-083000   00     344.80  726.5    374.40     2.30    -9999
IRKUTSK3   240511 300  083000-083500   00     338.40  726.5    367.20     0.33    -9999
IRKUTSK3   240511 300  083500-084000   00     339.60  726.5    369.00     0.82    -9999
IRKUTSK3   240511 300  084000-084500   00     339.20  726.4    368.40     0.66    -9999
IRKUTSK3   240511 300  084500-085000   00     336.60  726.5    365.80    -0.05    -9999
IRKUTSK3   240511 300  085000-085500   00     337.20  726.5    366.40     0.11    -9999
IRKUTSK3   240511 300  085500-090000   00     340.80  726.5    370.00     1.09    -9999
IRKUTSK3   240511 300  090000-090500   00     339.80  726.5    369.00     0.82    -9999
IRKUTSK3   240511 300  090500-091000   00     337.80  726.5    367.20     0.33    -9999
IRKUTSK3   240511 300  091000-091500   00     333.00  726.6    362.00    -1.09    -9999
IRKUTSK3   240511 300  091500-092000   00     338.80  726.6    368.00     0.55    -9999
IRKUTSK3   240511 300  092000-092500   00     336.40  726.6    365.40    -0.16    -9999
IRKUTSK3   240511 300  092500-093000   00     340.20  726.6    369.40     0.93    -9999
IRKUTSK3   240511 300  093000-093500   00     341.80  726.6    371.20     1.42    -9999
IRKUTSK3   240511 300  093500-094000   00     341.40  726.6    370.80     1.31    -9999
IRKUTSK3   240511 300  094000-094500   00     342.60  726.5    372.40     1.75    -9999
IRKUTSK3   240511 300  094500-095000   00     344.40  726.7    374.40     2.30    -9999
IRKUTSK3   240511 300  095000-095500   00     341.60  726.7    371.40     1.48    -9999
IRKUTSK3   240511 300  095500-100000   00     344.20  726.7    374.60     2.35    -9999
IRKUTSK3   240511 300  100000-100500   00     343.20  726.7    373.20     1.97    -9999
IRKUTSK3   240511 300  100500-101000   00     346.40  726.7    377.00     3.01    -9999
IRKUTSK3   240511 300  101000-101500   00     342.80  726.7    373.20     1.97    -9999
IRKUTSK3   240511 300  101500-102000   00     344.80  726.7    375.20     2.51    -9999
IRKUTSK3   240511 300  102000-102500   00     342.80  726.6    373.00     1.91    -9999
IRKUTSK3   240511 300  102500-103000   00     338.20  726.7    367.80     0.49    -9999
IRKUTSK3   240511 300  103000-103500   00     341.60  726.7    371.80     1.58    -9999
IRKUTSK3   240511 300  103500-104000   00     343.20  726.7    373.20     1.97    -9999
IRKUTSK3   240511 300  104000-104500   00     342.00  726.7    371.60     1.53    -9999
IRKUTSK3   240511 300  104500-105000   00     340.40  726.8    370.20     1.15    -9999
IRKUTSK3   240511 300  105000-105500   00     344.80  726.8    375.40     2.57    -9999
IRKUTSK3   240511 300  105500-110000   00     339.40  726.9    369.60     0.98    -9999
IRKUTSK3   240511 300  110000-110500   00     339.40  726.8    369.40     0.93    -9999
IRKUTSK3   240511 300  110500-111000   00     337.60  726.8    367.20     0.33    -9999
IRKUTSK3   240511 300  111000-111500   00     339.80  726.8    370.00     1.09    -9999
IRKUTSK3   240511 300  111500-112000   00     342.60  726.8    372.80     1.86    -9999
IRKUTSK3   240511 300  112000-112500   00     342.20  726.7    372.20     1.69    -9999
IRKUTSK3   240511 300  112500-113000   00     342.20  726.7    372.20     1.69    -9999
IRKUTSK3   240511 300  113000-113500   00     340.40  726.6    370.20     1.15    -9999
IRKUTSK3   240511 300  113500-114000   00     336.40  726.5    365.40    -0.16    -9999
IRKUTSK3   240511 300  114000-114500   00     339.40  726.4    368.80     0.77    -9999
IRKUTSK3   240511 300  114500-115000   00     339.40  726.5    368.40     0.66    -9999
IRKUTSK3   240511 300  115000-115500   00     335.80  726.2    363.80    -0.60    -9999
IRKUTSK3   240511 300  115500-120000   00     338.00  726.3    366.80     0.22    -9999
IRKUTSK3   240511 300  120000-120500   00     336.40  726.3    365.00    -0.27    -9999
IRKUTSK3   240511 300  120500-121000   00     339.00  726.2    367.60     0.44    -9999
IRKUTSK3   240511 300  121000-121500   00     336.80  726.2    365.20    -0.22    -9999
IRKUTSK3   240511 300  121500-122000   00     337.60  726.3    366.20     0.05    -9999
IRKUTSK3   240511 300  122000-122500   00     337.40  726.3    366.00     0.00    -9999
IRKUTSK3   240511 300  122500-123000   00     341.40  726.4    370.80     1.31    -9999
IRKUTSK3   240511 300  123000-123500   00     340.80  726.4    369.80     1.04    -9999
IRKUTSK3   240511 300  123500-124000   00     337.20  726.3    366.00     0.00    -9999
IRKUTSK3   240511 300  124000-124500   00     337.80  726.3    366.60     0.16    -9999
IRKUTSK3   240511 300  124500-125000   00     338.40  726.3    367.20     0.33    -9999
IRKUTSK3   240511 300  125000-125500   00     337.20  726.2    365.80    -0.05    -9999
IRKUTSK3   240511 300  125500-130000   00     341.80  726.2    370.40     1.20    -9999
IRKUTSK3   240511 300  130000-130500   00     339.20  726.2    367.60     0.44    -9999
IRKUTSK3   240511 300  130500-131000   00     338.00  726.3    366.60     0.16    -9999
IRKUTSK3   240511 300  131000-131500   00     335.40  726.5    364.40    -0.44    -9999
IRKUTSK3   240511 300  131500-132000   00     335.20  726.5    364.00    -0.55    -9999
IRKUTSK3   240511 300  132000-132500   00     333.80  726.4    362.40    -0.98    -9999
IRKUTSK3   240511 300  132500-133000   00     336.00  726.4    365.00    -0.27    -9999
IRKUTSK3   240511 300  133000-133500   00     337.80  726.5    367.00     0.27    -9999
IRKUTSK3   240511 300  133500-134000   00     336.40  726.5    365.60    -0.11    -9999
IRKUTSK3   240511 300  134000-134500   00     336.60  726.5    365.60    -0.11    -9999
IRKUTSK3   240511 300  134500-135000   00     331.20  726.4    359.80    -1.69    -9999
IRKUTSK3   240511 300  135000-135500   00     335.40  726.4    364.20    -0.49    -9999
IRKUTSK3   240511 300  135500-140000   00     332.40  726.4    360.80    -1.42    -9999
IRKUTSK3   240511 300  140000-140500   00     336.80  726.4    365.60    -0.11    -9999
IRKUTSK3   240511 300  140500-141000   00     337.60  726.3    366.20     0.05    -9999
IRKUTSK3   240511 300  141000-141500   00     337.40  726.4    366.40     0.11    -9999
IRKUTSK3   240511 300  141500-142000   00     335.00  726.3    363.20    -0.77    -9999
IRKUTSK3   240511 300  142000-142500   00     334.20  726.3    362.60    -0.93    -9999
IRKUTSK3   240511 300  142500-143000   00     332.00  726.3    360.00    -1.64    -9999
IRKUTSK3   240511 300  143000-143500   00     334.40  726.3    363.00    -0.82    -9999
IRKUTSK3   240511 300  143500-144000   00     334.00  726.4    362.40    -0.98    -9999
IRKUTSK3   240511 300  144000-144500   00     333.20  726.3    361.40    -1.26    -9999
IRKUTSK3   240511 300  144500-145000   00     331.60  726.2    359.60    -1.75    -9999
IRKUTSK3   240511 300  145000-145500   00     336.80  726.2    365.40    -0.16    -9999
IRKUTSK3   240511 300  145500-150000   00     333.00  726.2    361.20    -1.31    -9999
IRKUTSK3   240511 300  150000-150500   00     332.40  726.2    360.40    -1.53    -9999
IRKUTSK3   240511 300  150500-151000   00     333.60  726.1    361.60    -1.20    -9999
IRKUTSK3   240511 300  151000-151500   00     332.80  726.1    360.80    -1.42    -9999
IRKUTSK3   240511 300  151500-152000   00     332.00  726.1    359.80    -1.69    -9999
IRKUTSK3   240511 300  152000-152500   00     332.20  726.0    359.40    -1.80    -9999
IRKUTSK3   240511 300  152500-153000   00     337.00  726.1    365.00    -0.27    -9999
IRKUTSK3   240511 300  153000-153500   00     333.80  726.1    361.40    -1.26    -9999
IRKUTSK3   240511 300  153500-154000   00     332.60  726.1    360.00    -1.64    -9999
IRKUTSK3   240511 300  154000-154500   00     338.00  726.1    366.00     0.00    -9999
IRKUTSK3   240511 300  154500-155000   00     335.60  726.0    363.20    -0.77    -9999
IRKUTSK3   240511 300  155000-155500   00     333.20  726.1    361.20    -1.31    -9999
IRKUTSK3   240511 300  155500-160000   00     336.60  726.2    364.80    -0.33    -9999
IRKUTSK3   240511 300  160000-160500   00     335.80  726.2    364.00    -0.55    -9999
IRKUTSK3   240511 300  160500-161000   00     332.60  726.1    360.60    -1.48    -9999
IRKUTSK3   240511 300  161000-161500   00     335.60  726.1    363.60    -0.66    -9999
IRKUTSK3   240511 300  161500-162000   00     336.80  726.2    365.00    -0.27    -9999
IRKUTSK3   240511 300  162000-162500   00     334.60  726.2    362.60    -0.93    -9999
IRKUTSK3   240511 300  162500-163000   00     337.00  726.1    365.40    -0.16    -9999
IRKUTSK3   240511 300  163000-163500   00     335.60  726.0    363.40    -0.71    -9999
IRKUTSK3   240511 300  163500-164000   00     336.80  726.1    365.20    -0.22    -9999
IRKUTSK3   240511 300  164000-164500   00     336.00  726.1    364.00    -0.55    -9999
IRKUTSK3   240511 300  164500-165000   00     334.80  726.1    362.60    -0.93    -9999
IRKUTSK3   240511 300  165000-165500   00     335.40  726.1    363.40    -0.71    -9999
IRKUTSK3   240511 300  165500-170000   00     335.60  726.0    363.40    -0.71    -9999
IRKUTSK3   240511 3600 170000-180000   00     336.03  726.0    363.73    -0.62    -9999
IRKUTSK3   240511 3600 180000-190000   00     337.42  725.8    364.83    -0.32    -9999
IRKUTSK3   240511 3600 190000-200000   00     338.47  725.6    365.52    -0.13    -9999
IRKUTSK3   240511 3600 200000-210000   00     341.05  725.6    368.03     0.56    -9999
IRKUTSK3   240511 3600 210000-220000   00     344.38  725.3    370.92     1.34    -9999
IRKUTSK3   240511 3600 220000-230000   00     344.13  725.1    370.12     1.12    -9999
IRKUTSK3   240511 3600 230000-240000   00     343.22  725.0    368.92     0.80    -9999
IRKUTSK3   240512 3600 000000-010000   00     343.95  724.8    369.12     0.85    -9999
IRKUTSK3   240512 3600 010000-020000   00     348.95  724.6    374.00     2.19    -9999
IRKUTSK3   240512 3600 020000-030000   00     351.23  724.6    376.42     2.85    -9999
IRKUTSK3   240512 3600 030000-040000   00     351.65  724.4    376.12     2.76    -9999
IRKUTSK3   240512 3600 040000-050000   00     352.32  724.3    376.68     2.92    -9999
IRKUTSK3   240512 3600 050000-060000   00     350.87  724.2    375.03     2.47    -9999
IRKUTSK3   240512 3600 060000-070000   00     349.30  724.2    373.08     1.94    -9999
IRKUTSK3   240512 3600 070000-080000   00     349.07  724.1    372.70     1.83    -9999
IRKUTSK3   240512 3600 080000-090000   00     346.68  724.7    371.88     1.61    -9999
IRKUTSK3   240512 3600 090000-100000   00     346.47  724.4    370.82     1.32    -9999
IRKUTSK3   240512 3600 100000-110000   00     345.13  724.1    368.60     0.71    -9999
IRKUTSK3   240512 3600 110000-120000   00     345.22  724.3    368.92     0.80    -9999
IRKUTSK3   240512 3600 120000-130000   00     346.40  724.5    370.92     1.34    -9999
IRKUTSK3   240512 3600 130000-140000   00     345.58  724.8    370.78     1.31    -9999
IRKUTSK3   240512 3600 140000-150000   00     345.18  724.9    370.52     1.23    -9999
IRKUTSK3   240512 3600 150000-160000   00     337.20  724.8    368.08     0.57    -9999
IRKUTSK3   240512 3600 160000-170000   00     342.80  724.8    367.83     0.50    -9999
IRKUTSK3   240512 3600 170000-180000   00     343.25  724.7    368.13     0.58    -9999
IRKUTSK3   240512 3600 180000-190000   00     343.98  724.8    369.05     0.83    -9999
IRKUTSK3   240512 3600 190000-200000   00     345.48  725.0    371.28     1.44    -9999
IRKUTSK3   240512 3600 200000-210000   00     346.08  725.3    372.72     1.84    -9999
IRKUTSK3   240512 3600 210000-220000   00     349.18  725.4    376.23     2.80    -9999
IRKUTSK3   240512 3600 220000-230000   00     350.93  725.8    379.12     3.58    -9999
IRKUTSK3   240512 3600 230000-240000   00     356.20  726.3    386.43     5.58    -9999
*
COMMENT NM DATA DOWNLOADED FROM NMDB ON 14.5.2024
COMMENT DETRENDING CANNOT BE ROBUSTLY DONE
COMMENT UNIVERISTY OF OULU: FILE GENERATED FROM DATABASE AND OBTAINED FROM
COMMENT https://gle.oulu.fi at 2025-01-03 09:23:40 +00:00
COMMENT FOR HISTORICAL/ORIGINAL TEXT FILES SEE https://gle.oulu.fi/txtarchive/
COMMENT ORIGINAL AT https://gle.oulu.fi/txtarchive/GLE74/C074IRK3.DAT
COMMENT DETRENDED DATA SHOW -9999 IF EQUAL TO INC% COLUMN 