CALMA      LATITUDE    40.64     LONGITUDE     -3.16     ALTITUDE    708 M
CALMA      INSTRUMENT   15NM64    NEUTRON MONITOR
CALMA      STANDARD PRESSURE    1000    MB     COEFFICIENT   -0.67     % / MB
CALMA      PRE-INCREASE BASELINE TIME INTERVAL    240510    233000-013000   UT
CALMA      PRE-INCREASE AVERAGE COUNTING RATE     66.24      COUNTS PER SECOND
CALMA      TIME INTERVALS    300         3600     
CALMA      SCALE FACTORS     1           1        
STATION    YYMMDD  SEC   TIME (UT)   CODE    UNCORR. PRESS.    CORR.    % INC.	DETRENDED
                         INTERVAL    TD      C/S     (MB)      C/S
CALMA      240510 3600 000000-010000   00      70.01  936.5     69.72     5.26    -9999
CALMA      240510 3600 010000-020000   00      70.63  936.3     70.25     6.06    -9999
CALMA      240510 3600 020000-030000   00      70.77  936.2     70.35     6.20    -9999
CALMA      240510 3600 030000-040000   00      71.54  936.3     71.15     7.41    -9999
CALMA      240510 3600 040000-050000   00      70.22  936.3     69.84     5.44    -9999
CALMA      240510 3600 050000-060000   00      70.31  936.4     70.01     5.70    -9999
CALMA      240510 3600 060000-070000   00      69.59  936.8     69.47     4.88    -9999
CALMA      240510 3600 070000-080000   00      70.55  937.0     70.51     6.46    -9999
CALMA      240510 3600 080000-090000   00      70.47  937.0     70.44     6.35    -9999
CALMA      240510 3600 090000-100000   00      70.82  937.1     70.82     6.91    -9999
CALMA      240510 3600 100000-110000   00      71.65  936.8     71.51     7.97    -9999
CALMA      240510 3600 110000-120000   00      71.77  936.1     71.33     7.68    -9999
CALMA      240510 3600 120000-130000   00      72.09  935.4     71.27     7.60    -9999
CALMA      240510 3600 130000-140000   00      72.50  934.7     71.38     7.76    -9999
CALMA      240510 3600 140000-150000   00      71.77  934.1     70.37     6.23    -9999
CALMA      240510 3600 150000-160000   00      72.15  933.7     70.53     6.48    -9999
CALMA      240510 3600 160000-170000   00      72.02  933.4     70.25     6.06    -9999
CALMA      240510 3600 170000-180000   00      72.13  933.3     70.31     6.15    -9999
CALMA      240510 3600 180000-190000   00      73.01  933.4     71.21     7.51    -9999
CALMA      240510 3600 190000-200000   00      72.59  933.6     70.92     7.07    -9999
CALMA      240510 3600 200000-210000   00      72.84  934.0     71.35     7.71    -9999
CALMA      240510 3600 210000-220000   00      71.37  934.3     70.08     5.80    -9999
CALMA      240510 300  220000-220500   00      72.88  934.4     71.57     8.05    -9999
CALMA      240510 300  220500-221000   00      73.09  934.4     71.79     8.38    -9999
CALMA      240510 300  221000-221500   00      70.15  934.4     68.92     4.05    -9999
CALMA      240510 300  221500-222000   00      71.50  934.4     70.24     6.04    -9999
CALMA      240510 300  222000-222500   00      70.72  934.5     69.50     4.93    -9999
CALMA      240510 300  222500-223000   00      68.74  934.5     67.58     2.03    -9999
CALMA      240510 300  223000-223500   00      70.05  934.6     68.89     4.00    -9999
CALMA      240510 300  223500-224000   00      68.18  934.6     67.05     1.23    -9999
CALMA      240510 300  224000-224500   00      70.39  934.6     69.24     4.53    -9999
CALMA      240510 300  224500-225000   00      69.16  934.6     68.04     2.72    -9999
CALMA      240510 300  225000-225500   00      67.59  934.6     66.47     0.36    -9999
CALMA      240510 300  225500-230000   00      73.95  934.6     72.76     9.84    -9999
CALMA      240510 300  230000-230500   00      68.20  934.6     67.10     1.30    -9999
CALMA      240510 300  230500-231000   00      67.25  934.7     66.18    -0.09    -9999
CALMA      240510 300  231000-231500   00      67.83  934.6     66.73     0.74    -9999
CALMA      240510 300  231500-232000   00      70.03  934.6     68.89     4.01    -9999
CALMA      240510 300  232000-232500   00      67.94  934.7     66.85     0.93    -9999
CALMA      240510 300  232500-233000   00      65.45  934.7     64.42    -2.74    -9999
CALMA      240510 300  233000-233500   00      68.01  934.8     66.96     1.09    -9999
CALMA      240510 300  233500-234000   00      64.76  934.8     63.79    -3.69    -9999
CALMA      240510 300  234000-234500   00      66.75  934.8     65.74    -0.75    -9999
CALMA      240510 300  234500-235000   00      67.68  934.8     66.67     0.66    -9999
CALMA      240510 300  235000-235500   00      68.80  934.8     67.78     2.33    -9999
CALMA      240510 300  235500-240000   00      67.93  934.8     66.93     1.04    -9999
CALMA      240511 300  000000-000500   00      67.62  934.9     66.66     0.63    -9999
CALMA      240511 300  000500-001000   00      65.40  934.9     64.46    -2.69    -9999
CALMA      240511 300  001000-001500   00      67.51  934.9     66.55     0.47    -9999
CALMA      240511 300  001500-002000   00      66.23  934.9     65.28    -1.44    -9999
CALMA      240511 300  002000-002500   00      66.62  935.0     65.69    -0.82    -9999
CALMA      240511 300  002500-003000   00      65.76  935.0     64.85    -2.09    -9999
CALMA      240511 300  003000-003500   00      65.38  935.0     64.48    -2.65    -9999
CALMA      240511 300  003500-004000   00      67.89  935.2     67.03     1.20    -9999
CALMA      240511 300  004000-004500   00      67.47  935.1     66.61     0.56    -9999
CALMA      240511 300  004500-005000   00      67.28  935.2     66.45     0.32    -9999
CALMA      240511 300  005000-005500   00      67.38  935.2     66.55     0.47    -9999
CALMA      240511 300  005500-010000   00      67.40  935.2     66.56     0.49    -9999
CALMA      240511 300  010000-010500   00      67.70  935.2     66.83     0.90    -9999
CALMA      240511 300  010500-011000   00      69.47  935.1     68.56     3.51    -9999
CALMA      240511 300  011000-011500   00      66.28  935.2     65.44    -1.20    -9999
CALMA      240511 300  011500-012000   00      66.48  935.2     65.65    -0.88    -9999
CALMA      240511 300  012000-012500   00      69.01  935.2     68.13     2.86    -9999
CALMA      240511 300  012500-013000   00      66.88  935.2     66.04    -0.30    -9999
CALMA      240511 300  013000-013500   00      67.17  935.2     66.32     0.12    -9999
CALMA      240511 300  013500-014000   00      66.52  935.1     65.66    -0.87    -9999
CALMA      240511 300  014000-014500   00      68.96  935.1     68.04     2.72    -9999
CALMA      240511 300  014500-015000   00      66.78  935.0     65.87    -0.55    -9999
CALMA      240511 300  015000-015500   00      68.33  935.0     67.40     1.76    -9999
CALMA      240511 300  015500-020000   00      69.28  935.0     68.35     3.19    -9999
CALMA      240511 300  020000-020500   00      68.63  935.1     67.72     2.24    -9999
CALMA      240511 300  020500-021000   00      67.81  935.1     66.90     1.00    -9999
CALMA      240511 300  021000-021500   00      66.71  935.1     65.81    -0.64    -9999
CALMA      240511 300  021500-022000   00      68.65  935.1     67.75     2.28    -9999
CALMA      240511 300  022000-022500   00      68.45  935.1     67.56     2.00    -9999
CALMA      240511 300  022500-023000   00      66.62  935.1     65.74    -0.75    -9999
CALMA      240511 300  023000-023500   00      67.66  935.1     66.75     0.77    -9999
CALMA      240511 300  023500-024000   00      70.50  935.1     69.56     5.02    -9999
CALMA      240511 300  024000-024500   00      68.52  935.1     67.60     2.06    -9999
CALMA      240511 300  024500-025000   00      69.85  935.0     68.90     4.02    -9999
CALMA      240511 300  025000-025500   00      68.67  935.0     67.73     2.26    -9999
CALMA      240511 300  025500-030000   00      69.70  935.0     68.75     3.79    -9999
CALMA      240511 300  030000-030500   00      68.50  935.0     67.57     2.02    -9999
CALMA      240511 300  030500-031000   00      68.77  935.1     67.84     2.42    -9999
CALMA      240511 300  031000-031500   00      68.35  935.1     67.44     1.82    -9999
CALMA      240511 300  031500-032000   00      67.97  935.1     67.06     1.25    -9999
CALMA      240511 300  032000-032500   00      67.59  935.1     66.68     0.67    -9999
CALMA      240511 300  032500-033000   00      68.67  935.0     67.75     2.28    -9999
CALMA      240511 300  033000-033500   00      67.99  935.0     67.07     1.25    -9999
CALMA      240511 300  033500-034000   00      69.02  935.0     68.06     2.75    -9999
CALMA      240511 300  034000-034500   00      68.91  935.0     67.95     2.59    -9999
CALMA      240511 300  034500-035000   00      67.32  935.0     66.37     0.21    -9999
CALMA      240511 300  035000-035500   00      68.52  935.0     67.58     2.02    -9999
CALMA      240511 300  035500-040000   00      68.12  935.0     67.19     1.44    -9999
CALMA      240511 300  040000-040500   00      69.40  935.0     68.44     3.33    -9999
CALMA      240511 300  040500-041000   00      66.83  935.1     65.95    -0.44    -9999
CALMA      240511 300  041000-041500   00      68.30  935.1     67.41     1.77    -9999
CALMA      240511 300  041500-042000   00      67.29  935.1     66.39     0.24    -9999
CALMA      240511 300  042000-042500   00      66.86  935.1     65.96    -0.42    -9999
CALMA      240511 300  042500-043000   00      64.79  935.1     63.92    -3.50    -9999
CALMA      240511 300  043000-043500   00      69.20  935.1     68.30     3.12    -9999
CALMA      240511 300  043500-044000   00      70.83  935.1     69.89     5.52    -9999
CALMA      240511 300  044000-044500   00      68.70  935.2     67.82     2.39    -9999
CALMA      240511 300  044500-045000   00      66.82  935.2     65.98    -0.39    -9999
CALMA      240511 300  045000-045500   00      68.28  935.2     67.43     1.81    -9999
CALMA      240511 300  045500-050000   00      69.07  935.3     68.25     3.03    -9999
CALMA      240511 300  050000-050500   00      69.36  935.3     68.55     3.49    -9999
CALMA      240511 300  050500-051000   00      67.38  935.4     66.61     0.57    -9999
CALMA      240511 300  051000-051500   00      69.63  935.4     68.85     3.94    -9999
CALMA      240511 300  051500-052000   00      68.95  935.4     68.19     2.95    -9999
CALMA      240511 300  052000-052500   00      67.83  935.5     67.11     1.32    -9999
CALMA      240511 300  052500-053000   00      68.33  935.5     67.61     2.08    -9999
CALMA      240511 300  053000-053500   00      66.13  935.6     65.47    -1.15    -9999
CALMA      240511 300  053500-054000   00      67.86  935.6     67.21     1.47    -9999
CALMA      240511 300  054000-054500   00      68.21  935.7     67.59     2.05    -9999
CALMA      240511 300  054500-055000   00      67.56  935.7     66.95     1.08    -9999
CALMA      240511 300  055000-055500   00      66.33  935.7     65.74    -0.75    -9999
CALMA      240511 300  055500-060000   00      66.81  935.7     66.21    -0.05    -9999
CALMA      240511 300  060000-060500   00      66.67  935.7     66.08    -0.24    -9999
CALMA      240511 300  060500-061000   00      68.23  935.8     67.63     2.11    -9999
CALMA      240511 300  061000-061500   00      67.86  935.8     67.26     1.55    -9999
CALMA      240511 300  061500-062000   00      67.56  935.7     66.96     1.09    -9999
CALMA      240511 300  062000-062500   00      66.73  935.8     66.16    -0.12    -9999
CALMA      240511 300  062500-063000   00      66.77  935.8     66.19    -0.07    -9999
CALMA      240511 300  063000-063500   00      66.99  935.8     66.43     0.29    -9999
CALMA      240511 300  063500-064000   00      68.50  935.7     67.90     2.51    -9999
CALMA      240511 300  064000-064500   00      66.42  935.7     65.82    -0.63    -9999
CALMA      240511 300  064500-065000   00      66.14  935.8     65.56    -1.02    -9999
CALMA      240511 300  065000-065500   00      69.06  935.8     68.46     3.36    -9999
CALMA      240511 300  065500-070000   00      66.11  935.8     65.53    -1.06    -9999
CALMA      240511 300  070000-070500   00      69.14  935.7     68.51     3.43    -9999
CALMA      240511 300  070500-071000   00      68.38  935.7     67.76     2.30    -9999
CALMA      240511 300  071000-071500   00      68.45  935.7     67.83     2.41    -9999
CALMA      240511 300  071500-072000   00      64.96  935.7     64.39    -2.79    -9999
CALMA      240511 300  072000-072500   00      67.92  935.9     67.40     1.75    -9999
CALMA      240511 300  072500-073000   00      67.65  936.1     67.20     1.45    -9999
CALMA      240511 300  073000-073500   00      66.37  936.1     65.93    -0.46    -9999
CALMA      240511 300  073500-074000   00      66.36  936.1     65.93    -0.46    -9999
CALMA      240511 300  074000-074500   00      69.23  936.2     68.81     3.89    -9999
CALMA      240511 300  074500-075000   00      66.71  936.1     66.30     0.09    -9999
CALMA      240511 300  075000-075500   00      66.12  936.1     65.70    -0.81    -9999
CALMA      240511 300  075500-080000   00      69.24  936.1     68.81     3.89    -9999
CALMA      240511 300  080000-080500   00      67.06  936.1     66.64     0.61    -9999
CALMA      240511 300  080500-081000   00      67.89  936.1     67.44     1.82    -9999
CALMA      240511 300  081000-081500   00      66.45  936.0     65.99    -0.37    -9999
CALMA      240511 300  081500-082000   00      65.51  936.0     65.04    -1.81    -9999
CALMA      240511 300  082000-082500   00      67.56  936.0     67.06     1.24    -9999
CALMA      240511 300  082500-083000   00      66.71  935.9     66.19    -0.07    -9999
CALMA      240511 300  083000-083500   00      67.69  935.9     67.15     1.38    -9999
CALMA      240511 300  083500-084000   00      65.55  935.9     65.02    -1.84    -9999
CALMA      240511 300  084000-084500   00      66.61  935.8     66.05    -0.28    -9999
CALMA      240511 300  084500-085000   00      66.86  935.8     66.31     0.11    -9999
CALMA      240511 300  085000-085500   00      70.07  935.8     69.48     4.90    -9999
CALMA      240511 300  085500-090000   00      67.75  935.8     67.17     1.41    -9999
CALMA      240511 300  090000-090500   00      67.69  935.8     67.11     1.32    -9999
CALMA      240511 300  090500-091000   00      66.70  935.8     66.13    -0.16    -9999
CALMA      240511 300  091000-091500   00      66.11  935.8     65.53    -1.06    -9999
CALMA      240511 300  091500-092000   00      67.91  935.7     67.30     1.60    -9999
CALMA      240511 300  092000-092500   00      67.16  935.7     66.57     0.50    -9999
CALMA      240511 300  092500-093000   00      69.12  935.7     68.49     3.41    -9999
CALMA      240511 300  093000-093500   00      68.09  935.7     67.44     1.82    -9999
CALMA      240511 300  093500-094000   00      69.21  935.7     68.57     3.52    -9999
CALMA      240511 300  094000-094500   00      66.39  935.7     65.80    -0.66    -9999
CALMA      240511 300  094500-095000   00      66.77  935.7     66.17    -0.10    -9999
CALMA      240511 300  095000-095500   00      68.06  935.7     67.44     1.82    -9999
CALMA      240511 300  095500-100000   00      69.47  935.7     68.84     3.93    -9999
CALMA      240511 300  100000-100500   00      68.72  935.6     68.06     2.76    -9999
CALMA      240511 300  100500-101000   00      67.71  935.6     67.06     1.24    -9999
CALMA      240511 300  101000-101500   00      69.09  935.6     68.43     3.31    -9999
CALMA      240511 300  101500-102000   00      68.18  935.6     67.50     1.91    -9999
CALMA      240511 300  102000-102500   00      68.23  935.6     67.54     1.97    -9999
CALMA      240511 300  102500-103000   00      68.51  935.5     67.81     2.37    -9999
CALMA      240511 300  103000-103500   00      67.80  935.5     67.09     1.29    -9999
CALMA      240511 300  103500-104000   00      67.85  935.5     67.12     1.34    -9999
CALMA      240511 300  104000-104500   00      67.61  935.5     66.88     0.97    -9999
CALMA      240511 300  104500-105000   00      67.05  935.4     66.31     0.11    -9999
CALMA      240511 300  105000-105500   00      68.63  935.4     67.86     2.45    -9999
CALMA      240511 300  105500-110000   00      67.05  935.4     66.29     0.08    -9999
CALMA      240511 300  110000-110500   00      70.46  935.3     69.65     5.15    -9999
CALMA      240511 300  110500-111000   00      66.28  935.3     65.51    -1.10    -9999
CALMA      240511 300  111000-111500   00      68.40  935.3     67.57     2.02    -9999
CALMA      240511 300  111500-112000   00      67.11  935.2     66.27     0.05    -9999
CALMA      240511 300  112000-112500   00      68.24  935.2     67.37     1.71    -9999
CALMA      240511 300  112500-113000   00      67.15  935.1     66.28     0.06    -9999
CALMA      240511 300  113000-113500   00      68.32  935.1     67.41     1.77    -9999
CALMA      240511 300  113500-114000   00      67.21  935.0     66.30     0.09    -9999
CALMA      240511 300  114000-114500   00      68.69  935.0     67.75     2.28    -9999
CALMA      240511 300  114500-115000   00      67.49  935.0     66.56     0.48    -9999
CALMA      240511 300  115000-115500   00      69.01  935.0     68.04     2.72    -9999
CALMA      240511 300  115500-120000   00      67.03  934.9     66.07    -0.25    -9999
CALMA      240511 300  120000-120500   00      69.79  934.9     68.78     3.84    -9999
CALMA      240511 300  120500-121000   00      67.00  934.8     65.99    -0.37    -9999
CALMA      240511 300  121000-121500   00      68.37  934.8     67.35     1.68    -9999
CALMA      240511 300  121500-122000   00      69.87  934.8     68.82     3.90    -9999
CALMA      240511 300  122000-122500   00      68.64  934.8     67.61     2.07    -9999
CALMA      240511 300  122500-123000   00      68.45  934.8     67.41     1.77    -9999
CALMA      240511 300  123000-123500   00      67.95  934.8     66.91     1.02    -9999
CALMA      240511 300  123500-124000   00      69.40  934.8     68.33     3.16    -9999
CALMA      240511 300  124000-124500   00      67.48  934.7     66.41     0.26    -9999
CALMA      240511 300  124500-125000   00      67.76  934.6     66.67     0.65    -9999
CALMA      240511 300  125000-125500   00      69.22  934.6     68.08     2.79    -9999
CALMA      240511 300  125500-130000   00      67.16  934.5     66.03    -0.32    -9999
CALMA      240511 300  130000-130500   00      68.92  934.5     67.74     2.26    -9999
CALMA      240511 300  130500-131000   00      69.98  934.5     68.75     3.80    -9999
CALMA      240511 300  131000-131500   00      67.49  934.4     66.29     0.08    -9999
CALMA      240511 300  131500-132000   00      68.66  934.4     67.44     1.82    -9999
CALMA      240511 300  132000-132500   00      67.41  934.4     66.21    -0.05    -9999
CALMA      240511 300  132500-133000   00      69.13  934.3     67.86     2.45    -9999
CALMA      240511 300  133000-133500   00      67.67  934.3     66.44     0.30    -9999
CALMA      240511 300  133500-134000   00      69.37  934.3     68.07     2.77    -9999
CALMA      240511 300  134000-134500   00      68.14  934.2     66.82     0.88    -9999
CALMA      240511 300  134500-135000   00      68.44  934.1     67.09     1.29    -9999
CALMA      240511 300  135000-135500   00      68.52  934.0     67.14     1.36    -9999
CALMA      240511 300  135500-140000   00      70.05  934.0     68.63     3.61    -9999
CALMA      240511 300  140000-140500   00      67.81  934.0     66.41     0.27    -9999
CALMA      240511 300  140500-141000   00      69.86  933.9     68.38     3.24    -9999
CALMA      240511 300  141000-141500   00      68.58  933.8     67.10     1.30    -9999
CALMA      240511 300  141500-142000   00      70.76  933.8     69.21     4.49    -9999
CALMA      240511 300  142000-142500   00      66.61  933.7     65.12    -1.69    -9999
CALMA      240511 300  142500-143000   00      68.42  933.7     66.89     0.99    -9999
CALMA      240511 300  143000-143500   00      69.03  933.7     67.48     1.87    -9999
CALMA      240511 300  143500-144000   00      68.70  933.7     67.14     1.37    -9999
CALMA      240511 300  144000-144500   00      68.05  933.7     66.51     0.41    -9999
CALMA      240511 300  144500-145000   00      68.89  933.6     67.29     1.59    -9999
CALMA      240511 300  145000-145500   00      70.09  933.5     68.41     3.29    -9999
CALMA      240511 300  145500-150000   00      71.12  933.4     69.39     4.76    -9999
CALMA      240511 300  150000-150500   00      70.27  933.4     68.56     3.50    -9999
CALMA      240511 300  150500-151000   00      66.42  933.4     64.79    -2.19    -9999
CALMA      240511 300  151000-151500   00      66.87  933.3     65.21    -1.55    -9999
CALMA      240511 300  151500-152000   00      69.23  933.3     67.51     1.92    -9999
CALMA      240511 300  152000-152500   00      68.01  933.3     66.29     0.08    -9999
CALMA      240511 300  152500-153000   00      69.79  933.2     68.01     2.68    -9999
CALMA      240511 300  153000-153500   00      68.40  933.2     66.67     0.65    -9999
CALMA      240511 300  153500-154000   00      68.56  933.3     66.83     0.90    -9999
CALMA      240511 300  154000-154500   00      70.13  933.2     68.35     3.19    -9999
CALMA      240511 300  154500-155000   00      68.89  933.2     67.12     1.33    -9999
CALMA      240511 300  155000-155500   00      67.29  933.1     65.54    -1.06    -9999
CALMA      240511 300  155500-160000   00      69.42  933.1     67.59     2.05    -9999
CALMA      240511 300  160000-160500   00      69.85  933.1     68.01     2.67    -9999
CALMA      240511 300  160500-161000   00      70.18  933.0     68.31     3.13    -9999
CALMA      240511 300  161000-161500   00      70.83  933.0     68.94     4.08    -9999
CALMA      240511 300  161500-162000   00      71.41  933.0     69.51     4.94    -9999
CALMA      240511 300  162000-162500   00      69.76  933.0     67.91     2.52    -9999
CALMA      240511 300  162500-163000   00      70.49  933.0     68.61     3.58    -9999
CALMA      240511 300  163000-163500   00      70.24  933.0     68.35     3.19    -9999
CALMA      240511 300  163500-164000   00      69.86  933.0     67.99     2.65    -9999
CALMA      240511 300  164000-164500   00      69.33  933.0     67.48     1.88    -9999
CALMA      240511 300  164500-165000   00      68.68  933.1     66.86     0.94    -9999
CALMA      240511 300  165000-165500   00      70.33  933.1     68.47     3.38    -9999
CALMA      240511 300  165500-170000   00      68.40  933.1     66.59     0.53    -9999
CALMA      240511 3600 170000-180000   00      69.52  933.2     67.72     2.25    -9999
CALMA      240511 3600 180000-190000   00      68.34  933.5     66.74     0.76    -9999
CALMA      240511 3600 190000-200000   00      68.21  933.9     66.78     0.82    -9999
CALMA      240511 3600 200000-210000   00      67.20  934.7     66.14    -0.15    -9999
CALMA      240511 3600 210000-220000   00      67.64  935.0     66.70     0.70    -9999
CALMA      240511 3600 220000-230000   00      67.30  935.2     66.47     0.35    -9999
CALMA      240511 3600 230000-240000   00      66.68  935.3     65.88    -0.54    -9999
CALMA      240512 3600 000000-010000   00      67.47  935.1     66.60     0.54    -9999
CALMA      240512 3600 010000-020000   00      67.03  935.1     66.15    -0.14    -9999
CALMA      240512 3600 020000-030000   00      67.24  935.2     66.40     0.24    -9999
CALMA      240512 3600 030000-040000   00      67.75  935.2     66.89     0.98    -9999
CALMA      240512 3600 040000-050000   00      68.40  935.2     67.56     1.99    -9999
CALMA      240512 3600 050000-060000   00      68.25  935.5     67.52     1.92    -9999
CALMA      240512 3600 060000-070000   00      68.53  935.6     67.87     2.46    -9999
CALMA      240512 3600 070000-080000   00      68.21  936.0     67.72     2.23    -9999
CALMA      240512 3600 080000-090000   00      68.51  936.0     68.02     2.68    -9999
CALMA      240512 3600 090000-100000   00      67.78  936.0     67.32     1.63    -9999
CALMA      240512 3600 100000-110000   00      68.55  935.9     68.03     2.71    -9999
CALMA      240512 3600 110000-120000   00      68.12  935.5     67.39     1.73    -9999
CALMA      240512 3600 120000-130000   00      68.60  935.0     67.64     2.11    -9999
CALMA      240512 3600 130000-140000   00      68.27  934.5     67.09     1.28    -9999
CALMA      240512 3600 140000-150000   00      68.83  933.9     67.38     1.73    -9999
CALMA      240512 3600 150000-160000   00      69.02  933.5     67.37     1.70    -9999
CALMA      240512 3600 160000-170000   00      68.63  933.2     66.88     0.96    -9999
CALMA      240512 3600 170000-180000   00      69.00  933.0     67.17     1.40    -9999
CALMA      240512 3600 180000-190000   00      69.57  933.0     67.71     2.21    -9999
CALMA      240512 3600 190000-200000   00      69.11  933.2     67.34     1.66    -9999
CALMA      240512 3600 200000-210000   00      68.70  933.7     67.19     1.44    -9999
CALMA      240512 3600 210000-220000   00      68.68  934.1     67.32     1.63    -9999
CALMA      240512 3600 220000-230000   00      68.34  934.0     66.95     1.07    -9999
CALMA      240512 3600 230000-240000   00      69.44  933.8     67.94     2.57    -9999
*
COMMENT NM DATA DOWNLOADED FROM NMDB ON 14.5.2024
COMMENT DETRENDING CANNOT BE ROBUSTLY DONE
COMMENT UNIVERISTY OF OULU: FILE GENERATED FROM DATABASE AND OBTAINED FROM
COMMENT https://gle.oulu.fi at 2025-01-03 09:23:40 +00:00
COMMENT FOR HISTORICAL/ORIGINAL TEXT FILES SEE https://gle.oulu.fi/txtarchive/
COMMENT ORIGINAL AT https://gle.oulu.fi/txtarchive/GLE74/C074CALM.DAT
COMMENT DETRENDED DATA SHOW -9999 IF EQUAL TO INC% COLUMN 