DOMC       LATITUDE    75.1      LONGITUDE     -123.38   ALTITUDE    3233 M
DOMC       INSTRUMENT   MINI NEUTRON MONITOR	
DOMC       STANDARD PRESSURE    650     MB     COEFFICIENT   -0.754    % / MB
DOMC       PRE-INCREASE BASELINE TIME INTERVAL    240510    230000-010000   UT
DOMC       PRE-INCREASE AVERAGE COUNTING RATE     14.51      COUNTS PER SECOND
DOMC       TIME INTERVALS    300         3600     
DOMC       SCALE FACTORS     1           1        
STATION    YYMMDD  SEC   TIME (UT)   CODE    UNCORR. PRESS.    CORR.    % INC.	DETRENDED
                         INTERVAL    TD      C/S     (MB)      C/S
DOMC       240510 3600 000000-010000   00      18.38  642.2     16.75    15.43    -9999
DOMC       240510 3600 010000-020000   00      18.45  642.6     16.85    16.12    -9999
DOMC       240510 3600 020000-030000   00      18.55  642.6     16.95    16.81    -9999
DOMC       240510 3600 030000-040000   00      18.42  642.9     16.85    16.12    -9999
DOMC       240510 3600 040000-050000   00      18.45  643.0     16.90    16.47    -9999
DOMC       240510 3600 050000-060000   00      18.47  643.0     16.92    16.58    -9999
DOMC       240510 3600 060000-070000   00      18.33  643.0     16.80    15.78    -9999
DOMC       240510 3600 070000-080000   00      18.48  642.9     16.92    16.58    -9999
DOMC       240510 3600 080000-090000   00      18.38  642.9     16.83    16.01    -9999
DOMC       240510 3600 090000-100000   00      18.38  643.2     16.87    16.24    -9999
DOMC       240510 3600 100000-110000   00      18.35  643.1     16.82    15.89    -9999
DOMC       240510 3600 110000-120000   00      18.45  642.9     16.90    16.47    -9999
DOMC       240510 3600 120000-130000   00      18.42  643.0     16.87    16.24    -9999
DOMC       240510 3600 130000-140000   00      18.50  642.8     16.92    16.58    -9999
DOMC       240510 3600 140000-150000   00      18.57  642.7     16.98    17.04    -9999
DOMC       240510 3600 150000-160000   00      18.68  642.7     17.08    17.73    -9999
DOMC       240510 3600 160000-170000   00      18.57  642.7     16.97    16.93    -9999
DOMC       240510 3600 170000-180000   00      18.62  642.8     17.03    17.39    -9999
DOMC       240510 3600 180000-190000   00      17.90  643.0     16.40    13.02    -9999
DOMC       240510 3600 190000-200000   00      17.62  642.8     16.12    11.07    -9999
DOMC       240510 3600 200000-210000   00      17.65  642.6     16.13    11.18    -9999
DOMC       240510 300  210000-210500   00      17.28  642.6     15.78     8.77    -9999
DOMC       240510 300  210500-211000   00      17.05  642.6     15.57     7.28    -9999
DOMC       240510 300  211000-211500   00      16.92  642.6     15.45     6.48    -9999
DOMC       240510 300  211500-212000   00      16.97  642.6     15.50     6.82    -9999
DOMC       240510 300  212000-212500   00      16.82  642.6     15.37     5.90    -9999
DOMC       240510 300  212500-213000   00      16.40  642.6     14.98     3.26    -9999
DOMC       240510 300  213000-213500   00      16.17  642.7     14.78     1.88    -9999
DOMC       240510 300  213500-214000   00      16.52  642.7     15.10     4.06    -9999
DOMC       240510 300  214000-214500   00      16.53  642.7     15.12     4.18    -9999
DOMC       240510 300  214500-215000   00      16.83  642.7     15.38     6.02    -9999
DOMC       240510 300  215000-215500   00      16.97  642.7     15.50     6.82    -9999
DOMC       240510 300  215500-220000   00      17.03  642.6     15.57     7.28    -9999
DOMC       240510 300  220000-220500   00      16.45  642.7     15.03     3.60    -9999
DOMC       240510 300  220500-221000   00      16.83  642.6     15.38     6.02    -9999
DOMC       240510 300  221000-221500   00      16.88  642.7     15.43     6.36    -9999
DOMC       240510 300  221500-222000   00      16.52  642.7     15.10     4.06    -9999
DOMC       240510 300  222000-222500   00      16.32  642.7     14.90     2.68    -9999
DOMC       240510 300  222500-223000   00      16.28  642.7     14.88     2.57    -9999
DOMC       240510 300  223000-223500   00      16.22  642.7     14.82     2.11    -9999
DOMC       240510 300  223500-224000   00      15.87  642.7     14.50    -0.07    -9999
DOMC       240510 300  224000-224500   00      16.12  642.7     14.73     1.54    -9999
DOMC       240510 300  224500-225000   00      16.45  642.7     15.03     3.60    -9999
DOMC       240510 300  225000-225500   00      16.28  642.7     14.88     2.57    -9999
DOMC       240510 300  225500-230000   00      16.37  642.7     14.97     3.14    -9999
DOMC       240510 300  230000-230500   00      16.13  642.7     14.75     1.65    -9999
DOMC       240510 300  230500-231000   00      15.82  642.6     14.47    -0.30    -9999
DOMC       240510 300  231000-231500   00      15.68  642.6     14.33    -1.22    -9999
DOMC       240510 300  231500-232000   00      16.40  642.6     14.98     3.26    -9999
DOMC       240510 300  232000-232500   00      15.93  642.6     14.55     0.27    -9999
DOMC       240510 300  232500-233000   00      15.98  642.6     14.60     0.62    -9999
DOMC       240510 300  233000-233500   00      15.32  642.5     13.98    -3.63    -9999
DOMC       240510 300  233500-234000   00      15.67  642.5     14.30    -1.45    -9999
DOMC       240510 300  234000-234500   00      16.40  642.5     14.97     3.14    -9999
DOMC       240510 300  234500-235000   00      16.15  642.4     14.73     1.54    -9999
DOMC       240510 300  235000-235500   00      15.40  642.4     14.05    -3.17    -9999
DOMC       240510 300  235500-240000   00      15.95  642.4     14.53     0.16    -9999
DOMC       240511 300  000000-000500   00      15.53  642.4     14.17    -2.37    -9999
DOMC       240511 300  000500-001000   00      15.75  642.5     14.37    -0.99    -9999
DOMC       240511 300  001000-001500   00      16.45  642.5     15.02     3.49    -9999
DOMC       240511 300  001500-002000   00      15.27  642.4     13.93    -3.98    -9999
DOMC       240511 300  002000-002500   00      16.15  642.4     14.73     1.54    -9999
DOMC       240511 300  002500-003000   00      15.72  642.4     14.33    -1.22    -9999
DOMC       240511 300  003000-003500   00      16.25  642.4     14.82     2.11    -9999
DOMC       240511 300  003500-004000   00      15.55  642.4     14.18    -2.25    -9999
DOMC       240511 300  004000-004500   00      16.05  642.5     14.65     0.96    -9999
DOMC       240511 300  004500-005000   00      16.20  642.6     14.80     2.00    -9999
DOMC       240511 300  005000-005500   00      16.02  642.6     14.63     0.85    -9999
DOMC       240511 300  005500-010000   00      15.72  642.7     14.37    -0.99    -9999
DOMC       240511 300  010000-010500   00      15.60  642.6     14.25    -1.79    -1.95
DOMC       240511 300  010500-011000   00      16.12  642.6     14.72     1.42     1.19
DOMC       240511 300  011000-011500   00      16.17  642.6     14.75     1.65     1.45
DOMC       240511 300  011500-012000   00      15.82  642.5     14.45    -0.42    -0.72
DOMC       240511 300  012000-012500   00      16.35  642.5     14.92     2.80     2.54
DOMC       240511 300  012500-013000   00      15.87  642.5     14.48    -0.19    -0.45
DOMC       240511 300  013000-013500   00      16.02  642.5     14.62     0.73     0.40
DOMC       240511 300  013500-014000   00      15.85  642.5     14.47    -0.30    -0.66
DOMC       240511 300  014000-014500   00      16.05  642.5     14.67     1.08     0.66
DOMC       240511 300  014500-015000   00      15.77  642.6     14.40    -0.76    -1.16
DOMC       240511 300  015000-015500   00      16.37  642.6     14.95     3.03     2.61
DOMC       240511 300  015500-020000   00      16.52  642.6     15.08     3.95     3.52
DOMC       240511 300  020000-020500   00      16.03  642.6     14.65     0.96     0.53
DOMC       240511 300  020500-021000   00      16.75  642.6     15.30     5.44     5.00
DOMC       240511 300  021000-021500   00      16.83  642.6     15.37     5.90     5.48
DOMC       240511 300  021500-022000   00      16.63  642.5     15.18     4.64     4.16
DOMC       240511 300  022000-022500   00      16.92  642.5     15.45     6.48     5.96
DOMC       240511 300  022500-023000   00      16.77  642.5     15.30     5.44     4.95
DOMC       240511 300  023000-023500   00      17.02  642.5     15.53     7.05     6.53
DOMC       240511 300  023500-024000   00      16.63  642.5     15.17     4.52     4.02
DOMC       240511 300  024000-024500   00      16.95  642.5     15.47     6.59     6.05
DOMC       240511 300  024500-025000   00      16.47  642.5     15.03     3.60     3.01
DOMC       240511 300  025000-025500   00      17.02  642.5     15.53     7.05     6.48
DOMC       240511 300  025500-030000   00      16.37  642.6     14.93     2.91     2.34
DOMC       240511 300  030000-030500   00      17.00  642.6     15.52     6.93     6.35
DOMC       240511 300  030500-031000   00      16.22  642.6     14.82     2.11     1.47
DOMC       240511 300  031000-031500   00      16.97  642.6     15.48     6.70     6.08
DOMC       240511 300  031500-032000   00      16.85  642.6     15.38     6.02     5.34
DOMC       240511 300  032000-032500   00      16.20  642.6     14.80     2.00     1.28
DOMC       240511 300  032500-033000   00      16.47  642.6     15.05     3.72     2.99
DOMC       240511 300  033000-033500   00      17.42  642.6     15.92     9.69     8.92
DOMC       240511 300  033500-034000   00      17.60  642.6     16.08    10.84    10.04
DOMC       240511 300  034000-034500   00      17.10  642.6     15.62     7.62     6.84
DOMC       240511 300  034500-035000   00      16.60  642.5     15.15     4.41     3.63
DOMC       240511 300  035000-035500   00      16.45  642.5     15.02     3.49     2.65
DOMC       240511 300  035500-040000   00      16.87  642.5     15.40     6.13     5.31
DOMC       240511 300  040000-040500   00      16.42  642.5     14.98     3.26     2.45
DOMC       240511 300  040500-041000   00      16.45  642.4     15.00     3.37     2.56
DOMC       240511 300  041000-041500   00      17.15  642.5     15.65     7.85     6.99
DOMC       240511 300  041500-042000   00      17.03  642.5     15.53     7.05     6.23
DOMC       240511 300  042000-042500   00      16.45  642.5     15.02     3.49     2.57
DOMC       240511 300  042500-043000   00      17.02  642.5     15.53     7.05     6.13
DOMC       240511 300  043000-043500   00      17.00  642.5     15.52     6.93     6.00
DOMC       240511 300  043500-044000   00      16.68  642.5     15.23     4.98     4.05
DOMC       240511 300  044000-044500   00      16.97  642.6     15.50     6.82     5.84
DOMC       240511 300  044500-045000   00      16.23  642.6     14.83     2.23     1.27
DOMC       240511 300  045000-045500   00      16.45  642.6     15.03     3.60     2.61
DOMC       240511 300  045500-050000   00      17.22  642.6     15.73     8.43     7.38
DOMC       240511 300  050000-050500   00      16.78  642.5     15.32     5.56     4.55
DOMC       240511 300  050500-051000   00      17.23  642.5     15.73     8.43     7.43
DOMC       240511 300  051000-051500   00      17.08  642.5     15.60     7.51     6.43
DOMC       240511 300  051500-052000   00      16.90  642.5     15.43     6.36     5.26
DOMC       240511 300  052000-052500   00      16.93  642.5     15.45     6.48     5.40
DOMC       240511 300  052500-053000   00      16.08  642.4     14.68     1.19     0.06
DOMC       240511 300  053000-053500   00      16.85  642.4     15.37     5.90     4.85
DOMC       240511 300  053500-054000   00      16.80  642.4     15.32     5.56     4.49
DOMC       240511 300  054000-054500   00      16.88  642.4     15.40     6.13     5.01
DOMC       240511 300  054500-055000   00      16.73  642.5     15.28     5.33     4.15
DOMC       240511 300  055000-055500   00      17.03  642.5     15.55     7.16     6.03
DOMC       240511 300  055500-060000   00      16.58  642.5     15.13     4.29     3.15
DOMC       240511 300  060000-060500   00      16.87  642.5     15.38     6.02     4.90
DOMC       240511 300  060500-061000   00      16.72  642.5     15.27     5.21     4.00
DOMC       240511 300  061000-061500   00      16.45  642.4     15.02     3.49     2.29
DOMC       240511 300  061500-062000   00      16.83  642.4     15.35     5.79     4.63
DOMC       240511 300  062000-062500   00      17.55  642.4     16.00    10.27     9.08
DOMC       240511 300  062500-063000   00      16.73  642.4     15.27     5.21     3.96
DOMC       240511 300  063000-063500   00      16.58  642.5     15.13     4.29     3.07
DOMC       240511 300  063500-064000   00      16.88  642.5     15.42     6.25     4.94
DOMC       240511 300  064000-064500   00      17.02  642.5     15.52     6.93     5.72
DOMC       240511 300  064500-065000   00      16.73  642.5     15.27     5.21     3.97
DOMC       240511 300  065000-065500   00      16.58  642.4     15.13     4.29     2.98
DOMC       240511 300  065500-070000   00      16.62  642.4     15.15     4.41     3.15
DOMC       240511 300  070000-070500   00      17.15  642.4     15.63     7.74     6.46
DOMC       240511 300  070500-071000   00      16.48  642.4     15.03     3.60     2.32
DOMC       240511 300  071000-071500   00      16.60  642.4     15.13     4.29     3.02
DOMC       240511 300  071500-072000   00      16.63  642.4     15.17     4.52     3.22
DOMC       240511 300  072000-072500   00      16.53  642.4     15.08     3.95     2.57
DOMC       240511 300  072500-073000   00      16.72  642.4     15.25     5.10     3.73
DOMC       240511 300  073000-073500   00      16.98  642.4     15.48     6.70     5.30
DOMC       240511 300  073500-074000   00      16.60  642.4     15.13     4.29     2.94
DOMC       240511 300  074000-074500   00      16.80  642.4     15.33     5.67     4.22
DOMC       240511 300  074500-075000   00      16.38  642.4     14.95     3.03     1.61
DOMC       240511 300  075000-075500   00      17.10  642.4     15.60     7.51     6.07
DOMC       240511 300  075500-080000   00      16.55  642.5     15.10     4.06     2.65
DOMC       240511 300  080000-080500   00      16.45  642.6     15.02     3.49     2.07
DOMC       240511 300  080500-081000   00      16.30  642.5     14.88     2.57     1.11
DOMC       240511 300  081000-081500   00      16.73  642.5     15.28     5.33     3.83
DOMC       240511 300  081500-082000   00      17.08  642.5     15.60     7.51     6.04
DOMC       240511 300  082000-082500   00      16.82  642.5     15.35     5.79     4.27
DOMC       240511 300  082500-083000   00      16.65  642.5     15.20     4.75     3.27
DOMC       240511 300  083000-083500   00      16.40  642.5     14.97     3.14     1.67
DOMC       240511 300  083500-084000   00      16.57  642.4     15.12     4.18     2.64
DOMC       240511 300  084000-084500   00      16.80  642.4     15.33     5.67     4.15
DOMC       240511 300  084500-085000   00      16.38  642.5     14.95     3.03     1.50
DOMC       240511 300  085000-085500   00      16.62  642.5     15.17     4.52     2.94
DOMC       240511 300  085500-090000   00      16.67  642.5     15.20     4.75     3.25
DOMC       240511 300  090000-090500   00      16.38  642.4     14.95     3.03     1.44
DOMC       240511 300  090500-091000   00      16.42  642.4     14.97     3.14     1.59
DOMC       240511 300  091000-091500   00      16.32  642.4     14.88     2.57     0.97
DOMC       240511 300  091500-092000   00      16.33  642.4     14.90     2.68     1.11
DOMC       240511 300  092000-092500   00      16.02  642.4     14.60     0.62    -0.94
DOMC       240511 300  092500-093000   00      16.70  642.4     15.23     4.98     3.37
DOMC       240511 300  093000-093500   00      16.48  642.4     15.03     3.60     1.98
DOMC       240511 300  093500-094000   00      16.32  642.4     14.87     2.46     0.91
DOMC       240511 300  094000-094500   00      16.62  642.4     15.15     4.41     2.78
DOMC       240511 300  094500-095000   00      16.58  642.4     15.12     4.18     2.58
DOMC       240511 300  095000-095500   00      16.87  642.4     15.38     6.02     4.34
DOMC       240511 300  095500-100000   00      16.08  642.4     14.67     1.08    -0.55
DOMC       240511 300  100000-100500   00      16.23  642.5     14.82     2.11     0.45
DOMC       240511 300  100500-101000   00      15.75  642.5     14.38    -0.88    -2.51
DOMC       240511 300  101000-101500   00      16.42  642.5     14.98     3.26     1.64
DOMC       240511 300  101500-102000   00      16.68  642.5     15.23     4.98     3.29
DOMC       240511 300  102000-102500   00      16.43  642.6     15.02     3.49     1.80
DOMC       240511 300  102500-103000   00      16.15  642.6     14.75     1.65     0.02
DOMC       240511 300  103000-103500   00      15.92  642.6     14.53     0.16    -1.52
DOMC       240511 300  103500-104000   00      16.68  642.6     15.25     5.10     3.40
DOMC       240511 300  104000-104500   00      16.65  642.6     15.22     4.87     3.18
DOMC       240511 300  104500-105000   00      16.20  642.6     14.80     2.00     0.35
DOMC       240511 300  105000-105500   00      16.87  642.6     15.42     6.25     4.53
DOMC       240511 300  105500-110000   00      16.15  642.6     14.75     1.65    -0.05
DOMC       240511 300  110000-110500   00      16.23  642.6     14.83     2.23     0.52
DOMC       240511 300  110500-111000   00      16.15  642.6     14.77     1.77    -0.01
DOMC       240511 300  111000-111500   00      16.93  642.6     15.47     6.59     4.90
DOMC       240511 300  111500-112000   00      16.80  642.7     15.37     5.90     4.13
DOMC       240511 300  112000-112500   00      16.27  642.7     14.87     2.46     0.69
DOMC       240511 300  112500-113000   00      16.63  642.7     15.22     4.87     3.09
DOMC       240511 300  113000-113500   00      16.37  642.7     14.97     3.14     1.37
DOMC       240511 300  113500-114000   00      16.90  642.7     15.45     6.48     4.76
DOMC       240511 300  114000-114500   00      16.63  642.8     15.22     4.87     3.11
DOMC       240511 300  114500-115000   00      16.78  642.8     15.35     5.79     4.00
DOMC       240511 300  115000-115500   00      16.58  642.8     15.17     4.52     2.78
DOMC       240511 300  115500-120000   00      16.63  642.9     15.22     4.87     3.15
DOMC       240511 300  120000-120500   00      16.45  642.9     15.07     3.83     2.03
DOMC       240511 300  120500-121000   00      16.10  642.9     14.73     1.54    -0.24
DOMC       240511 300  121000-121500   00      16.72  642.9     15.30     5.44     3.70
DOMC       240511 300  121500-122000   00      16.33  642.9     14.95     3.03     1.21
DOMC       240511 300  122000-122500   00      16.20  642.8     14.82     2.11     0.35
DOMC       240511 300  122500-123000   00      16.12  642.8     14.75     1.65    -0.14
DOMC       240511 300  123000-123500   00      16.20  642.8     14.82     2.11     0.28
DOMC       240511 300  123500-124000   00      15.97  642.8     14.60     0.62    -1.19
DOMC       240511 300  124000-124500   00      16.42  642.8     15.02     3.49     1.70
DOMC       240511 300  124500-125000   00      15.72  642.8     14.37    -0.99    -2.75
DOMC       240511 300  125000-125500   00      16.10  642.8     14.73     1.54    -0.30
DOMC       240511 300  125500-130000   00      15.80  642.8     14.47    -0.30    -2.15
DOMC       240511 300  130000-130500   00      16.23  642.8     14.85     2.34     0.50
DOMC       240511 300  130500-131000   00      15.88  642.8     14.53     0.16    -1.66
DOMC       240511 300  131000-131500   00      16.20  642.8     14.82     2.11     0.32
DOMC       240511 300  131500-132000   00      15.52  642.8     14.18    -2.25    -4.07
DOMC       240511 300  132000-132500   00      16.47  642.8     15.07     3.83     2.00
DOMC       240511 300  132500-133000   00      15.57  642.9     14.25    -1.79    -3.63
DOMC       240511 300  133000-133500   00      16.15  642.9     14.78     1.88     0.06
DOMC       240511 300  133500-134000   00      16.18  642.9     14.82     2.11     0.24
DOMC       240511 300  134000-134500   00      15.63  642.9     14.30    -1.45    -3.27
DOMC       240511 300  134500-135000   00      16.05  642.8     14.68     1.19    -0.60
DOMC       240511 300  135000-135500   00      16.28  642.8     14.90     2.68     0.78
DOMC       240511 300  135500-140000   00      15.90  642.8     14.55     0.27    -1.60
DOMC       240511 300  140000-140500   00      16.20  642.8     14.82     2.11    -9999
DOMC       240511 300  140500-141000   00      16.12  642.9     14.75     1.65    -9999
DOMC       240511 300  141000-141500   00      15.82  642.9     14.48    -0.19    -9999
DOMC       240511 300  141500-142000   00      16.20  642.9     14.83     2.23    -9999
DOMC       240511 300  142000-142500   00      15.78  642.9     14.45    -0.42    -9999
DOMC       240511 300  142500-143000   00      15.90  642.9     14.57     0.39    -9999
DOMC       240511 300  143000-143500   00      15.83  643.0     14.50    -0.07    -9999
DOMC       240511 300  143500-144000   00      16.20  643.0     14.83     2.23    -9999
DOMC       240511 300  144000-144500   00      16.42  643.0     15.03     3.60    -9999
DOMC       240511 300  144500-145000   00      16.32  643.0     14.95     3.03    -9999
DOMC       240511 300  145000-145500   00      16.30  643.0     14.93     2.91    -9999
DOMC       240511 300  145500-150000   00      16.17  643.1     14.82     2.11    -9999
DOMC       240511 300  150000-150500   00      16.25  643.1     14.90     2.68    -9999
DOMC       240511 300  150500-151000   00      16.25  643.1     14.90     2.68    -9999
DOMC       240511 300  151000-151500   00      16.13  643.1     14.78     1.88    -9999
DOMC       240511 300  151500-152000   00      16.18  643.1     14.83     2.23    -9999
DOMC       240511 300  152000-152500   00      15.67  643.1     14.37    -0.99    -9999
DOMC       240511 300  152500-153000   00      16.18  643.1     14.83     2.23    -9999
DOMC       240511 300  153000-153500   00      16.33  643.1     14.98     3.26    -9999
DOMC       240511 300  153500-154000   00      16.07  643.1     14.73     1.54    -9999
DOMC       240511 300  154000-154500   00      15.65  643.1     14.35    -1.11    -9999
DOMC       240511 300  154500-155000   00      16.17  643.1     14.83     2.23    -9999
DOMC       240511 300  155000-155500   00      16.33  643.1     14.97     3.14    -9999
DOMC       240511 300  155500-160000   00      16.23  643.1     14.90     2.68    -9999
DOMC       240511 3600 160000-170000   00      16.20  643.4     14.88     2.57    -9999
DOMC       240511 3600 170000-180000   00      16.10  643.5     14.82     2.11    -9999
DOMC       240511 3600 180000-190000   00      16.05  643.5     14.77     1.77    -9999
DOMC       240511 3600 190000-200000   00      16.00  643.5     14.72     1.42    -9999
DOMC       240511 3600 200000-210000   00      15.90  643.7     14.65     0.96    -9999
DOMC       240511 3600 210000-220000   00      16.12  644.0     14.88     2.57    -9999
DOMC       240511 3600 220000-230000   00      15.98  644.2     14.78     1.88    -9999
DOMC       240511 3600 230000-240000   00      15.83  644.4     14.67     1.08    -9999
DOMC       240512 3600 000000-010000   00      15.83  644.5     14.67     1.08    -9999
DOMC       240512 3600 010000-020000   00      15.92  644.4     14.75     1.65    -9999
DOMC       240512 3600 020000-030000   00      15.85  644.4     14.68     1.19    -9999
DOMC       240512 3600 030000-040000   00      15.98  644.3     14.78     1.88    -9999
DOMC       240512 3600 040000-050000   00      15.83  644.3     14.65     0.96    -9999
DOMC       240512 3600 050000-060000   00      15.83  644.3     14.65     0.96    -9999
DOMC       240512 3600 060000-070000   00      16.12  644.2     14.90     2.68    -9999
DOMC       240512 3600 070000-080000   00      16.17  644.2     14.95     3.03    -9999
DOMC       240512 3600 080000-090000   00      16.23  644.1     15.00     3.37    -9999
DOMC       240512 3600 090000-100000   00      15.98  643.7     14.72     1.42    -9999
DOMC       240512 3600 100000-110000   00      15.90  643.6     14.65     0.96    -9999
DOMC       240512 3600 110000-120000   00      16.05  643.7     14.78     1.88    -9999
DOMC       240512 3600 120000-130000   00      16.10  643.6     14.82     2.11    -9999
DOMC       240512 3600 130000-140000   00      16.25  643.4     14.93     2.91    -9999
DOMC       240512 3600 140000-150000   00      16.17  643.4     14.87     2.46    -9999
DOMC       240512 3600 150000-160000   00      16.32  643.4     15.00     3.37    -9999
DOMC       240512 3600 160000-170000   00      16.27  643.3     14.93     2.91    -9999
DOMC       240512 3600 170000-180000   00      16.25  643.3     14.92     2.80    -9999
DOMC       240512 3600 180000-190000   00      16.27  643.2     14.93     2.91    -9999
DOMC       240512 3600 190000-200000   00      16.25  643.0     14.88     2.57    -9999
DOMC       240512 3600 200000-210000   00      16.18  643.1     14.83     2.23    -9999
DOMC       240512 3600 210000-220000   00      16.32  643.3     14.98     3.26    -9999
DOMC       240512 3600 220000-230000   00      16.42  643.2     15.07     3.83    -9999
DOMC       240512 3600 230000-240000   00      16.45  643.1     15.08     3.95    -9999
*
COMMENT NM DATA DOWNLOADED FROM COSMICRAYS.OULU.FI ON 14.5.2024
COMMENT DETRENDING DONE BY IU
COMMENT UNIVERISTY OF OULU: FILE GENERATED FROM DATABASE AND OBTAINED FROM
COMMENT https://gle.oulu.fi at 2025-01-03 09:23:40 +00:00
COMMENT FOR HISTORICAL/ORIGINAL TEXT FILES SEE https://gle.oulu.fi/txtarchive/
COMMENT ORIGINAL AT https://gle.oulu.fi/txtarchive/GLE74/C074DOMC_cor.DAT
COMMENT DETRENDED DATA SHOW -9999 IF EQUAL TO INC% COLUMN 