JUNGFRAU1  LATITUDE    46.55     LONGITUDE     7.98      ALTITUDE    3570 M
JUNGFRAU1  INSTRUMENT   IGY     NEUTRON MONITOR
JUNGFRAU1  STANDARD PRESSURE    642.5   MB     COEFFICIENT   -0.72     % / MB
JUNGFRAU1  PRE-INCREASE BASELINE TIME INTERVAL    240510    233000-013000   UT
JUNGFRAU1  PRE-INCREASE AVERAGE COUNTING RATE    303.60      COUNTS PER SECOND
JUNGFRAU1  TIME INTERVALS    300         3600     
JUNGFRAU1  SCALE FACTORS     1           1        
STATION    YYMMDD  SEC   TIME (UT)   CODE    UNCORR. PRESS.    CORR.    % INC.	DETRENDED
                         INTERVAL    TD      C/S     (MB)      C/S
JUNGFRAU1  240510 3600 000000-010000   00     267.74  669.8    324.66     6.94    -9999
JUNGFRAU1  240510 3600 010000-020000   00     269.23  669.6    325.94     7.36    -9999
JUNGFRAU1  240510 3600 020000-030000   00     269.18  669.4    325.41     7.18    -9999
JUNGFRAU1  240510 3600 030000-040000   00     269.24  669.3    325.23     7.12    -9999
JUNGFRAU1  240510 3600 040000-050000   00     269.94  669.3    326.04     7.39    -9999
JUNGFRAU1  240510 3600 050000-060000   00     270.32  669.4    326.71     7.61    -9999
JUNGFRAU1  240510 3600 060000-070000   00     269.85  669.5    326.49     7.54    -9999
JUNGFRAU1  240510 3600 070000-080000   00     269.10  669.6    325.79     7.31    -9999
JUNGFRAU1  240510 3600 080000-090000   00     270.98  669.8    328.58     8.23    -9999
JUNGFRAU1  240510 3600 090000-100000   00     272.23  670.0    330.50     8.86    -9999
JUNGFRAU1  240510 3600 100000-110000   00     272.51  670.2    331.38     9.15    -9999
JUNGFRAU1  240510 3600 110000-120000   00     271.95  670.4    331.18     9.08    -9999
JUNGFRAU1  240510 3600 120000-130000   00     272.00  670.4    331.21     9.09    -9999
JUNGFRAU1  240510 3600 130000-140000   00     271.67  670.4    330.85     8.98    -9999
JUNGFRAU1  240510 3600 140000-150000   00     271.42  670.4    330.55     8.88    -9999
JUNGFRAU1  240510 3600 150000-160000   00     270.94  670.4    329.93     8.67    -9999
JUNGFRAU1  240510 3600 160000-170000   00     269.61  670.3    328.17     8.09    -9999
JUNGFRAU1  240510 3600 170000-180000   00     269.13  670.4    327.53     7.88    -9999
JUNGFRAU1  240510 3600 180000-190000   00     273.24  670.4    332.70     9.58    -9999
JUNGFRAU1  240510 3600 190000-200000   00     274.30  670.6    334.38    10.14    -9999
JUNGFRAU1  240510 3600 200000-210000   00     275.41  670.7    336.07    10.69    -9999
JUNGFRAU1  240510 300  210000-210500   00     274.46  670.7    334.92    10.32    -9999
JUNGFRAU1  240510 300  210500-211000   00     274.04  670.7    334.39    10.14    -9999
JUNGFRAU1  240510 300  211000-211500   00     273.61  670.7    333.96    10.00    -9999
JUNGFRAU1  240510 300  211500-212000   00     275.89  670.7    336.69    10.90    -9999
JUNGFRAU1  240510 300  212000-212500   00     273.13  670.7    333.24     9.76    -9999
JUNGFRAU1  240510 300  212500-213000   00     269.36  670.6    328.36     8.15    -9999
JUNGFRAU1  240510 300  213000-213500   00     266.70  670.6    325.21     7.12    -9999
JUNGFRAU1  240510 300  213500-214000   00     266.92  670.6    325.50     7.21    -9999
JUNGFRAU1  240510 300  214000-214500   00     261.55  670.6    318.92     5.05    -9999
JUNGFRAU1  240510 300  214500-215000   00     266.39  670.6    324.84     6.99    -9999
JUNGFRAU1  240510 300  215000-215500   00     268.68  670.6    327.61     7.91    -9999
JUNGFRAU1  240510 300  215500-220000   00     263.73  670.5    321.49     5.89    -9999
JUNGFRAU1  240510 300  220000-220500   00     265.41  670.6    323.56     6.57    -9999
JUNGFRAU1  240510 300  220500-221000   00     263.51  670.5    320.97     5.72    -9999
JUNGFRAU1  240510 300  221000-221500   00     266.89  670.5    325.20     7.11    -9999
JUNGFRAU1  240510 300  221500-222000   00     263.39  670.5    320.97     5.72    -9999
JUNGFRAU1  240510 300  222000-222500   00     263.04  670.5    320.43     5.54    -9999
JUNGFRAU1  240510 300  222500-223000   00     263.01  670.5    320.53     5.58    -9999
JUNGFRAU1  240510 300  223000-223500   00     261.05  670.4    317.88     4.70    -9999
JUNGFRAU1  240510 300  223500-224000   00     260.05  670.4    316.70     4.31    -9999
JUNGFRAU1  240510 300  224000-224500   00     258.70  670.4    315.09     3.78    -9999
JUNGFRAU1  240510 300  224500-225000   00     255.28  670.4    310.85     2.39    -9999
JUNGFRAU1  240510 300  225000-225500   00     253.64  670.4    308.90     1.74    -9999
JUNGFRAU1  240510 300  225500-230000   00     251.97  670.4    306.76     1.04    -9999
JUNGFRAU1  240510 300  230000-230500   00     251.60  670.4    306.29     0.89    -9999
JUNGFRAU1  240510 300  230500-231000   00     250.90  670.3    305.24     0.54    -9999
JUNGFRAU1  240510 300  231000-231500   00     252.75  670.3    307.55     1.30    -9999
JUNGFRAU1  240510 300  231500-232000   00     251.97  670.3    306.58     0.98    -9999
JUNGFRAU1  240510 300  232000-232500   00     251.32  670.3    305.75     0.71    -9999
JUNGFRAU1  240510 300  232500-233000   00     246.90  670.3    300.34    -1.08    -9999
JUNGFRAU1  240510 300  233000-233500   00     249.94  670.3    304.18     0.19    -9999
JUNGFRAU1  240510 300  233500-234000   00     245.83  670.3    299.12    -1.48    -9999
JUNGFRAU1  240510 300  234000-234500   00     251.53  670.2    305.91     0.76    -9999
JUNGFRAU1  240510 300  234500-235000   00     245.90  670.2    298.95    -1.53    -9999
JUNGFRAU1  240510 300  235000-235500   00     245.98  670.2    298.91    -1.55    -9999
JUNGFRAU1  240510 300  235500-240000   00     249.28  670.2    303.17    -0.14    -9999
JUNGFRAU1  240511 300  000000-000500   00     248.98  670.2    302.71    -0.30    -9999
JUNGFRAU1  240511 300  000500-001000   00     247.85  670.2    301.51    -0.69    -9999
JUNGFRAU1  240511 300  001000-001500   00     250.02  670.2    303.78     0.06    -9999
JUNGFRAU1  240511 300  001500-002000   00     247.36  670.1    300.55    -1.00    -9999
JUNGFRAU1  240511 300  002000-002500   00     248.62  670.1    302.15    -0.48    -9999
JUNGFRAU1  240511 300  002500-003000   00     250.89  670.1    304.84     0.41    -9999
JUNGFRAU1  240511 300  003000-003500   00     248.57  670.1    301.97    -0.54    -9999
JUNGFRAU1  240511 300  003500-004000   00     248.01  670.1    301.20    -0.79    -9999
JUNGFRAU1  240511 300  004000-004500   00     251.47  670.1    305.52     0.63    -9999
JUNGFRAU1  240511 300  004500-005000   00     250.17  670.0    303.83     0.08    -9999
JUNGFRAU1  240511 300  005000-005500   00     251.06  670.0    304.88     0.42    -9999
JUNGFRAU1  240511 300  005500-010000   00     251.54  670.0    305.35     0.58    -9999
JUNGFRAU1  240511 300  010000-010500   00     251.09  670.0    304.80     0.39    -9999
JUNGFRAU1  240511 300  010500-011000   00     251.77  670.0    305.51     0.63    -9999
JUNGFRAU1  240511 300  011000-011500   00     251.51  670.0    305.37     0.58    -9999
JUNGFRAU1  240511 300  011500-012000   00     249.87  670.0    303.36    -0.08    -9999
JUNGFRAU1  240511 300  012000-012500   00     254.73  670.0    309.33     1.89    -9999
JUNGFRAU1  240511 300  012500-013000   00     255.01  670.0    309.58     1.97    -9999
JUNGFRAU1  240511 300  013000-013500   00     252.84  669.9    306.76     1.04    -9999
JUNGFRAU1  240511 300  013500-014000   00     255.83  669.9    310.47     2.26    -9999
JUNGFRAU1  240511 300  014000-014500   00     255.55  669.9    310.02     2.11    -9999
JUNGFRAU1  240511 300  014500-015000   00     255.95  669.9    310.56     2.29    -9999
JUNGFRAU1  240511 300  015000-015500   00     253.14  669.9    307.25     1.20    -9999
JUNGFRAU1  240511 300  015500-020000   00     258.40  669.9    313.43     3.24    -9999
JUNGFRAU1  240511 300  020000-020500   00     259.64  669.9    315.08     3.78    -9999
JUNGFRAU1  240511 300  020500-021000   00     259.06  669.9    314.32     3.53    -9999
JUNGFRAU1  240511 300  021000-021500   00     257.38  669.9    312.22     2.84    -9999
JUNGFRAU1  240511 300  021500-022000   00     256.50  669.9    311.12     2.48    -9999
JUNGFRAU1  240511 300  022000-022500   00     253.80  669.8    307.90     1.42    -9999
JUNGFRAU1  240511 300  022500-023000   00     256.92  669.8    311.51     2.60    -9999
JUNGFRAU1  240511 300  023000-023500   00     254.88  669.8    309.04     1.79    -9999
JUNGFRAU1  240511 300  023500-024000   00     260.00  669.8    315.21     3.82    -9999
JUNGFRAU1  240511 300  024000-024500   00     258.89  669.8    313.92     3.40    -9999
JUNGFRAU1  240511 300  024500-025000   00     256.65  669.8    311.18     2.49    -9999
JUNGFRAU1  240511 300  025000-025500   00     261.23  669.8    316.67     4.30    -9999
JUNGFRAU1  240511 300  025500-030000   00     261.00  669.7    316.22     4.15    -9999
JUNGFRAU1  240511 300  030000-030500   00     256.34  669.7    310.59     2.30    -9999
JUNGFRAU1  240511 300  030500-031000   00     259.92  669.7    314.81     3.69    -9999
JUNGFRAU1  240511 300  031000-031500   00     259.77  669.7    314.70     3.65    -9999
JUNGFRAU1  240511 300  031500-032000   00     259.77  669.7    314.75     3.67    -9999
JUNGFRAU1  240511 300  032000-032500   00     257.90  669.7    312.40     2.90    -9999
JUNGFRAU1  240511 300  032500-033000   00     257.73  669.7    312.32     2.87    -9999
JUNGFRAU1  240511 300  033000-033500   00     256.16  669.7    310.33     2.22    -9999
JUNGFRAU1  240511 300  033500-034000   00     256.26  669.7    310.51     2.28    -9999
JUNGFRAU1  240511 300  034000-034500   00     256.84  669.7    311.12     2.48    -9999
JUNGFRAU1  240511 300  034500-035000   00     254.57  669.7    308.49     1.61    -9999
JUNGFRAU1  240511 300  035000-035500   00     253.09  669.7    306.68     1.01    -9999
JUNGFRAU1  240511 300  035500-040000   00     254.34  669.7    308.16     1.50    -9999
JUNGFRAU1  240511 300  040000-040500   00     254.61  669.7    308.41     1.58    -9999
JUNGFRAU1  240511 300  040500-041000   00     256.42  669.7    310.72     2.35    -9999
JUNGFRAU1  240511 300  041000-041500   00     254.33  669.7    308.26     1.53    -9999
JUNGFRAU1  240511 300  041500-042000   00     252.49  669.7    305.86     0.74    -9999
JUNGFRAU1  240511 300  042000-042500   00     254.27  669.7    308.08     1.47    -9999
JUNGFRAU1  240511 300  042500-043000   00     253.57  669.7    307.20     1.18    -9999
JUNGFRAU1  240511 300  043000-043500   00     254.47  669.7    308.30     1.55    -9999
JUNGFRAU1  240511 300  043500-044000   00     256.73  669.7    311.10     2.47    -9999
JUNGFRAU1  240511 300  044000-044500   00     255.39  669.7    309.40     1.91    -9999
JUNGFRAU1  240511 300  044500-045000   00     253.12  669.7    306.71     1.02    -9999
JUNGFRAU1  240511 300  045000-045500   00     252.93  669.8    306.66     1.01    -9999
JUNGFRAU1  240511 300  045500-050000   00     255.15  669.8    309.48     1.93    -9999
JUNGFRAU1  240511 300  050000-050500   00     255.85  669.8    310.10     2.14    -9999
JUNGFRAU1  240511 300  050500-051000   00     255.18  669.7    309.18     1.84    -9999
JUNGFRAU1  240511 300  051000-051500   00     254.15  669.7    307.95     1.43    -9999
JUNGFRAU1  240511 300  051500-052000   00     254.25  669.7    308.10     1.48    -9999
JUNGFRAU1  240511 300  052000-052500   00     252.64  669.7    306.19     0.85    -9999
JUNGFRAU1  240511 300  052500-053000   00     257.24  669.7    311.61     2.64    -9999
JUNGFRAU1  240511 300  053000-053500   00     253.68  669.7    307.35     1.23    -9999
JUNGFRAU1  240511 300  053500-054000   00     251.33  669.7    304.61     0.33    -9999
JUNGFRAU1  240511 300  054000-054500   00     251.02  669.8    304.35     0.25    -9999
JUNGFRAU1  240511 300  054500-055000   00     251.95  669.8    305.44     0.61    -9999
JUNGFRAU1  240511 300  055000-055500   00     251.94  669.8    305.51     0.63    -9999
JUNGFRAU1  240511 300  055500-060000   00     249.90  669.8    303.09    -0.17    -9999
JUNGFRAU1  240511 300  060000-060500   00     251.35  669.8    304.71     0.36    -9999
JUNGFRAU1  240511 300  060500-061000   00     250.12  669.8    303.27    -0.11    -9999
JUNGFRAU1  240511 300  061000-061500   00     245.88  669.8    298.09    -1.82    -9999
JUNGFRAU1  240511 300  061500-062000   00     249.14  669.8    302.09    -0.50    -9999
JUNGFRAU1  240511 300  062000-062500   00     248.21  669.8    300.84    -0.91    -9999
JUNGFRAU1  240511 300  062500-063000   00     250.62  669.8    303.83     0.07    -9999
JUNGFRAU1  240511 300  063000-063500   00     249.14  669.9    302.16    -0.48    -9999
JUNGFRAU1  240511 300  063500-064000   00     250.27  669.9    303.59     0.00    -9999
JUNGFRAU1  240511 300  064000-064500   00     249.01  669.9    302.15    -0.48    -9999
JUNGFRAU1  240511 300  064500-065000   00     248.70  669.9    301.72    -0.62    -9999
JUNGFRAU1  240511 300  065000-065500   00     246.21  670.0    298.77    -1.59    -9999
JUNGFRAU1  240511 300  065500-070000   00     244.28  670.0    296.51    -2.34    -9999
JUNGFRAU1  240511 300  070000-070500   00     249.80  670.0    303.29    -0.10    -9999
JUNGFRAU1  240511 300  070500-071000   00     250.60  670.0    304.32     0.24    -9999
JUNGFRAU1  240511 300  071000-071500   00     248.16  670.0    301.19    -0.79    -9999
JUNGFRAU1  240511 300  071500-072000   00     248.53  670.0    301.79    -0.60    -9999
JUNGFRAU1  240511 300  072000-072500   00     250.03  670.0    303.56    -0.01    -9999
JUNGFRAU1  240511 300  072500-073000   00     250.32  670.0    303.93     0.11    -9999
JUNGFRAU1  240511 300  073000-073500   00     248.12  670.0    301.30    -0.76    -9999
JUNGFRAU1  240511 300  073500-074000   00     251.31  670.1    305.30     0.56    -9999
JUNGFRAU1  240511 300  074000-074500   00     249.78  670.1    303.38    -0.07    -9999
JUNGFRAU1  240511 300  074500-075000   00     249.50  670.1    303.05    -0.18    -9999
JUNGFRAU1  240511 300  075000-075500   00     251.92  670.1    306.06     0.81    -9999
JUNGFRAU1  240511 300  075500-080000   00     252.18  670.2    306.63     1.00    -9999
JUNGFRAU1  240511 300  080000-080500   00     250.27  670.2    304.44     0.28    -9999
JUNGFRAU1  240511 300  080500-081000   00     253.30  670.2    308.09     1.48    -9999
JUNGFRAU1  240511 300  081000-081500   00     251.54  670.3    305.87     0.75    -9999
JUNGFRAU1  240511 300  081500-082000   00     254.80  670.4    310.19     2.17    -9999
JUNGFRAU1  240511 300  082000-082500   00     251.78  670.4    306.63     1.00    -9999
JUNGFRAU1  240511 300  082500-083000   00     250.75  670.4    305.25     0.54    -9999
JUNGFRAU1  240511 300  083000-083500   00     250.63  670.4    305.17     0.52    -9999
JUNGFRAU1  240511 300  083500-084000   00     249.96  670.4    304.40     0.26    -9999
JUNGFRAU1  240511 300  084000-084500   00     248.16  670.4    302.11    -0.49    -9999
JUNGFRAU1  240511 300  084500-085000   00     246.63  670.4    300.40    -1.06    -9999
JUNGFRAU1  240511 300  085000-085500   00     248.46  670.4    302.63    -0.32    -9999
JUNGFRAU1  240511 300  085500-090000   00     247.91  670.4    301.91    -0.56    -9999
JUNGFRAU1  240511 300  090000-090500   00     249.57  670.5    304.01     0.13    -9999
JUNGFRAU1  240511 300  090500-091000   00     248.05  670.5    302.32    -0.42    -9999
JUNGFRAU1  240511 300  091000-091500   00     248.19  670.5    302.27    -0.44    -9999
JUNGFRAU1  240511 300  091500-092000   00     244.20  670.5    297.50    -2.01    -9999
JUNGFRAU1  240511 300  092000-092500   00     245.83  670.5    299.70    -1.29    -9999
JUNGFRAU1  240511 300  092500-093000   00     246.87  670.5    300.83    -0.91    -9999
JUNGFRAU1  240511 300  093000-093500   00     247.33  670.6    301.62    -0.65    -9999
JUNGFRAU1  240511 300  093500-094000   00     248.11  670.5    302.37    -0.41    -9999
JUNGFRAU1  240511 300  094000-094500   00     249.14  670.5    303.54    -0.02    -9999
JUNGFRAU1  240511 300  094500-095000   00     249.98  670.6    304.80     0.39    -9999
JUNGFRAU1  240511 300  095000-095500   00     249.30  670.6    304.12     0.17    -9999
JUNGFRAU1  240511 300  095500-100000   00     249.96  670.6    304.82     0.40    -9999
JUNGFRAU1  240511 300  100000-100500   00     251.22  670.6    306.29     0.89    -9999
JUNGFRAU1  240511 300  100500-101000   00     252.72  670.6    308.14     1.49    -9999
JUNGFRAU1  240511 300  101000-101500   00     250.86  670.6    305.96     0.77    -9999
JUNGFRAU1  240511 300  101500-102000   00     251.43  670.6    306.86     1.07    -9999
JUNGFRAU1  240511 300  102000-102500   00     250.81  670.6    305.95     0.77    -9999
JUNGFRAU1  240511 300  102500-103000   00     248.37  670.6    302.79    -0.27    -9999
JUNGFRAU1  240511 300  103000-103500   00     248.70  670.6    303.22    -0.13    -9999
JUNGFRAU1  240511 300  103500-104000   00     251.43  670.7    306.68     1.01    -9999
JUNGFRAU1  240511 300  104000-104500   00     249.48  670.6    304.19     0.19    -9999
JUNGFRAU1  240511 300  104500-105000   00     251.51  670.6    306.70     1.02    -9999
JUNGFRAU1  240511 300  105000-105500   00     251.71  670.6    307.06     1.14    -9999
JUNGFRAU1  240511 300  105500-110000   00     251.87  670.7    307.33     1.23    -9999
JUNGFRAU1  240511 300  110000-110500   00     251.24  670.7    306.66     1.01    -9999
JUNGFRAU1  240511 300  110500-111000   00     249.31  670.7    304.20     0.20    -9999
JUNGFRAU1  240511 300  111000-111500   00     252.26  670.7    307.80     1.38    -9999
JUNGFRAU1  240511 300  111500-112000   00     252.30  670.7    307.86     1.40    -9999
JUNGFRAU1  240511 300  112000-112500   00     255.52  670.7    311.76     2.69    -9999
JUNGFRAU1  240511 300  112500-113000   00     251.95  670.7    307.44     1.26    -9999
JUNGFRAU1  240511 300  113000-113500   00     251.43  670.7    306.75     1.04    -9999
JUNGFRAU1  240511 300  113500-114000   00     251.81  670.7    307.24     1.20    -9999
JUNGFRAU1  240511 300  114000-114500   00     251.53  670.7    306.88     1.08    -9999
JUNGFRAU1  240511 300  114500-115000   00     252.68  670.7    308.39     1.58    -9999
JUNGFRAU1  240511 300  115000-115500   00     253.84  670.7    309.72     2.01    -9999
JUNGFRAU1  240511 300  115500-120000   00     250.90  670.8    306.35     0.91    -9999
JUNGFRAU1  240511 300  120000-120500   00     250.06  670.8    305.53     0.64    -9999
JUNGFRAU1  240511 300  120500-121000   00     249.07  670.8    304.12     0.17    -9999
JUNGFRAU1  240511 300  121000-121500   00     249.44  670.8    304.52     0.30    -9999
JUNGFRAU1  240511 300  121500-122000   00     250.05  670.9    305.58     0.65    -9999
JUNGFRAU1  240511 300  122000-122500   00     247.19  670.9    302.00    -0.53    -9999
JUNGFRAU1  240511 300  122500-123000   00     246.87  670.9    301.56    -0.67    -9999
JUNGFRAU1  240511 300  123000-123500   00     245.55  670.9    300.05    -1.17    -9999
JUNGFRAU1  240511 300  123500-124000   00     249.16  671.0    304.63     0.34    -9999
JUNGFRAU1  240511 300  124000-124500   00     248.86  671.0    304.33     0.24    -9999
JUNGFRAU1  240511 300  124500-125000   00     247.45  671.0    302.61    -0.33    -9999
JUNGFRAU1  240511 300  125000-125500   00     250.45  671.0    306.26     0.88    -9999
JUNGFRAU1  240511 300  125500-130000   00     246.85  671.0    301.83    -0.58    -9999
JUNGFRAU1  240511 300  130000-130500   00     249.38  670.9    304.81     0.40    -9999
JUNGFRAU1  240511 300  130500-131000   00     248.96  670.9    304.21     0.20    -9999
JUNGFRAU1  240511 300  131000-131500   00     246.29  670.9    301.08    -0.83    -9999
JUNGFRAU1  240511 300  131500-132000   00     249.08  671.0    304.60     0.33    -9999
JUNGFRAU1  240511 300  132000-132500   00     246.95  671.0    301.88    -0.57    -9999
JUNGFRAU1  240511 300  132500-133000   00     249.06  670.9    304.27     0.22    -9999
JUNGFRAU1  240511 300  133000-133500   00     248.84  670.9    304.17     0.19    -9999
JUNGFRAU1  240511 300  133500-134000   00     247.77  670.9    302.84    -0.25    -9999
JUNGFRAU1  240511 300  134000-134500   00     249.41  671.0    304.92     0.43    -9999
JUNGFRAU1  240511 300  134500-135000   00     251.60  670.9    307.56     1.30    -9999
JUNGFRAU1  240511 300  135000-135500   00     251.15  670.9    306.96     1.11    -9999
JUNGFRAU1  240511 300  135500-140000   00     250.66  670.9    306.38     0.91    -9999
JUNGFRAU1  240511 300  140000-140500   00     250.21  670.9    305.87     0.75    -9999
JUNGFRAU1  240511 300  140500-141000   00     252.36  670.9    308.28     1.54    -9999
JUNGFRAU1  240511 300  141000-141500   00     249.42  670.9    304.73     0.37    -9999
JUNGFRAU1  240511 300  141500-142000   00     251.85  670.8    307.68     1.34    -9999
JUNGFRAU1  240511 300  142000-142500   00     251.29  670.9    307.00     1.12    -9999
JUNGFRAU1  240511 300  142500-143000   00     249.82  670.8    305.06     0.48    -9999
JUNGFRAU1  240511 300  143000-143500   00     249.75  670.8    304.84     0.41    -9999
JUNGFRAU1  240511 300  143500-144000   00     246.72  670.7    301.04    -0.85    -9999
JUNGFRAU1  240511 300  144000-144500   00     248.53  670.7    303.40    -0.07    -9999
JUNGFRAU1  240511 300  144500-145000   00     249.68  670.8    304.96     0.45    -9999
JUNGFRAU1  240511 300  145000-145500   00     251.62  670.8    307.26     1.20    -9999
JUNGFRAU1  240511 300  145500-150000   00     252.51  670.8    308.36     1.57    -9999
JUNGFRAU1  240511 300  150000-150500   00     250.22  670.8    306.37     0.91    -9999
JUNGFRAU1  240511 300  150500-151000   00     254.09  670.8    310.13     2.15    -9999
JUNGFRAU1  240511 300  151000-151500   00     252.44  670.8    308.20     1.52    -9999
JUNGFRAU1  240511 300  151500-152000   00     252.66  670.7    308.39     1.58    -9999
JUNGFRAU1  240511 300  152000-152500   00     250.87  670.7    306.11     0.82    -9999
JUNGFRAU1  240511 300  152500-153000   00     251.87  670.7    307.21     1.19    -9999
JUNGFRAU1  240511 300  153000-153500   00     250.61  670.7    305.88     0.75    -9999
JUNGFRAU1  240511 300  153500-154000   00     250.85  670.7    306.16     0.84    -9999
JUNGFRAU1  240511 300  154000-154500   00     249.49  670.7    304.47     0.28    -9999
JUNGFRAU1  240511 300  154500-155000   00     252.39  670.7    307.95     1.43    -9999
JUNGFRAU1  240511 300  155000-155500   00     253.48  670.7    309.36     1.90    -9999
JUNGFRAU1  240511 300  155500-160000   00     252.13  670.7    307.69     1.35    -9999
JUNGFRAU1  240511 3600 160000-170000   00     252.34  670.6    307.66     1.33    -9999
JUNGFRAU1  240511 3600 170000-180000   00     251.12  670.6    306.13     0.83    -9999
JUNGFRAU1  240511 3600 180000-190000   00     249.56  670.5    304.13     0.17    -9999
JUNGFRAU1  240511 3600 190000-200000   00     248.23  670.6    302.93    -0.22    -9999
JUNGFRAU1  240511 3600 200000-210000   00     247.70  670.7    302.19    -0.47    -9999
JUNGFRAU1  240511 3600 210000-220000   00     248.39  670.5    302.73    -0.29    -9999
JUNGFRAU1  240511 3600 220000-230000   00     247.13  670.5    301.06    -0.84    -9999
JUNGFRAU1  240511 3600 230000-240000   00     246.82  670.3    300.31    -1.09    -9999
JUNGFRAU1  240512 3600 000000-010000   00     247.58  670.0    300.57    -1.00    -9999
JUNGFRAU1  240512 3600 010000-020000   00     248.06  670.0    301.06    -0.84    -9999
JUNGFRAU1  240512 3600 020000-030000   00     249.31  669.8    302.25    -0.45    -9999
JUNGFRAU1  240512 3600 030000-040000   00     249.85  669.5    302.34    -0.42    -9999
JUNGFRAU1  240512 3600 040000-050000   00     252.71  669.4    305.61     0.66    -9999
JUNGFRAU1  240512 3600 050000-060000   00     252.55  669.4    305.40     0.59    -9999
JUNGFRAU1  240512 3600 060000-070000   00     252.45  669.4    305.26     0.54    -9999
JUNGFRAU1  240512 3600 070000-080000   00     252.88  669.5    305.88     0.75    -9999
JUNGFRAU1  240512 3600 080000-090000   00     252.66  669.5    305.77     0.71    -9999
JUNGFRAU1  240512 3600 090000-100000   00     253.30  669.7    306.83     1.06    -9999
JUNGFRAU1  240512 3600 100000-110000   00     252.37  669.7    305.80     0.72    -9999
JUNGFRAU1  240512 3600 110000-120000   00     253.60  669.7    307.17     1.18    -9999
JUNGFRAU1  240512 3600 120000-130000   00     252.96  669.6    306.20     0.85    -9999
JUNGFRAU1  240512 3600 130000-140000   00     253.64  669.4    306.57     0.98    -9999
JUNGFRAU1  240512 3600 140000-150000   00     253.60  669.1    305.83     0.73    -9999
JUNGFRAU1  240512 3600 150000-160000   00     254.70  668.8    306.53     0.96    -9999
JUNGFRAU1  240512 3600 160000-170000   00     255.31  668.7    306.99     1.12    -9999
JUNGFRAU1  240512 3600 170000-180000   00     255.24  668.6    306.79     1.05    -9999
JUNGFRAU1  240512 3600 180000-190000   00     252.94  668.6    304.00     0.13    -9999
JUNGFRAU1  240512 3600 190000-200000   00     252.59  668.5    303.31    -0.10    -9999
JUNGFRAU1  240512 3600 200000-210000   00     252.92  668.5    303.56    -0.01    -9999
JUNGFRAU1  240512 3600 210000-220000   00     254.37  668.2    304.93     0.44    -9999
JUNGFRAU1  240512 3600 220000-230000   00     255.37  668.0    305.64     0.67    -9999
JUNGFRAU1  240512 3600 230000-240000   00     260.11  667.6    310.47     2.26    -9999
*
COMMENT NM DATA DOWNLOADED FROM NMDB ON 14.5.2024
COMMENT DETRENDING CANNOT BE ROBUSTLY DONE
COMMENT UNIVERISTY OF OULU: FILE GENERATED FROM DATABASE AND OBTAINED FROM
COMMENT https://gle.oulu.fi at 2025-01-03 09:23:40 +00:00
COMMENT FOR HISTORICAL/ORIGINAL TEXT FILES SEE https://gle.oulu.fi/txtarchive/
COMMENT ORIGINAL AT https://gle.oulu.fi/txtarchive/GLE74/C074JUN1.DAT
COMMENT DETRENDED DATA SHOW -9999 IF EQUAL TO INC% COLUMN 