JANG-BOGO  LATITUDE    74.6      LONGITUDE     164.2     ALTITUDE    30 M
JANG-BOGO  INSTRUMENT   5-NM-64  NEUTRON MONITOR	
JANG-BOGO  STANDARD PRESSURE    978     MB     COEFFICIENT   -0.74     % / MB
JANG-BOGO  PRE-INCREASE BASELINE TIME INTERVAL    241121    160000-180000   UT
JANG-BOGO  PRE-INCREASE AVERAGE COUNTING RATE    237.53      COUNTS PER SECOND
JANG-BOGO  TIME INTERVALS    300         3600     
JANG-BOGO  SCALE FACTORS     1           1        
STATION    YYMMDD  SEC   TIME (UT)   CODE    UNCORR. PRESS.    CORR.    % INC.	DETRENDED
                         INTERVAL    TD      C/S     (MB)      C/S
JANG-BOGO  241120 3600 000000-010000   00     249.85  971.9    237.78     0.11    -9999
JANG-BOGO  241120 3600 010000-020000   00     250.90  971.8    238.65     0.47    -9999
JANG-BOGO  241120 3600 020000-030000   00     249.78  971.8    237.49    -0.02    -9999
JANG-BOGO  241120 3600 030000-040000   00     250.45  971.8    238.11     0.25    -9999
JANG-BOGO  241120 3600 040000-050000   00     252.50  971.6    239.76     0.94    -9999
JANG-BOGO  241120 3600 050000-060000   00     252.03  971.7    239.59     0.87    -9999
JANG-BOGO  241120 3600 060000-070000   00     251.00  972.3    239.63     0.89    -9999
JANG-BOGO  241120 3600 070000-080000   00     248.81  973.0    238.67     0.48    -9999
JANG-BOGO  241120 3600 080000-090000   00     247.40  973.5    238.24     0.30    -9999
JANG-BOGO  241120 3600 090000-100000   00     247.81  973.4    238.52     0.42    -9999
JANG-BOGO  241120 3600 100000-110000   00     249.27  973.0    239.20     0.70    -9999
JANG-BOGO  241120 3600 110000-120000   00     246.81  972.8    236.43    -0.46    -9999
JANG-BOGO  241120 3600 120000-130000   00     249.78  972.0    237.91     0.16    -9999
JANG-BOGO  241120 3600 130000-140000   00     250.96  971.4    237.87     0.14    -9999
JANG-BOGO  241120 3600 140000-150000   00     250.66  971.1    237.07    -0.19    -9999
JANG-BOGO  241120 3600 150000-160000   00     251.17  971.0    237.39    -0.06    -9999
JANG-BOGO  241120 3600 160000-170000   00     251.79  971.2    238.39     0.36    -9999
JANG-BOGO  241120 3600 170000-180000   00     250.89  971.2    237.63     0.04    -9999
JANG-BOGO  241120 3600 180000-190000   00     251.37  971.4    238.26     0.31    -9999
JANG-BOGO  241120 3600 190000-200000   00     250.51  971.5    237.78     0.10    -9999
JANG-BOGO  241120 3600 200000-210000   00     250.60  972.0    238.66     0.48    -9999
JANG-BOGO  241120 3600 210000-220000   00     249.14  972.5    238.18     0.27    -9999
JANG-BOGO  241120 3600 220000-230000   00     248.48  973.1    238.67     0.48    -9999
JANG-BOGO  241120 3600 230000-240000   00     248.14  973.5    238.87     0.56    -9999
JANG-BOGO  241121 3600 000000-010000   00     248.60  973.5    239.54     0.84    -9999
JANG-BOGO  241121 3600 010000-020000   00     249.60  973.5    240.32     1.17    -9999
JANG-BOGO  241121 3600 020000-030000   00     249.01  973.5    239.84     0.97    -9999
JANG-BOGO  241121 3600 030000-040000   00     249.65  973.3    240.08     1.07    -9999
JANG-BOGO  241121 3600 040000-050000   00     248.69  973.2    239.00     0.62    -9999
JANG-BOGO  241121 3600 050000-060000   00     248.34  973.1    238.47     0.39    -9999
JANG-BOGO  241121 3600 060000-070000   00     250.17  972.9    239.79     0.95    -9999
JANG-BOGO  241121 3600 070000-080000   00     248.78  972.6    238.12     0.25    -9999
JANG-BOGO  241121 3600 080000-090000   00     249.07  972.5    238.03     0.21    -9999
JANG-BOGO  241121 3600 090000-100000   00     251.14  972.3    239.79     0.95    -9999
JANG-BOGO  241121 3600 100000-110000   00     249.47  972.1    237.78     0.11    -9999
JANG-BOGO  241121 3600 110000-120000   00     249.92  972.0    237.98     0.19    -9999
JANG-BOGO  241121 3600 120000-130000   00     248.82  972.1    237.12    -0.17    -9999
JANG-BOGO  241121 3600 130000-140000   00     246.47  972.3    235.32    -0.93    -9999
JANG-BOGO  241121 3600 140000-150000   00     246.69  972.8    236.33    -0.50    -9999
JANG-BOGO  241121 3600 150000-160000   00     246.56  973.0    236.54    -0.42    -9999
JANG-BOGO  241121 300  160000-160500   00     247.05  972.9    236.90    -0.27    -0.27
JANG-BOGO  241121 300  160500-161000   00     251.27  972.9    240.93     1.43     1.43
JANG-BOGO  241121 300  161000-161500   00     248.40  972.9    238.20     0.28     0.28
JANG-BOGO  241121 300  161500-162000   00     246.10  972.9    235.93    -0.67    -0.67
JANG-BOGO  241121 300  162000-162500   00     244.40  972.9    234.20    -1.40    -1.40
JANG-BOGO  241121 300  162500-163000   00     249.10  972.7    238.55     0.43     0.43
JANG-BOGO  241121 300  163000-163500   00     246.45  972.7    236.05    -0.62    -0.62
JANG-BOGO  241121 300  163500-164000   00     248.40  972.7    237.80     0.11     0.11
JANG-BOGO  241121 300  164000-164500   00     246.45  972.7    235.90    -0.69    -0.69
JANG-BOGO  241121 300  164500-165000   00     247.50  972.7    236.97    -0.24    -0.24
JANG-BOGO  241121 300  165000-165500   00     251.45  972.7    240.65     1.31     1.31
JANG-BOGO  241121 300  165500-170000   00     248.17  972.7    237.50    -0.01    -0.01
JANG-BOGO  241121 300  170000-170500   00     242.50  972.7    232.10    -2.29    -2.29
JANG-BOGO  241121 300  170500-171000   00     244.70  972.7    234.20    -1.40    -1.40
JANG-BOGO  241121 300  171000-171500   00     248.10  972.6    237.43    -0.04    -0.04
JANG-BOGO  241121 300  171500-172000   00    -999.00 -999.0   -999.00    -9999    -9999
JANG-BOGO  241121 300  172000-172500   00     247.30  972.6    236.60    -0.39    -0.39
JANG-BOGO  241121 300  172500-173000   00     246.20  972.6    235.53    -0.84    -0.84
JANG-BOGO  241121 300  173000-173500   00     250.55  972.6    239.70     0.91     0.91
JANG-BOGO  241121 300  173500-174000   00     252.20  972.6    241.30     1.59     1.59
JANG-BOGO  241121 300  174000-174500   00     252.70  972.6    241.75     1.78     1.78
JANG-BOGO  241121 300  174500-175000   00     251.00  972.6    240.00     1.04     1.04
JANG-BOGO  241121 300  175000-175500   00     252.10  972.5    240.90     1.42     1.42
JANG-BOGO  241121 300  175500-180000   00     245.00  972.5    234.10    -1.44    -1.44
JANG-BOGO  241121 300  180000-180500   00     244.10  972.5    233.20    -1.82    -1.82
JANG-BOGO  241121 300  180500-181000   00    -999.00 -999.0   -999.00    -9999    -9999
JANG-BOGO  241121 300  181000-181500   00    -999.00 -999.0   -999.00    -9999    -9999
JANG-BOGO  241121 300  181500-182000   00     250.20  972.5    239.00     0.62     0.62
JANG-BOGO  241121 300  182000-182500   00     246.53  972.5    235.53    -0.84    -0.84
JANG-BOGO  241121 300  182500-183000   00     248.65  972.5    237.60     0.03     0.03
JANG-BOGO  241121 300  183000-183500   00     254.75  972.5    243.55     2.53     2.53
JANG-BOGO  241121 300  183500-184000   00     249.90  972.5    238.80     0.53     0.53
JANG-BOGO  241121 300  184000-184500   00    -999.00 -999.0   -999.00    -9999    -9999
JANG-BOGO  241121 300  184500-185000   00     255.50  972.3    244.00     2.72     2.72
JANG-BOGO  241121 300  185000-185500   00     253.65  972.3    242.15     1.94     1.94
JANG-BOGO  241121 300  185500-190000   00     250.35  972.3    239.10     0.66     0.66
JANG-BOGO  241121 300  190000-190500   00     246.40  972.5    235.40    -0.90    -0.90
JANG-BOGO  241121 300  190500-191000   00     251.67  972.3    240.30     1.17     1.17
JANG-BOGO  241121 300  191000-191500   00     253.20  972.3    241.80     1.80     1.80
JANG-BOGO  241121 300  191500-192000   00    -999.00 -999.0   -999.00    -9999    -9999
JANG-BOGO  241121 300  192000-192500   00     253.20  972.3    241.70     1.76     1.76
JANG-BOGO  241121 300  192500-193000   00     247.40  972.3    236.30    -0.52    -0.52
JANG-BOGO  241121 300  193000-193500   00     252.75  972.4    241.40     1.63     1.63
JANG-BOGO  241121 300  193500-194000   00     250.60  972.5    239.40     0.79     0.79
JANG-BOGO  241121 300  194000-194500   00     250.35  972.3    239.10     0.66     0.66
JANG-BOGO  241121 300  194500-195000   00     253.25  972.4    241.85     1.82     1.82
JANG-BOGO  241121 300  195000-195500   00     251.85  972.5    240.65     1.31     1.31
JANG-BOGO  241121 300  195500-200000   00     253.90  972.3    242.50     2.09     2.09
JANG-BOGO  241121 300  200000-200500   00     252.15  972.5    240.90     1.42     1.42
JANG-BOGO  241121 300  200500-201000   00     246.90  972.3    235.80    -0.73    -0.73
JANG-BOGO  241121 300  201000-201500   00     252.00  972.3    240.63     1.31     1.31
JANG-BOGO  241121 300  201500-202000   00     250.65  972.3    239.30     0.75     0.75
JANG-BOGO  241121 300  202000-202500   00    -999.00 -999.0   -999.00    -9999    -9999
JANG-BOGO  241121 300  202500-203000   00     253.90  972.5    242.60     2.13     2.13
JANG-BOGO  241121 300  203000-203500   00     250.03  972.5    239.00     0.62     0.62
JANG-BOGO  241121 300  203500-204000   00     250.80  972.5    239.67     0.90     0.90
JANG-BOGO  241121 300  204000-204500   00     249.30  972.5    238.23     0.30     0.30
JANG-BOGO  241121 300  204500-205000   00     251.40  972.5    240.20     1.12     1.12
JANG-BOGO  241121 300  205000-205500   00     244.60  972.5    233.70    -1.61    -1.61
JANG-BOGO  241121 300  205500-210000   00     252.73  972.5    241.53     1.69     1.69
JANG-BOGO  241121 300  210000-210500   00     255.00  972.5    243.80     2.64     2.64
JANG-BOGO  241121 300  210500-211000   00    -999.00 -999.0   -999.00    -9999    -9999
JANG-BOGO  241121 300  211000-211500   00     249.30  972.5    238.25     0.30     0.30
JANG-BOGO  241121 300  211500-212000   00     251.20  972.5    240.10     1.08     1.08
JANG-BOGO  241121 300  212000-212500   00     248.73  972.5    237.67     0.06     0.06
JANG-BOGO  241121 300  212500-213000   00     249.20  972.5    238.07     0.23     0.23
JANG-BOGO  241121 300  213000-213500   00     247.05  972.5    236.07    -0.61    -0.61
JANG-BOGO  241121 300  213500-214000   00     246.60  972.3    235.50    -0.85    -0.85
JANG-BOGO  241121 300  214000-214500   00     251.85  972.5    240.60     1.29     1.29
JANG-BOGO  241121 300  214500-215000   00     246.00  972.5    235.00    -1.07    -1.07
JANG-BOGO  241121 300  215000-215500   00    -999.00 -999.0   -999.00    -9999    -9999
JANG-BOGO  241121 300  215500-220000   00     246.90  972.5    236.00    -0.64    -0.64
JANG-BOGO  241121 300  220000-220500   00     251.85  972.5    240.70     1.33     1.33
JANG-BOGO  241121 300  220500-221000   00     242.30  972.5    231.50    -2.54    -2.54
JANG-BOGO  241121 300  221000-221500   00     251.90  972.3    240.50     1.25     1.25
JANG-BOGO  241121 300  221500-222000   00     252.30  972.3    240.90     1.42     1.42
JANG-BOGO  241121 300  222000-222500   00     251.00  972.3    239.65     0.89     0.89
JANG-BOGO  241121 300  222500-223000   00     248.50  972.3    237.20    -0.14    -0.14
JANG-BOGO  241121 300  223000-223500   00     246.30  972.3    235.10    -1.02    -1.02
JANG-BOGO  241121 300  223500-224000   00    -999.00 -999.0   -999.00    -9999    -9999
JANG-BOGO  241121 300  224000-224500   00     245.85  972.2    234.45    -1.30    -1.30
JANG-BOGO  241121 300  224500-225000   00     247.60  972.2    236.00    -0.64    -0.64
JANG-BOGO  241121 300  225000-225500   00     251.20  972.2    239.50     0.83     0.83
JANG-BOGO  241121 300  225500-230000   00     249.75  972.2    238.25     0.30     0.30
JANG-BOGO  241121 300  230000-230500   00     250.20  972.2    238.60     0.45     0.45
JANG-BOGO  241121 300  230500-231000   00     248.32  972.2    236.85    -0.29    -0.29
JANG-BOGO  241121 300  231000-231500   00     249.07  972.2    237.57     0.02     0.02
JANG-BOGO  241121 300  231500-232000   00     251.70  972.2    240.05     1.06     1.06
JANG-BOGO  241121 300  232000-232500   00     250.40  972.2    238.80     0.53     0.53
JANG-BOGO  241121 300  232500-233000   00     253.60  972.2    241.90     1.84     1.84
JANG-BOGO  241121 300  233000-233500   00     246.10  972.2    234.70    -1.19    -1.19
JANG-BOGO  241121 300  233500-234000   00     249.00  972.2    237.43    -0.04    -0.04
JANG-BOGO  241121 300  234000-234500   00     248.80  972.2    237.25    -0.12    -0.12
JANG-BOGO  241121 300  234500-235000   00     248.43  972.0    236.80    -0.31    -0.31
JANG-BOGO  241121 300  235000-235500   00     244.50  972.0    233.00    -1.91    -1.91
JANG-BOGO  241121 300  235500-240000   00     250.63  972.0    238.80     0.53     0.53
JANG-BOGO  241122 300  000000-000500   00     253.50  972.0    241.60     1.71     1.71
JANG-BOGO  241122 300  000500-001000   00     246.10  972.0    234.50    -1.28    -1.28
JANG-BOGO  241122 300  001000-001500   00    -999.00 -999.0   -999.00    -9999    -9999
JANG-BOGO  241122 300  001500-002000   00     241.80  972.0    230.40    -3.00    -3.00
JANG-BOGO  241122 300  002000-002500   00     249.83  972.0    238.03     0.21     0.21
JANG-BOGO  241122 300  002500-003000   00     247.70  972.0    235.97    -0.65    -0.65
JANG-BOGO  241122 300  003000-003500   00     246.33  972.0    234.70    -1.19    -1.19
JANG-BOGO  241122 300  003500-004000   00     247.57  972.0    235.93    -0.67    -0.67
JANG-BOGO  241122 300  004000-004500   00     248.35  972.0    236.60    -0.39    -0.39
JANG-BOGO  241122 300  004500-005000   00     250.45  972.0    238.65     0.47     0.47
JANG-BOGO  241122 300  005000-005500   00    -999.00 -999.0   -999.00    -9999    -9999
JANG-BOGO  241122 300  005500-010000   00     249.97  972.0    238.23     0.30     0.30
JANG-BOGO  241122 300  010000-010500   00     250.23  972.2    238.57     0.44     0.44
JANG-BOGO  241122 300  010500-011000   00     256.00  972.0    243.90     2.68     2.68
JANG-BOGO  241122 300  011000-011500   00     249.40  972.0    237.55     0.01     0.01
JANG-BOGO  241122 300  011500-012000   00     247.40  972.0    235.67    -0.78    -0.78
JANG-BOGO  241122 300  012000-012500   00     247.30  972.0    235.60    -0.81    -0.81
JANG-BOGO  241122 300  012500-013000   00    -999.00 -999.0   -999.00    -9999    -9999
JANG-BOGO  241122 300  013000-013500   00     254.10  972.0    242.10     1.92     1.92
JANG-BOGO  241122 300  013500-014000   00    -999.00 -999.0   -999.00    -9999    -9999
JANG-BOGO  241122 300  014000-014500   00     248.78  972.1    237.15    -0.16    -0.16
JANG-BOGO  241122 300  014500-015000   00     247.50  972.2    236.00    -0.64    -0.64
JANG-BOGO  241122 300  015000-015500   00     256.40  972.2    244.50     2.93     2.93
JANG-BOGO  241122 300  015500-020000   00     244.60  972.2    233.40    -1.74    -1.74
JANG-BOGO  241122 3600 020000-030000   00     249.50  972.1    237.86     0.14    -9999
JANG-BOGO  241122 3600 030000-040000   00     249.49  972.2    238.04     0.22    -9999
JANG-BOGO  241122 3600 040000-050000   00     250.51  972.5    239.40     0.79    -9999
JANG-BOGO  241122 3600 050000-060000   00     248.72  972.6    238.01     0.20    -9999
JANG-BOGO  241122 3600 060000-070000   00     249.91  972.3    238.46     0.39    -9999
JANG-BOGO  241122 3600 070000-080000   00     250.78  971.8    238.46     0.39    -9999
JANG-BOGO  241122 3600 080000-090000   00     249.88  971.8    237.57     0.02    -9999
JANG-BOGO  241122 3600 090000-100000   00     251.39  971.6    238.82     0.54    -9999
JANG-BOGO  241122 3600 100000-110000   00     250.65  971.6    237.93     0.17    -9999
JANG-BOGO  241122 3600 110000-120000   00     250.59  971.0    236.93    -0.25    -9999
JANG-BOGO  241122 3600 120000-130000   00     251.07  970.4    236.34    -0.50    -9999
JANG-BOGO  241122 3600 130000-140000   00     253.30  969.7    237.12    -0.17    -9999
JANG-BOGO  241122 3600 140000-150000   00     253.60  968.6    235.59    -0.82    -9999
JANG-BOGO  241122 3600 150000-160000   00     255.96  967.8    236.19    -0.56    -9999
JANG-BOGO  241122 3600 160000-170000   00     257.77  967.1    236.79    -0.31    -9999
JANG-BOGO  241122 3600 170000-180000   00     261.51  965.9    237.97     0.18    -9999
JANG-BOGO  241122 3600 180000-190000   00     262.43  965.9    238.96     0.60    -9999
JANG-BOGO  241122 3600 190000-200000   00     263.17  966.1    239.94     1.01    -9999
JANG-BOGO  241122 3600 200000-210000   00     261.89  966.8    240.07     1.07    -9999
JANG-BOGO  241122 3600 210000-220000   00     260.52  967.7    240.35     1.19    -9999
JANG-BOGO  241122 3600 220000-230000   00     259.32  968.4    240.48     1.24    -9999
JANG-BOGO  241122 3600 230000-240000   00     258.02  969.2    240.62     1.30    -9999
*
COMMENT DATA SOURCE: NMDB | DOWNLOADED ON 27.11.2024
COMMENT DETRENDING DONE BY IU
COMMENT UNIVERISTY OF OULU: FILE GENERATED FROM DATABASE AND OBTAINED FROM
COMMENT https://gle.oulu.fi at 2025-01-11 16:21:29 +00:00
COMMENT FOR HISTORICAL/ORIGINAL TEXT FILES SEE https://gle.oulu.fi/txtarchive/
COMMENT ORIGINAL AT https://gle.oulu.fi/txtarchive/GLE76/C076JBGO_cor.DAT
COMMENT DETRENDED DATA SHOW -9999 IF EQUAL TO INC% COLUMN 