SOPO-6NM64 LATITUDE    -90       LONGITUDE     0         ALTITUDE    2820 M
SOPO-6NM64 INSTRUMENT   6NM64b    NEUTRON MONITOR	
SOPO-6NM64 STANDARD PRESSURE    680     MB     COEFFICIENT   -0.75     % / MB
SOPO-6NM64 PRE-INCREASE BASELINE TIME INTERVAL    241121    160000-180000   UT
SOPO-6NM64 PRE-INCREASE AVERAGE COUNTING RATE    121.31      COUNTS PER SECOND
SOPO-6NM64 TIME INTERVALS    300         3600     
SOPO-6NM64 SCALE FACTORS     1           1        
STATION    YYMMDD  SEC   TIME (UT)   CODE    UNCORR. PRESS.    CORR.    % INC.	DETRENDED
                         INTERVAL    TD      C/S     (MB)      C/S
SOPO-6NM64 241120 3600 000000-010000   00     130.41  670.3    121.42     0.09    -9999
SOPO-6NM64 241120 3600 010000-020000   00     130.89  670.3    121.83     0.43    -9999
SOPO-6NM64 241120 3600 020000-030000   00     130.90  670.2    121.79     0.39    -9999
SOPO-6NM64 241120 3600 030000-040000   00     130.45  670.2    121.39     0.06    -9999
SOPO-6NM64 241120 3600 040000-050000   00     130.39  670.2    121.35     0.03    -9999
SOPO-6NM64 241120 3600 050000-060000   00     130.37  670.3    121.43     0.10    -9999
SOPO-6NM64 241120 3600 060000-070000   00     130.12  670.6    121.40     0.07    -9999
SOPO-6NM64 241120 3600 070000-080000   00     130.09  670.7    121.45     0.12    -9999
SOPO-6NM64 241120 3600 080000-090000   00     130.32  670.7    121.68     0.30    -9999
SOPO-6NM64 241120 3600 090000-100000   00     130.23  670.7    121.63     0.26    -9999
SOPO-6NM64 241120 3600 100000-110000   00     130.24  670.8    121.72     0.34    -9999
SOPO-6NM64 241120 3600 110000-120000   00     131.22  671.0    122.77     1.20    -9999
SOPO-6NM64 241120 3600 120000-130000   00     131.52  671.2    123.27     1.61    -9999
SOPO-6NM64 241120 3600 130000-140000   00     131.08  671.3    122.97     1.37    -9999
SOPO-6NM64 241120 3600 140000-150000   00     130.81  671.3    122.75     1.19    -9999
SOPO-6NM64 241120 3600 150000-160000   00     130.75  671.5    122.81     1.23    -9999
SOPO-6NM64 241120 3600 160000-170000   00     131.03  671.7    123.31     1.65    -9999
SOPO-6NM64 241120 3600 170000-180000   00     130.44  672.0    123.01     1.40    -9999
SOPO-6NM64 241120 3600 180000-190000   00     129.81  672.3    122.65     1.10    -9999
SOPO-6NM64 241120 3600 190000-200000   00     129.15  672.5    122.24     0.76    -9999
SOPO-6NM64 241120 3600 200000-210000   00     128.25  672.8    121.64     0.27    -9999
SOPO-6NM64 241120 3600 210000-220000   00     126.46  673.1    120.25    -0.87    -9999
SOPO-6NM64 241120 3600 220000-230000   00     127.43  673.4    121.36     0.04    -9999
SOPO-6NM64 241120 3600 230000-240000   00     127.29  673.6    121.43     0.10    -9999
SOPO-6NM64 241121 3600 000000-010000   00     127.78  673.8    122.09     0.64    -9999
SOPO-6NM64 241121 3600 010000-020000   00     127.83  674.0    122.35     0.85    -9999
SOPO-6NM64 241121 3600 020000-030000   00     127.32  674.2    121.99     0.56    -9999
SOPO-6NM64 241121 3600 030000-040000   00     126.84  674.3    121.69     0.31    -9999
SOPO-6NM64 241121 3600 040000-050000   00     126.67  674.6    121.75     0.36    -9999
SOPO-6NM64 241121 3600 050000-060000   00     126.57  674.8    121.86     0.45    -9999
SOPO-6NM64 241121 3600 060000-070000   00     125.60  675.2    121.30    -0.01    -9999
SOPO-6NM64 241121 3600 070000-080000   00     125.20  675.6    121.23    -0.07    -9999
SOPO-6NM64 241121 3600 080000-090000   00     125.31  675.7    121.47     0.13    -9999
SOPO-6NM64 241121 3600 090000-100000   00     125.06  676.0    121.48     0.14    -9999
SOPO-6NM64 241121 3600 100000-110000   00     124.87  676.3    121.57     0.21    -9999
SOPO-6NM64 241121 3600 110000-120000   00     124.75  676.5    121.64     0.27    -9999
SOPO-6NM64 241121 3600 120000-130000   00     124.52  676.7    121.58     0.22    -9999
SOPO-6NM64 241121 3600 130000-140000   00     124.33  677.0    121.61     0.24    -9999
SOPO-6NM64 241121 3600 140000-150000   00     123.98  677.0    121.35     0.03    -9999
SOPO-6NM64 241121 3600 150000-160000   00     124.08  677.2    121.59     0.23    -9999
SOPO-6NM64 241121 300  160000-160500   00     123.20  677.4    120.87    -0.36    -0.36
SOPO-6NM64 241121 300  160500-161000   00     124.10  677.4    121.80     0.40     0.40
SOPO-6NM64 241121 300  161000-161500   00     124.05  677.5    121.78     0.39     0.39
SOPO-6NM64 241121 300  161500-162000   00     122.88  677.5    120.65    -0.55    -0.55
SOPO-6NM64 241121 300  162000-162500   00     124.22  677.5    122.01     0.57     0.57
SOPO-6NM64 241121 300  162500-163000   00     124.21  677.6    122.04     0.60     0.60
SOPO-6NM64 241121 300  163000-163500   00     123.43  677.6    121.27    -0.03    -0.03
SOPO-6NM64 241121 300  163500-164000   00     123.01  677.6    120.86    -0.38    -0.38
SOPO-6NM64 241121 300  164000-164500   00     123.75  677.6    121.59     0.23     0.23
SOPO-6NM64 241121 300  164500-165000   00     124.20  677.6    122.04     0.60     0.60
SOPO-6NM64 241121 300  165000-165500   00     123.65  677.6    121.53     0.18     0.18
SOPO-6NM64 241121 300  165500-170000   00     123.96  677.7    121.90     0.48     0.48
SOPO-6NM64 241121 300  170000-170500   00     122.00  677.7    119.96    -1.12    -1.12
SOPO-6NM64 241121 300  170500-171000   00     122.82  677.7    120.80    -0.43    -0.43
SOPO-6NM64 241121 300  171000-171500   00     122.97  677.7    120.96    -0.29    -0.29
SOPO-6NM64 241121 300  171500-172000   00     122.58  677.7    120.58    -0.60    -0.60
SOPO-6NM64 241121 300  172000-172500   00     123.28  677.7    121.27    -0.03    -0.03
SOPO-6NM64 241121 300  172500-173000   00     123.48  677.7    121.46     0.12     0.12
SOPO-6NM64 241121 300  173000-173500   00     123.73  677.7    121.72     0.33     0.33
SOPO-6NM64 241121 300  173500-174000   00     123.99  677.8    122.03     0.59     0.59
SOPO-6NM64 241121 300  174000-174500   00     122.92  677.8    121.01    -0.25    -0.25
SOPO-6NM64 241121 300  174500-175000   00     122.95  677.9    121.10    -0.17    -0.17
SOPO-6NM64 241121 300  175000-175500   00     123.07  677.9    121.25    -0.05    -0.05
SOPO-6NM64 241121 300  175500-180000   00     122.83  678.0    121.04    -0.23    -0.23
SOPO-6NM64 241121 300  180000-180500   00     124.13  678.0    122.35     0.86     0.86
SOPO-6NM64 241121 300  180500-181000   00     123.84  678.0    122.07     0.62     0.62
SOPO-6NM64 241121 300  181000-181500   00     123.02  678.0    121.28    -0.03    -0.03
SOPO-6NM64 241121 300  181500-182000   00     123.28  678.0    121.55     0.19     0.19
SOPO-6NM64 241121 300  182000-182500   00     124.88  678.0    123.10     1.47     1.47
SOPO-6NM64 241121 300  182500-183000   00     125.03  678.0    123.26     1.61     1.61
SOPO-6NM64 241121 300  183000-183500   00     125.29  678.0    123.53     1.83     1.83
SOPO-6NM64 241121 300  183500-184000   00     124.77  678.1    123.05     1.43     1.43
SOPO-6NM64 241121 300  184000-184500   00     127.39  678.1    125.65     3.57     3.57
SOPO-6NM64 241121 300  184500-185000   00     127.12  678.0    125.34     3.32     3.32
SOPO-6NM64 241121 300  185000-185500   00     127.57  678.0    125.78     3.68     3.68
SOPO-6NM64 241121 300  185500-190000   00     126.66  678.1    124.92     2.97     2.97
SOPO-6NM64 241121 300  190000-190500   00     127.50  678.1    125.78     3.68     3.68
SOPO-6NM64 241121 300  190500-191000   00     127.12  678.1    125.44     3.40     3.40
SOPO-6NM64 241121 300  191000-191500   00     127.00  678.2    125.37     3.34     3.34
SOPO-6NM64 241121 300  191500-192000   00     126.03  678.2    124.43     2.57     2.57
SOPO-6NM64 241121 300  192000-192500   00     125.60  678.3    124.07     2.27     2.27
SOPO-6NM64 241121 300  192500-193000   00     126.83  678.3    125.33     3.31     3.31
SOPO-6NM64 241121 300  193000-193500   00     126.26  678.4    124.83     2.90     2.90
SOPO-6NM64 241121 300  193500-194000   00     125.97  678.4    124.56     2.68     2.68
SOPO-6NM64 241121 300  194000-194500   00     126.61  678.4    125.19     3.20     3.20
SOPO-6NM64 241121 300  194500-195000   00     126.66  678.4    125.23     3.22     3.22
SOPO-6NM64 241121 300  195000-195500   00     126.32  678.4    124.90     2.96     2.96
SOPO-6NM64 241121 300  195500-200000   00     125.56  678.4    124.16     2.34     2.34
SOPO-6NM64 241121 300  200000-200500   00     125.51  678.5    124.14     2.33     2.33
SOPO-6NM64 241121 300  200500-201000   00     125.10  678.4    123.72     1.98     1.98
SOPO-6NM64 241121 300  201000-201500   00     125.67  678.5    124.30     2.46     2.46
SOPO-6NM64 241121 300  201500-202000   00     124.47  678.5    123.18     1.54     1.54
SOPO-6NM64 241121 300  202000-202500   00     124.96  678.6    123.73     1.99     1.99
SOPO-6NM64 241121 300  202500-203000   00     125.92  678.7    124.73     2.81     2.81
SOPO-6NM64 241121 300  203000-203500   00     124.59  678.7    123.44     1.75     1.75
SOPO-6NM64 241121 300  203500-204000   00     124.70  678.7    123.59     1.88     1.88
SOPO-6NM64 241121 300  204000-204500   00     124.17  678.8    123.11     1.48     1.48
SOPO-6NM64 241121 300  204500-205000   00     123.18  678.8    122.18     0.71     0.71
SOPO-6NM64 241121 300  205000-205500   00     124.43  678.9    123.44     1.75     1.75
SOPO-6NM64 241121 300  205500-210000   00     124.82  678.8    123.80     2.05     2.05
SOPO-6NM64 241121 300  210000-210500   00     123.21  678.9    122.22     0.75     0.75
SOPO-6NM64 241121 300  210500-211000   00     123.76  678.8    122.74     1.17     1.17
SOPO-6NM64 241121 300  211000-211500   00     124.65  678.8    123.63     1.91     1.91
SOPO-6NM64 241121 300  211500-212000   00     124.45  678.8    123.41     1.73     1.73
SOPO-6NM64 241121 300  212000-212500   00     124.39  678.8    123.38     1.70     1.70
SOPO-6NM64 241121 300  212500-213000   00     124.21  678.9    123.22     1.57     1.57
SOPO-6NM64 241121 300  213000-213500   00     122.79  678.9    121.86     0.45     0.45
SOPO-6NM64 241121 300  213500-214000   00     123.53  679.0    122.65     1.10     1.10
SOPO-6NM64 241121 300  214000-214500   00     121.84  679.0    121.01    -0.25    -0.25
SOPO-6NM64 241121 300  214500-215000   00     123.27  679.0    122.42     0.91     0.91
SOPO-6NM64 241121 300  215000-215500   00     124.09  679.0    123.26     1.60     1.60
SOPO-6NM64 241121 300  215500-220000   00     123.31  679.1    122.52     0.99     0.99
SOPO-6NM64 241121 300  220000-220500   00     122.90  679.0    122.08     0.63     0.63
SOPO-6NM64 241121 300  220500-221000   00     123.49  679.1    122.71     1.15     1.15
SOPO-6NM64 241121 300  221000-221500   00     122.42  679.2    121.73     0.34     0.34
SOPO-6NM64 241121 300  221500-222000   00     122.61  679.2    121.92     0.50     0.50
SOPO-6NM64 241121 300  222000-222500   00     122.35  679.2    121.66     0.29     0.29
SOPO-6NM64 241121 300  222500-223000   00     123.75  679.2    123.04     1.42     1.42
SOPO-6NM64 241121 300  223000-223500   00     122.09  679.2    121.38     0.05     0.05
SOPO-6NM64 241121 300  223500-224000   00     124.17  679.1    123.44     1.75     1.75
SOPO-6NM64 241121 300  224000-224500   00     122.37  679.2    121.65     0.28     0.28
SOPO-6NM64 241121 300  224500-225000   00     123.11  679.1    122.39     0.89     0.89
SOPO-6NM64 241121 300  225000-225500   00     124.06  679.1    123.33     1.66     1.66
SOPO-6NM64 241121 300  225500-230000   00     122.22  679.1    121.46     0.12     0.12
SOPO-6NM64 241121 300  230000-230500   00     121.76  679.1    121.02    -0.24    -0.24
SOPO-6NM64 241121 300  230500-231000   00     123.63  679.1    122.87     1.29     1.29
SOPO-6NM64 241121 300  231000-231500   00     123.28  679.1    122.53     1.00     1.00
SOPO-6NM64 241121 300  231500-232000   00     122.77  679.1    122.04     0.60     0.60
SOPO-6NM64 241121 300  232000-232500   00     121.87  679.2    121.17    -0.12    -0.12
SOPO-6NM64 241121 300  232500-233000   00     122.77  679.1    122.03     0.59     0.59
SOPO-6NM64 241121 300  233000-233500   00     123.23  679.2    122.52     0.99     0.99
SOPO-6NM64 241121 300  233500-234000   00     122.59  679.2    121.91     0.49     0.49
SOPO-6NM64 241121 300  234000-234500   00     121.18  679.2    120.51    -0.66    -0.66
SOPO-6NM64 241121 300  234500-235000   00     122.69  679.2    122.03     0.59     0.59
SOPO-6NM64 241121 300  235000-235500   00     122.88  679.2    122.24     0.76     0.76
SOPO-6NM64 241121 300  235500-240000   00     122.23  679.2    121.60     0.24     0.24
SOPO-6NM64 241122 300  000000-000500   00     121.63  679.3    121.01    -0.25    -0.25
SOPO-6NM64 241122 300  000500-001000   00     122.39  679.3    121.79     0.39     0.39
SOPO-6NM64 241122 300  001000-001500   00     122.33  679.3    121.75     0.36     0.36
SOPO-6NM64 241122 300  001500-002000   00     122.33  679.3    121.77     0.37     0.37
SOPO-6NM64 241122 300  002000-002500   00     123.77  679.3    123.18     1.54     1.54
SOPO-6NM64 241122 300  002500-003000   00     122.37  679.3    121.78     0.38     0.38
SOPO-6NM64 241122 300  003000-003500   00     121.34  679.3    120.77    -0.45    -0.45
SOPO-6NM64 241122 300  003500-004000   00     122.76  679.3    122.18     0.71     0.71
SOPO-6NM64 241122 300  004000-004500   00     122.23  679.3    121.67     0.30     0.30
SOPO-6NM64 241122 300  004500-005000   00     122.09  679.3    121.54     0.19     0.19
SOPO-6NM64 241122 300  005000-005500   00     122.51  679.4    121.99     0.56     0.56
SOPO-6NM64 241122 300  005500-010000   00     121.53  679.4    121.02    -0.24    -0.24
SOPO-6NM64 241122 300  010000-010500   00     122.22  679.4    121.72     0.33     0.33
SOPO-6NM64 241122 300  010500-011000   00     122.32  679.4    121.84     0.43     0.43
SOPO-6NM64 241122 300  011000-011500   00     122.06  679.4    121.59     0.22     0.22
SOPO-6NM64 241122 300  011500-012000   00     122.34  679.4    121.88     0.47     0.47
SOPO-6NM64 241122 300  012000-012500   00     123.50  679.4    123.05     1.43     1.43
SOPO-6NM64 241122 300  012500-013000   00     121.18  679.5    120.75    -0.46    -0.46
SOPO-6NM64 241122 300  013000-013500   00     121.79  679.5    121.37     0.04     0.04
SOPO-6NM64 241122 300  013500-014000   00     120.82  679.5    120.41    -0.74    -0.74
SOPO-6NM64 241122 300  014000-014500   00     121.99  679.5    121.55     0.19     0.19
SOPO-6NM64 241122 300  014500-015000   00     121.23  679.4    120.78    -0.44    -0.44
SOPO-6NM64 241122 300  015000-015500   00     121.03  679.4    120.56    -0.62    -0.62
SOPO-6NM64 241122 300  015500-020000   00     121.55  679.5    121.11    -0.17    -0.17
SOPO-6NM64 241122 3600 020000-030000   00     121.44  679.5    121.03    -0.24    -9999
SOPO-6NM64 241122 3600 030000-040000   00     121.55  679.6    121.26    -0.05    -9999
SOPO-6NM64 241122 3600 040000-050000   00     121.64  679.8    121.53     0.17    -9999
SOPO-6NM64 241122 3600 050000-060000   00     121.35  680.1    121.46     0.12    -9999
SOPO-6NM64 241122 3600 060000-070000   00     120.38  680.2    120.59    -0.59    -9999
SOPO-6NM64 241122 3600 070000-080000   00     120.07  680.2    120.28    -0.85    -9999
SOPO-6NM64 241122 3600 080000-090000   00     119.69  680.4    120.13    -0.98    -9999
SOPO-6NM64 241122 3600 090000-100000   00     119.78  680.7    120.43    -0.73    -9999
SOPO-6NM64 241122 3600 100000-110000   00     119.82  680.7    120.50    -0.68    -9999
SOPO-6NM64 241122 3600 110000-120000   00     119.53  680.8    120.28    -0.85    -9999
SOPO-6NM64 241122 3600 120000-130000   00     119.99  680.8    120.73    -0.48    -9999
SOPO-6NM64 241122 3600 130000-140000   00     119.98  680.7    120.67    -0.53    -9999
SOPO-6NM64 241122 3600 140000-150000   00     119.89  680.7    120.53    -0.65    -9999
SOPO-6NM64 241122 3600 150000-160000   00     120.60  680.7    121.25    -0.05    -9999
SOPO-6NM64 241122 3600 160000-170000   00     121.87  680.7    122.57     1.04    -9999
SOPO-6NM64 241122 3600 170000-180000   00     122.07  680.9    122.95     1.35    -9999
SOPO-6NM64 241122 3600 180000-190000   00     122.01  681.2    123.17     1.53    -9999
SOPO-6NM64 241122 3600 190000-200000   00     122.26  681.4    123.60     1.89    -9999
SOPO-6NM64 241122 3600 200000-210000   00     122.12  681.5    123.57     1.86    -9999
SOPO-6NM64 241122 3600 210000-220000   00     122.11  681.7    123.71     1.97    -9999
SOPO-6NM64 241122 3600 220000-230000   00     121.65  681.8    123.33     1.67    -9999
SOPO-6NM64 241122 3600 230000-240000   00     121.72  681.9    123.51     1.81    -9999
*
COMMENT DATA SOURCE: NMDB | DOWNLOADED ON 27.11.2024
COMMENT DETRENDING DONE BY IU
COMMENT UNIVERISTY OF OULU: FILE GENERATED FROM DATABASE AND OBTAINED FROM
COMMENT https://gle.oulu.fi at 2025-01-11 16:21:29 +00:00
COMMENT FOR HISTORICAL/ORIGINAL TEXT FILES SEE https://gle.oulu.fi/txtarchive/
COMMENT ORIGINAL AT https://gle.oulu.fi/txtarchive/GLE76/C076SOPB_cor.DAT
COMMENT DETRENDED DATA SHOW -9999 IF EQUAL TO INC% COLUMN 