ATHENS     LATITUDE    37.97     LONGITUDE     23.72     ALTITUDE    40 M
ATHENS     INSTRUMENT   3NM64    NEUTRON MONITOR     
ATHENS     STANDARD PRESSURE    980     MB     COEFFICIENT   -0.7      % / MB
ATHENS     PRE-INCREASE BASELINE TIME INTERVAL    241121    160000-180000   UT
ATHENS     PRE-INCREASE AVERAGE COUNTING RATE     50.95      COUNTS PER SECOND
ATHENS     TIME INTERVALS    300         3600     
ATHENS     SCALE FACTORS     1           1        
STATION    YYMMDD  SEC   TIME (UT)   CODE    UNCORR. PRESS.    CORR.    % INC.	DETRENDED
                         INTERVAL    TD      C/S     (MB)      C/S
ATHENS     241120 3600 000000-010000   00      51.85  978.8     51.02     0.12    -9999
ATHENS     241120 3600 010000-020000   00      52.05  978.5     51.23     0.54    -9999
ATHENS     241120 3600 020000-030000   00      52.00  978.0     51.12     0.33    -9999
ATHENS     241120 3600 030000-040000   00      52.44  977.5     51.44     0.95    -9999
ATHENS     241120 3600 040000-050000   00      52.61  977.2     51.29     0.65    -9999
ATHENS     241120 3600 050000-060000   00      52.72  976.9     50.87    -0.17    -9999
ATHENS     241120 3600 060000-070000   00      52.80  977.1     51.75     1.56    -9999
ATHENS     241120 3600 070000-080000   00      52.90  977.2     51.77     1.60    -9999
ATHENS     241120 3600 080000-090000   00      52.69  977.2     50.51    -0.86    -9999
ATHENS     241120 3600 090000-100000   00      53.36  976.3     51.41     0.90    -9999
ATHENS     241120 3600 100000-110000   00      53.61  975.3     51.55     1.17    -9999
ATHENS     241120 3600 110000-120000   00      53.77  974.8     51.50     1.08    -9999
ATHENS     241120 3600 120000-130000   00      54.08  974.2     51.78     1.62    -9999
ATHENS     241120 3600 130000-140000   00      54.33  973.7     51.60     1.27    -9999
ATHENS     241120 3600 140000-150000   00      53.91  973.5     51.33     0.74    -9999
ATHENS     241120 3600 150000-160000   00      54.01  973.3     51.18     0.44    -9999
ATHENS     241120 3600 160000-170000   00      54.00  973.1     51.21     0.50    -9999
ATHENS     241120 3600 170000-180000   00      53.97  972.9     50.85    -0.20    -9999
ATHENS     241120 3600 180000-190000   00      54.40  972.6     51.45     0.98    -9999
ATHENS     241120 3600 190000-200000   00      54.26  972.3     51.26     0.60    -9999
ATHENS     241120 3600 200000-210000   00      54.51  971.8     51.16     0.41    -9999
ATHENS     241120 3600 210000-220000   00      54.18  971.0     50.43    -1.03    -9999
ATHENS     241120 3600 220000-230000   00      54.78  970.1     50.92    -0.06    -9999
ATHENS     241120 3600 230000-240000   00      55.25  969.6     51.26     0.60    -9999
ATHENS     241121 3600 000000-010000   00      55.49  968.7     51.37     0.82    -9999
ATHENS     241121 3600 010000-020000   00      55.65  968.5     51.14     0.36    -9999
ATHENS     241121 3600 020000-030000   00      55.92  967.8     50.97     0.03    -9999
ATHENS     241121 3600 030000-040000   00      56.73  967.6     51.50     1.07    -9999
ATHENS     241121 3600 040000-050000   00      56.24  968.0     51.98     2.02    -9999
ATHENS     241121 3600 050000-060000   00      55.66  968.6     50.80    -0.30    -9999
ATHENS     241121 3600 060000-070000   00      55.76  969.1     51.46     0.99    -9999
ATHENS     241121 3600 070000-080000   00      55.31  969.7     51.54     1.15    -9999
ATHENS     241121 3600 080000-090000   00      55.75  970.1     51.84     1.73    -9999
ATHENS     241121 3600 090000-100000   00      55.69  970.5     51.87     1.79    -9999
ATHENS     241121 3600 100000-110000   00      55.50  970.3     51.29     0.65    -9999
ATHENS     241121 3600 110000-120000   00      55.64  970.4     52.03     2.11    -9999
ATHENS     241121 3600 120000-130000   00      55.57  970.6     51.69     1.44    -9999
ATHENS     241121 3600 130000-140000   00      54.67  971.4     51.47     1.01    -9999
ATHENS     241121 3600 140000-150000   00      54.26  972.0     50.98     0.05    -9999
ATHENS     241121 3600 150000-160000   00      54.32  972.8     51.29     0.66    -9999
ATHENS     241121 300  160000-160500   00      52.15  973.9     49.66    -2.55    -2.69
ATHENS     241121 300  160500-161000   00      53.42  973.7     49.92    -2.02    -2.15
ATHENS     241121 300  161000-161500   00      53.26  973.7     50.38    -1.14    -1.26
ATHENS     241121 300  161500-162000   00      54.16  974.0     51.39     0.85     0.73
ATHENS     241121 300  162000-162500   00      52.38  974.2     49.03    -3.78    -3.90
ATHENS     241121 300  162500-163000   00      52.13  974.3     50.44    -1.01    -1.13
ATHENS     241121 300  163000-163500   00      53.36  974.4     51.11     0.31     0.21
ATHENS     241121 300  163500-164000   00      52.95  974.5     50.31    -1.27    -1.37
ATHENS     241121 300  164000-164500   00      53.72  974.4     51.67     1.41     1.31
ATHENS     241121 300  164500-165000   00      53.59  974.4     52.12     2.30     2.20
ATHENS     241121 300  165000-165500   00      53.78  974.6     50.74    -0.42    -0.51
ATHENS     241121 300  165500-170000   00      53.57  974.9     51.92     1.90     1.82
ATHENS     241121 300  170000-170500   00      52.44  975.1     51.55     1.16     1.09
ATHENS     241121 300  170500-171000   00      51.98  975.3     49.57    -2.71    -2.78
ATHENS     241121 300  171000-171500   00      52.10  975.3     49.67    -2.52    -2.59
ATHENS     241121 300  171500-172000   00      53.00  975.2     49.72    -2.43    -2.49
ATHENS     241121 300  172000-172500   00      53.73  975.2     53.11     4.23     4.17
ATHENS     241121 300  172500-173000   00      52.84  975.3     51.86     1.78     1.73
ATHENS     241121 300  173000-173500   00      53.72  975.4     53.24     4.49     4.45
ATHENS     241121 300  173500-174000   00      52.10  975.8     51.53     1.13     1.09
ATHENS     241121 300  174000-174500   00      52.78  975.9     50.00    -1.87    -1.91
ATHENS     241121 300  174500-175000   00      51.43  975.9     49.47    -2.92    -2.95
ATHENS     241121 300  175000-175500   00      54.77  975.8     53.23     4.46     4.43
ATHENS     241121 300  175500-180000   00      52.41  975.9     51.27     0.62     0.59
ATHENS     241121 300  180000-180500   00      51.87  975.9     49.42    -3.00    -3.02
ATHENS     241121 300  180500-181000   00      53.42  976.0     51.95     1.95     1.94
ATHENS     241121 300  181000-181500   00      53.04  976.0     51.60     1.26     1.25
ATHENS     241121 300  181500-182000   00      52.80  975.9     52.31     2.66     2.65
ATHENS     241121 300  182000-182500   00      52.95  975.9     51.51     1.09     1.09
ATHENS     241121 300  182500-183000   00      52.34  976.0     50.84    -0.23    -0.23
ATHENS     241121 300  183000-183500   00      51.76  976.0     49.87    -2.13    -2.11
ATHENS     241121 300  183500-184000   00      53.77  976.0     52.00     2.06     2.07
ATHENS     241121 300  184000-184500   00      53.10  976.0     51.86     1.77     1.79
ATHENS     241121 300  184500-185000   00      52.75  976.0     51.17     0.42     0.44
ATHENS     241121 300  185000-185500   00      52.85  976.2     51.15     0.38     0.42
ATHENS     241121 300  185500-190000   00      53.07  976.3     51.39     0.85     0.89
ATHENS     241121 300  190000-190500   00      52.73  976.3     51.98     2.01     2.05
ATHENS     241121 300  190500-191000   00      52.32  976.3     50.82    -0.27    -0.22
ATHENS     241121 300  191000-191500   00      52.21  976.3     51.49     1.05     1.10
ATHENS     241121 300  191500-192000   00      52.24  976.4     51.42     0.91     0.97
ATHENS     241121 300  192000-192500   00      52.14  976.5     49.43    -2.99    -2.93
ATHENS     241121 300  192500-193000   00      53.19  976.5     52.75     3.52     3.58
ATHENS     241121 300  193000-193500   00      52.64  976.5     51.28     0.64     0.71
ATHENS     241121 300  193500-194000   00      53.43  976.5     51.98     2.02     2.10
ATHENS     241121 300  194000-194500   00      52.49  976.7     51.83     1.72     1.81
ATHENS     241121 300  194500-195000   00      52.47  976.8     50.01    -1.85    -1.76
ATHENS     241121 300  195000-195500   00      52.18  976.6     49.59    -2.68    -2.59
ATHENS     241121 300  195500-200000   00      51.55  976.6     51.86     1.77     1.87
ATHENS     241121 300  200000-200500   00      51.60  976.8     51.05     0.19     0.29
ATHENS     241121 300  200500-201000   00      51.58  976.8     49.37    -3.11    -3.00
ATHENS     241121 300  201000-201500   00      52.08  976.8     51.19     0.46     0.57
ATHENS     241121 300  201500-202000   00      51.01  977.0     48.82    -4.18    -4.07
ATHENS     241121 300  202000-202500   00      52.80  977.0     51.66     1.38     1.50
ATHENS     241121 300  202500-203000   00      52.93  976.9     52.13     2.31     2.44
ATHENS     241121 300  203000-203500   00      53.28  977.0     52.14     2.33     2.46
ATHENS     241121 300  203500-204000   00      51.37  977.1     50.55    -0.79    -0.65
ATHENS     241121 300  204000-204500   00      51.78  977.0     51.00     0.09     0.23
ATHENS     241121 300  204500-205000   00      51.45  976.9     48.00    -5.80    -5.65
ATHENS     241121 300  205000-205500   00      53.25  977.0     53.68     5.35     5.51
ATHENS     241121 300  205500-210000   00      51.62  977.0     50.09    -1.70    -1.54
ATHENS     241121 300  210000-210500   00      52.27  977.1     50.46    -0.97    -0.80
ATHENS     241121 300  210500-211000   00      52.95  977.1     51.51     1.10     1.27
ATHENS     241121 300  211000-211500   00      52.83  977.2     52.32     2.69     2.86
ATHENS     241121 300  211500-212000   00      53.85  977.2     52.83     3.68     3.85
ATHENS     241121 300  212000-212500   00      52.76  977.1     52.90     3.82     4.01
ATHENS     241121 300  212500-213000   00      51.43  977.2     50.41    -1.07    -0.88
ATHENS     241121 300  213000-213500   00      50.97  977.2     49.16    -3.51    -3.32
ATHENS     241121 300  213500-214000   00      52.57  977.2     51.91     1.88     2.08
ATHENS     241121 300  214000-214500   00      52.65  977.2     51.67     1.40     1.61
ATHENS     241121 300  214500-215000   00      50.48  977.3     49.64    -2.59    -2.38
ATHENS     241121 300  215000-215500   00      52.03  977.3     50.44    -1.00    -0.79
ATHENS     241121 300  215500-220000   00      52.67  977.1     52.14     2.33     2.55
ATHENS     241121 300  220000-220500   00      51.53  977.2     49.49    -2.88    -2.65
ATHENS     241121 300  220500-221000   00      50.44  977.4     49.46    -2.93    -2.70
ATHENS     241121 300  221000-221500   00      51.48  977.4     50.26    -1.37    -1.14
ATHENS     241121 300  221500-222000   00      51.92  977.3     51.02     0.12     0.36
ATHENS     241121 300  222000-222500   00      51.51  977.4     51.23     0.55     0.79
ATHENS     241121 300  222500-223000   00      52.56  977.4     49.90    -2.06    -1.81
ATHENS     241121 300  223000-223500   00      51.96  977.4     51.40     0.88     1.14
ATHENS     241121 300  223500-224000   00      51.33  977.4     50.92    -0.06     0.19
ATHENS     241121 300  224000-224500   00      51.30  977.3     49.12    -3.60    -3.33
ATHENS     241121 300  224500-225000   00      52.25  977.4     50.93    -0.05     0.22
ATHENS     241121 300  225000-225500   00      51.23  977.3     49.29    -3.27    -3.00
ATHENS     241121 300  225500-230000   00      51.64  977.3     49.51    -2.84    -2.56
ATHENS     241121 300  230000-230500   00      51.63  977.3     50.38    -1.14    -0.85
ATHENS     241121 300  230500-231000   00      51.34  977.3     50.38    -1.12    -0.83
ATHENS     241121 300  231000-231500   00      52.05  977.3     50.52    -0.84    -0.55
ATHENS     241121 300  231500-232000   00      51.42  977.4     50.50    -0.89    -0.59
ATHENS     241121 300  232000-232500   00      51.46  977.4     51.78     1.63     1.93
ATHENS     241121 300  232500-233000   00      51.22  977.3     50.09    -1.69    -1.38
ATHENS     241121 300  233000-233500   00      52.80  977.2     50.45    -0.99    -0.68
ATHENS     241121 300  233500-234000   00      52.86  977.3     52.24     2.53     2.84
ATHENS     241121 300  234000-234500   00      51.42  977.3     49.71    -2.44    -2.12
ATHENS     241121 300  234500-235000   00      50.97  977.2     50.39    -1.10    -0.77
ATHENS     241121 300  235000-235500   00      52.37  977.2     50.87    -0.16     0.17
ATHENS     241121 300  235500-240000   00      51.77  977.1     51.01     0.10     0.44
ATHENS     241122 300  000000-000500   00      52.87  977.1     50.11    -1.65    -1.31
ATHENS     241122 300  000500-001000   00      51.61  977.1     51.15     0.38     0.72
ATHENS     241122 300  001000-001500   00      52.69  977.1     50.84    -0.23     0.12
ATHENS     241122 300  001500-002000   00      52.23  977.0     50.67    -0.56    -0.21
ATHENS     241122 300  002000-002500   00      53.46  977.1     52.13     2.32     2.68
ATHENS     241122 300  002500-003000   00      52.24  977.2     50.23    -1.43    -1.06
ATHENS     241122 300  003000-003500   00      52.66  977.2     51.07     0.23     0.60
ATHENS     241122 300  003500-004000   00      51.93  977.2     50.06    -1.75    -1.37
ATHENS     241122 300  004000-004500   00      52.25  977.1     50.64    -0.62    -0.24
ATHENS     241122 300  004500-005000   00      51.28  977.1     50.21    -1.47    -1.08
ATHENS     241122 300  005000-005500   00      52.76  977.1     50.02    -1.82    -1.43
ATHENS     241122 300  005500-010000   00      52.46  977.2     51.05     0.20     0.59
ATHENS     241122 300  010000-010500   00      51.26  977.2     50.24    -1.41    -1.01
ATHENS     241122 300  010500-011000   00      51.60  977.2     49.73    -2.40    -1.99
ATHENS     241122 300  011000-011500   00      52.61  977.2     51.38     0.83     1.25
ATHENS     241122 300  011500-012000   00      52.67  977.2     50.53    -0.83    -0.42
ATHENS     241122 300  012000-012500   00      50.99  977.3     49.24    -3.37    -2.95
ATHENS     241122 300  012500-013000   00      52.49  977.3     51.72     1.50     1.93
ATHENS     241122 300  013000-013500   00      50.77  977.3     49.22    -3.41    -2.98
ATHENS     241122 300  013500-014000   00      52.51  977.3     51.16     0.40     0.84
ATHENS     241122 300  014000-014500   00      52.42  977.3     50.49    -0.91    -0.47
ATHENS     241122 300  014500-015000   00      52.47  977.3     51.58     1.24     1.68
ATHENS     241122 300  015000-015500   00      52.46  977.3     51.94     1.93     2.38
ATHENS     241122 300  015500-020000   00      50.99  977.3     48.77    -4.28    -3.83
ATHENS     241122 3600 020000-030000   00      51.76  977.2     50.82    -0.27    -9999
ATHENS     241122 3600 030000-040000   00      51.52  977.5     50.09    -1.69    -9999
ATHENS     241122 3600 040000-050000   00      51.77  977.6     50.51    -0.87    -9999
ATHENS     241122 3600 050000-060000   00      51.56  977.8     50.86    -0.18    -9999
ATHENS     241122 3600 060000-070000   00      52.13  978.1     51.10     0.28    -9999
ATHENS     241122 3600 070000-080000   00      51.82  978.3     50.52    -0.86    -9999
ATHENS     241122 3600 080000-090000   00      51.97  978.0     50.96     0.00    -9999
ATHENS     241122 3600 090000-100000   00      52.32  977.8     50.96     0.02    -9999
ATHENS     241122 3600 100000-110000   00    -999.00 -999.0   -999.00    -9999    -9999
ATHENS     241122 3600 110000-120000   00    -999.00 -999.0   -999.00    -9999    -9999
ATHENS     241122 3600 120000-130000   00    -999.00 -999.0   -999.00    -9999    -9999
ATHENS     241122 3600 130000-140000   00    -999.00 -999.0   -999.00    -9999    -9999
ATHENS     241122 3600 140000-150000   00    -999.00 -999.0   -999.00    -9999    -9999
ATHENS     241122 3600 150000-160000   00    -999.00 -999.0   -999.00    -9999    -9999
ATHENS     241122 3600 160000-170000   00    -999.00 -999.0   -999.00    -9999    -9999
ATHENS     241122 3600 170000-180000   00    -999.00 -999.0   -999.00    -9999    -9999
ATHENS     241122 3600 180000-190000   00    -999.00 -999.0   -999.00    -9999    -9999
ATHENS     241122 3600 190000-200000   00    -999.00 -999.0   -999.00    -9999    -9999
ATHENS     241122 3600 200000-210000   00    -999.00 -999.0   -999.00    -9999    -9999
ATHENS     241122 3600 210000-220000   00    -999.00 -999.0   -999.00    -9999    -9999
ATHENS     241122 3600 220000-230000   00    -999.00 -999.0   -999.00    -9999    -9999
ATHENS     241122 3600 230000-240000   00    -999.00 -999.0   -999.00    -9999    -9999
*
COMMENT DATA SOURCE: NMDB | DOWNLOADED ON 27.11.2024
COMMENT DETRENDING DONE BY IU
COMMENT UNIVERISTY OF OULU: FILE GENERATED FROM DATABASE AND OBTAINED FROM
COMMENT https://gle.oulu.fi at 2025-01-11 16:21:29 +00:00
COMMENT FOR HISTORICAL/ORIGINAL TEXT FILES SEE https://gle.oulu.fi/txtarchive/
COMMENT ORIGINAL AT https://gle.oulu.fi/txtarchive/GLE76/C076ATHN_cor.DAT
COMMENT DETRENDED DATA SHOW -9999 IF EQUAL TO INC% COLUMN 