THULE      LATITUDE    76.6      LONGITUDE     -68.8     ALTITUDE    260 M
THULE      INSTRUMENT   9NM64    NEUTRON MONITOR     	
THULE      STANDARD PRESSURE    1005    MB     COEFFICIENT   -0.742    % / MB
THULE      PRE-INCREASE BASELINE TIME INTERVAL    241121    160000-180000   UT
THULE      PRE-INCREASE AVERAGE COUNTING RATE    109.95      COUNTS PER SECOND
THULE      TIME INTERVALS    300         3600     
THULE      SCALE FACTORS     1           1        
STATION    YYMMDD  SEC   TIME (UT)   CODE    UNCORR. PRESS.    CORR.    % INC.	DETRENDED
                         INTERVAL    TD      C/S     (MB)      C/S
THULE      241120 3600 000000-010000   00      94.89 1024.9    110.24     0.26    -9999
THULE      241120 3600 010000-020000   00      95.79 1023.2    109.88    -0.07    -9999
THULE      241120 3600 020000-030000   00      95.83 1023.1    109.86    -0.09    -9999
THULE      241120 3600 030000-040000   00      96.04 1023.0    109.94    -0.01    -9999
THULE      241120 3600 040000-050000   00      96.26 1022.2    109.61    -0.31    -9999
THULE      241120 3600 050000-060000   00      96.62 1021.6    109.47    -0.44    -9999
THULE      241120 3600 060000-070000   00      97.15 1020.5    109.23    -0.65    -9999
THULE      241120 3600 070000-080000   00      98.72 1019.7    110.35     0.36    -9999
THULE      241120 3600 080000-090000   00      98.27 1019.8    109.91    -0.04    -9999
THULE      241120 3600 090000-100000   00      98.83 1019.3    110.15     0.18    -9999
THULE      241120 3600 100000-110000   00      99.53 1019.2    110.78     0.75    -9999
THULE      241120 3600 110000-120000   00      99.84 1018.6    110.68     0.66    -9999
THULE      241120 3600 120000-130000   00     100.13 1018.0    110.50     0.49    -9999
THULE      241120 3600 130000-140000   00     100.66 1017.6    110.76     0.74    -9999
THULE      241120 3600 140000-150000   00     101.42 1016.6    110.75     0.73    -9999
THULE      241120 3600 150000-160000   00     101.87 1016.2    110.92     0.88    -9999
THULE      241120 3600 160000-170000   00     102.12 1015.9    110.94     0.89    -9999
THULE      241120 3600 170000-180000   00     102.07 1015.8    110.77     0.74    -9999
THULE      241120 3600 180000-190000   00     101.94 1016.0    110.81     0.78    -9999
THULE      241120 3600 190000-200000   00     101.90 1016.4    111.08     1.03    -9999
THULE      241120 3600 200000-210000   00     101.77 1016.7    111.19     1.12    -9999
THULE      241120 3600 210000-220000   00     101.71 1016.7    111.12     1.06    -9999
THULE      241120 3600 220000-230000   00     102.15 1016.4    111.37     1.29    -9999
THULE      241120 3600 230000-240000   00     101.66 1016.4    110.81     0.78    -9999
THULE      241121 3600 000000-010000   00     101.47 1016.5    110.74     0.71    -9999
THULE      241121 3600 010000-020000   00     101.17 1016.8    110.65     0.63    -9999
THULE      241121 3600 020000-030000   00     100.68 1017.4    110.56     0.55    -9999
THULE      241121 3600 030000-040000   00     100.14 1017.7    110.23     0.25    -9999
THULE      241121 3600 040000-050000   00      99.94 1017.9    110.14     0.17    -9999
THULE      241121 3600 050000-060000   00      99.43 1018.3    109.91    -0.04    -9999
THULE      241121 3600 060000-070000   00      99.52 1018.7    110.37     0.38    -9999
THULE      241121 3600 070000-080000   00      99.08 1019.2    110.30     0.31    -9999
THULE      241121 3600 080000-090000   00      98.75 1019.8    110.43     0.43    -9999
THULE      241121 3600 090000-100000   00      98.14 1020.3    110.16     0.19    -9999
THULE      241121 3600 100000-110000   00      98.21 1020.5    110.41     0.41    -9999
THULE      241121 3600 110000-120000   00      98.12 1020.5    110.29     0.30    -9999
THULE      241121 3600 120000-130000   00      97.98 1020.8    110.38     0.39    -9999
THULE      241121 3600 130000-140000   00      98.19 1021.1    110.84     0.80    -9999
THULE      241121 3600 140000-150000   00      97.74 1021.2    110.42     0.43    -9999
THULE      241121 3600 150000-160000   00      97.58 1021.1    110.14     0.17    -9999
THULE      241121 300  160000-160500   00      97.21 1021.2    109.84    -0.10    -0.10
THULE      241121 300  160500-161000   00      97.67 1021.3    110.39     0.40     0.40
THULE      241121 300  161000-161500   00      96.82 1021.3    109.48    -0.43    -0.43
THULE      241121 300  161500-162000   00      97.47 1021.4    110.24     0.26     0.26
THULE      241121 300  162000-162500   00      97.45 1021.3    110.18     0.21     0.21
THULE      241121 300  162500-163000   00      97.59 1021.3    110.33     0.34     0.34
THULE      241121 300  163000-163500   00      96.66 1021.4    109.39    -0.52    -0.52
THULE      241121 300  163500-164000   00      97.47 1021.4    110.29     0.31     0.31
THULE      241121 300  164000-164500   00      97.48 1021.5    110.35     0.36     0.36
THULE      241121 300  164500-165000   00      95.57 1021.7    108.33    -1.47    -1.47
THULE      241121 300  165000-165500   00      95.46 1021.7    108.25    -1.55    -1.55
THULE      241121 300  165500-170000   00      97.42 1021.7    110.50     0.50     0.50
THULE      241121 300  170000-170500   00      96.43 1021.7    109.37    -0.53    -0.53
THULE      241121 300  170500-171000   00      97.23 1021.8    110.33     0.34     0.34
THULE      241121 300  171000-171500   00      96.71 1021.7    109.68    -0.25    -0.25
THULE      241121 300  171500-172000   00      97.10 1021.7    110.08     0.12     0.12
THULE      241121 300  172000-172500   00      98.16 1021.6    111.24     1.17     1.17
THULE      241121 300  172500-173000   00      96.78 1021.6    109.66    -0.26    -0.26
THULE      241121 300  173000-173500   00      96.51 1021.6    109.33    -0.57    -0.57
THULE      241121 300  173500-174000   00      97.40 1021.6    110.35     0.36     0.36
THULE      241121 300  174000-174500   00      97.21 1021.6    110.13     0.16     0.16
THULE      241121 300  174500-175000   00      97.61 1021.5    110.54     0.54     0.54
THULE      241121 300  175000-175500   00      96.99 1021.6    109.87    -0.08    -0.08
THULE      241121 300  175500-180000   00      97.73 1021.6    110.74     0.72     0.72
THULE      241121 300  180000-180500   00      95.88 1021.7    108.69    -1.15    -1.15
THULE      241121 300  180500-181000   00      97.02 1021.7    109.98     0.02     0.02
THULE      241121 300  181000-181500   00      96.61 1021.6    109.49    -0.42    -0.42
THULE      241121 300  181500-182000   00      99.26 1021.6    112.47     2.29     2.29
THULE      241121 300  182000-182500   00      97.96 1021.6    111.02     0.97     0.97
THULE      241121 300  182500-183000   00      98.84 1021.6    111.97     1.83     1.83
THULE      241121 300  183000-183500   00      97.45 1021.5    110.35     0.36     0.36
THULE      241121 300  183500-184000   00      98.74 1021.5    111.83     1.70     1.70
THULE      241121 300  184000-184500   00      98.02 1021.6    111.05     0.99     0.99
THULE      241121 300  184500-185000   00      99.11 1021.6    112.28     2.12     2.12
THULE      241121 300  185000-185500   00      97.11 1021.4    109.89    -0.06    -0.06
THULE      241121 300  185500-190000   00      98.18 1021.5    111.13     1.07     1.07
THULE      241121 300  190000-190500   00      98.57 1021.5    111.63     1.53     1.53
THULE      241121 300  190500-191000   00      98.58 1021.5    111.61     1.50     1.50
THULE      241121 300  191000-191500   00      97.60 1021.5    110.54     0.53     0.53
THULE      241121 300  191500-192000   00      98.36 1021.5    111.38     1.29     1.29
THULE      241121 300  192000-192500   00      97.93 1021.4    110.81     0.78     0.78
THULE      241121 300  192500-193000   00      99.37 1021.3    112.38     2.20     2.20
THULE      241121 300  193000-193500   00      98.58 1021.3    111.47     1.38     1.38
THULE      241121 300  193500-194000   00      98.82 1021.4    111.77     1.65     1.65
THULE      241121 300  194000-194500   00      98.29 1021.4    111.20     1.13     1.13
THULE      241121 300  194500-195000   00      99.34 1021.4    112.42     2.25     2.25
THULE      241121 300  195000-195500   00      96.87 1021.5    109.66    -0.27    -0.27
THULE      241121 300  195500-200000   00      98.44 1021.4    111.41     1.33     1.33
THULE      241121 300  200000-200500   00      98.13 1021.5    111.08     1.02     1.02
THULE      241121 300  200500-201000   00      97.25 1021.5    110.15     0.18     0.18
THULE      241121 300  201000-201500   00      97.46 1021.6    110.43     0.43     0.43
THULE      241121 300  201500-202000   00      97.10 1021.6    110.04     0.08     0.08
THULE      241121 300  202000-202500   00      97.59 1021.6    110.56     0.56     0.56
THULE      241121 300  202500-203000   00      98.15 1021.6    111.22     1.15     1.15
THULE      241121 300  203000-203500   00      98.09 1021.6    111.16     1.10     1.10
THULE      241121 300  203500-204000   00      98.06 1021.6    111.13     1.07     1.07
THULE      241121 300  204000-204500   00      98.68 1021.6    111.78     1.66     1.66
THULE      241121 300  204500-205000   00      98.10 1021.5    111.09     1.04     1.04
THULE      241121 300  205000-205500   00      98.45 1021.5    111.51     1.42     1.42
THULE      241121 300  205500-210000   00      98.07 1021.5    111.03     0.98     0.98
THULE      241121 300  210000-210500   00      97.18 1021.4    109.98     0.02     0.02
THULE      241121 300  210500-211000   00      98.06 1021.5    111.00     0.95     0.95
THULE      241121 300  211000-211500   00      97.70 1021.6    110.69     0.67     0.67
THULE      241121 300  211500-212000   00      96.49 1021.7    109.39    -0.51    -0.51
THULE      241121 300  212000-212500   00      97.41 1021.6    110.42     0.42     0.42
THULE      241121 300  212500-213000   00      96.58 1021.7    109.51    -0.40    -0.40
THULE      241121 300  213000-213500   00      96.22 1021.7    109.13    -0.75    -0.75
THULE      241121 300  213500-214000   00      97.50 1021.7    110.53     0.52     0.52
THULE      241121 300  214000-214500   00      97.18 1021.6    110.08     0.11     0.11
THULE      241121 300  214500-215000   00      96.93 1021.6    109.86    -0.09    -0.09
THULE      241121 300  215000-215500   00      96.78 1021.7    109.74    -0.20    -0.20
THULE      241121 300  215500-220000   00      96.72 1021.6    109.56    -0.35    -0.35
THULE      241121 300  220000-220500   00      98.33 1021.5    111.34     1.26     1.26
THULE      241121 300  220500-221000   00      96.15 1021.4    108.80    -1.05    -1.05
THULE      241121 300  221000-221500   00      97.17 1021.3    109.85    -0.09    -0.09
THULE      241121 300  221500-222000   00      96.71 1021.3    109.37    -0.53    -0.53
THULE      241121 300  222000-222500   00      97.26 1021.3    109.97     0.02     0.02
THULE      241121 300  222500-223000   00      98.20 1021.2    110.96     0.92     0.92
THULE      241121 300  223000-223500   00      97.84 1021.2    110.53     0.53     0.53
THULE      241121 300  223500-224000   00      97.92 1021.1    110.55     0.54     0.54
THULE      241121 300  224000-224500   00      97.70 1021.0    110.21     0.23     0.23
THULE      241121 300  224500-225000   00      97.20 1020.9    109.57    -0.35    -0.35
THULE      241121 300  225000-225500   00      98.14 1020.9    110.59     0.58     0.58
THULE      241121 300  225500-230000   00      97.74 1020.7    110.04     0.08     0.08
THULE      241121 300  230000-230500   00      97.85 1020.8    110.18     0.21     0.21
THULE      241121 300  230500-231000   00      97.71 1020.7    110.01     0.06     0.06
THULE      241121 300  231000-231500   00      98.29 1020.7    110.64     0.63     0.63
THULE      241121 300  231500-232000   00      97.58 1020.6    109.79    -0.15    -0.15
THULE      241121 300  232000-232500   00      98.56 1020.6    110.84     0.80     0.80
THULE      241121 300  232500-233000   00      98.12 1020.5    110.31     0.33     0.33
THULE      241121 300  233000-233500   00      97.49 1020.5    109.53    -0.38    -0.38
THULE      241121 300  233500-234000   00      98.78 1020.5    111.00     0.95     0.95
THULE      241121 300  234000-234500   00      99.41 1020.4    111.66     1.56     1.56
THULE      241121 300  234500-235000   00      96.39 1020.4    108.23    -1.57    -1.57
THULE      241121 300  235000-235500   00      97.67 1020.4    109.66    -0.26    -0.26
THULE      241121 300  235500-240000   00      98.04 1020.4    110.07     0.10     0.10
THULE      241122 300  000000-000500   00      97.80 1020.3    109.77    -0.16    -0.16
THULE      241122 300  000500-001000   00      97.13 1020.3    109.02    -0.85    -0.85
THULE      241122 300  001000-001500   00      97.55 1020.4    109.53    -0.39    -0.39
THULE      241122 300  001500-002000   00      96.12 1020.4    107.93    -1.84    -1.84
THULE      241122 300  002000-002500   00      98.39 1020.4    110.50     0.49     0.49
THULE      241122 300  002500-003000   00      98.48 1020.2    110.44     0.44     0.44
THULE      241122 300  003000-003500   00      98.01 1020.0    109.74    -0.19    -0.19
THULE      241122 300  003500-004000   00      97.43 1019.9    109.01    -0.86    -0.86
THULE      241122 300  004000-004500   00      97.80 1019.9    109.39    -0.51    -0.51
THULE      241122 300  004500-005000   00      97.82 1019.8    109.36    -0.54    -0.54
THULE      241122 300  005000-005500   00      99.56 1019.6    111.11     1.06     1.06
THULE      241122 300  005500-010000   00      98.93 1019.4    110.27     0.29     0.29
THULE      241122 300  010000-010500   00      96.88 1019.3    107.93    -1.84    -1.84
THULE      241122 300  010500-011000   00      96.96 1019.4    108.09    -1.69    -1.69
THULE      241122 300  011000-011500   00      98.52 1019.5    109.88    -0.06    -0.06
THULE      241122 300  011500-012000   00      98.11 1019.5    109.42    -0.48    -0.48
THULE      241122 300  012000-012500   00      96.93 1019.4    108.01    -1.77    -1.77
THULE      241122 300  012500-013000   00      98.59 1019.1    109.69    -0.24    -0.24
THULE      241122 300  013000-013500   00      98.77 1019.0    109.73    -0.20    -0.20
THULE      241122 300  013500-014000   00      99.64 1018.7    110.49     0.48     0.48
THULE      241122 300  014000-014500   00      98.68 1018.4    109.22    -0.67    -0.67
THULE      241122 300  014500-015000   00      98.74 1018.2    109.08    -0.79    -0.79
THULE      241122 300  015000-015500   00      98.83 1017.8    108.88    -0.98    -0.98
THULE      241122 300  015500-020000   00      99.66 1017.6    109.60    -0.32    -0.32
THULE      241122 3600 020000-030000   00      99.86 1016.8    109.21    -0.67    -9999
THULE      241122 3600 030000-040000   00     100.55 1015.9    109.22    -0.67    -9999
THULE      241122 3600 040000-050000   00     100.98 1015.5    109.32    -0.58    -9999
THULE      241122 3600 050000-060000   00     101.37 1014.8    109.21    -0.68    -9999
THULE      241122 3600 060000-070000   00     101.54 1014.1    108.80    -1.05    -9999
THULE      241122 3600 070000-080000   00     101.69 1013.4    108.44    -1.38    -9999
THULE      241122 3600 080000-090000   00     102.11 1012.8    108.36    -1.45    -9999
THULE      241122 3600 090000-100000   00     103.47 1011.9    109.06    -0.81    -9999
THULE      241122 3600 100000-110000   00     103.58 1011.2    108.67    -1.17    -9999
THULE      241122 3600 110000-120000   00     104.43 1010.5    108.93    -0.93    -9999
THULE      241122 3600 120000-130000   00     104.56 1010.0    108.72    -1.12    -9999
THULE      241122 3600 130000-140000   00     105.10 1009.7    109.00    -0.86    -9999
THULE      241122 3600 140000-150000   00     105.67 1009.1    109.11    -0.77    -9999
THULE      241122 3600 150000-160000   00     105.37 1009.2    108.93    -0.93    -9999
THULE      241122 3600 160000-170000   00     105.76 1009.1    109.18    -0.70    -9999
THULE      241122 3600 170000-180000   00     106.66 1008.7    109.83    -0.11    -9999
THULE      241122 3600 180000-190000   00     107.25 1008.6    110.31     0.32    -9999
THULE      241122 3600 190000-200000   00     107.11 1008.5    110.09     0.12    -9999
THULE      241122 3600 200000-210000   00     107.39 1008.2    110.14     0.17    -9999
THULE      241122 3600 210000-220000   00     108.34 1007.8    110.78     0.75    -9999
THULE      241122 3600 220000-230000   00     108.34 1007.3    110.35     0.36    -9999
THULE      241122 3600 230000-240000   00     109.16 1006.5    110.56     0.55    -9999
*
COMMENT DATA SOURCE: NMDB | DOWNLOADED ON 27.11.2024
COMMENT DETRENDING DONE BY IU
COMMENT UNIVERISTY OF OULU: FILE GENERATED FROM DATABASE AND OBTAINED FROM
COMMENT https://gle.oulu.fi at 2025-01-11 16:21:29 +00:00
COMMENT FOR HISTORICAL/ORIGINAL TEXT FILES SEE https://gle.oulu.fi/txtarchive/
COMMENT ORIGINAL AT https://gle.oulu.fi/txtarchive/GLE76/C076THUL_cor.DAT
COMMENT DETRENDED DATA SHOW -9999 IF EQUAL TO INC% COLUMN 