DOURBES    LATITUDE    50.1      LONGITUDE     4.6       ALTITUDE    225 M
DOURBES    INSTRUMENT   9-NM-64  NEUTRON MONITOR	
DOURBES    STANDARD PRESSURE    986.6   MB     COEFFICIENT   -0.739    % / MB
DOURBES    PRE-INCREASE BASELINE TIME INTERVAL    241121    160000-180000   UT
DOURBES    PRE-INCREASE AVERAGE COUNTING RATE     99.72      COUNTS PER SECOND
DOURBES    TIME INTERVALS    300         3600     
DOURBES    SCALE FACTORS     1           1        
STATION    YYMMDD  SEC   TIME (UT)   CODE    UNCORR. PRESS.    CORR.    % INC.	DETRENDED
                         INTERVAL    TD      C/S     (MB)      C/S
DOURBES    241120 3600 000000-010000   00     108.02  974.5     98.80    -0.93    -9999
DOURBES    241120 3600 010000-020000   00     107.57  975.6     99.16    -0.56    -9999
DOURBES    241120 3600 020000-030000   00     106.26  976.4     98.59    -1.13    -9999
DOURBES    241120 3600 030000-040000   00     106.23  977.3     99.22    -0.50    -9999
DOURBES    241120 3600 040000-050000   00     105.17  978.4     99.02    -0.70    -9999
DOURBES    241120 3600 050000-060000   00     105.78  978.8     99.84     0.12    -9999
DOURBES    241120 3600 060000-070000   00     104.58  979.2     99.06    -0.66    -9999
DOURBES    241120 3600 070000-080000   00     104.84  980.0     99.86     0.15    -9999
DOURBES    241120 3600 080000-090000   00     104.85  980.5    100.25     0.53    -9999
DOURBES    241120 3600 090000-100000   00     104.56  980.7    100.12     0.41    -9999
DOURBES    241120 3600 100000-110000   00     104.46  981.0    100.22     0.50    -9999
DOURBES    241120 3600 110000-120000   00     105.59  980.6    101.04     1.32    -9999
DOURBES    241120 3600 120000-130000   00     104.78  980.6    100.23     0.51    -9999
DOURBES    241120 3600 130000-140000   00     104.80  980.6    100.28     0.56    -9999
DOURBES    241120 3600 140000-150000   00     103.37  980.8     99.04    -0.68    -9999
DOURBES    241120 3600 150000-160000   00     104.85  980.4    100.18     0.47    -9999
DOURBES    241120 3600 160000-170000   00     104.56  980.4     99.87     0.15    -9999
DOURBES    241120 3600 170000-180000   00     104.61  980.5     99.99     0.27    -9999
DOURBES    241120 3600 180000-190000   00     104.60  980.5     99.99     0.27    -9999
DOURBES    241120 3600 190000-200000   00     104.63  980.3     99.90     0.18    -9999
DOURBES    241120 3600 200000-210000   00     104.14  980.2     99.38    -0.34    -9999
DOURBES    241120 3600 210000-220000   00     103.52  980.4     98.94    -0.78    -9999
DOURBES    241120 3600 220000-230000   00     103.26  981.0     99.12    -0.60    -9999
DOURBES    241120 3600 230000-240000   00     102.88  981.5     99.11    -0.62    -9999
DOURBES    241121 3600 000000-010000   00     103.04  981.8     99.47    -0.25    -9999
DOURBES    241121 3600 010000-020000   00     103.16  981.8     99.60    -0.12    -9999
DOURBES    241121 3600 020000-030000   00     103.16  981.6     99.43    -0.29    -9999
DOURBES    241121 3600 030000-040000   00     104.14  981.1    100.04     0.32    -9999
DOURBES    241121 3600 040000-050000   00     104.36  980.5     99.81     0.09    -9999
DOURBES    241121 3600 050000-060000   00     105.01  979.9     99.92     0.20    -9999
DOURBES    241121 3600 060000-070000   00     105.39  979.1     99.77     0.05    -9999
DOURBES    241121 3600 070000-080000   00     106.08  978.3     99.81     0.09    -9999
DOURBES    241121 3600 080000-090000   00     106.34  977.5     99.48    -0.24    -9999
DOURBES    241121 3600 090000-100000   00     107.87  976.3     99.95     0.24    -9999
DOURBES    241121 3600 100000-110000   00     109.00  975.1    100.17     0.45    -9999
DOURBES    241121 3600 110000-120000   00     111.13  973.3    100.72     1.00    -9999
DOURBES    241121 3600 120000-130000   00     112.79  971.2    100.68     0.97    -9999
DOURBES    241121 3600 130000-140000   00     113.57  969.8    100.32     0.60    -9999
DOURBES    241121 3600 140000-150000   00     114.93  968.5    100.55     0.84    -9999
DOURBES    241121 3600 150000-160000   00     115.17  967.7    100.21     0.49    -9999
DOURBES    241121 300  160000-160500   00     115.09  967.4     99.92     0.20    -0.24
DOURBES    241121 300  160500-161000   00     116.16  967.5    100.88     1.16     0.76
DOURBES    241121 300  161000-161500   00     115.99  967.6    100.83     1.12     0.76
DOURBES    241121 300  161500-162000   00     113.67  967.7     98.84    -0.88    -1.20
DOURBES    241121 300  162000-162500   00     112.93  967.8     98.28    -1.44    -1.73
DOURBES    241121 300  162500-163000   00     115.73  967.9    100.80     1.08     0.84
DOURBES    241121 300  163000-163500   00     113.96  968.0     99.34    -0.38    -0.59
DOURBES    241121 300  163500-164000   00     113.07  968.1     98.62    -1.10    -1.27
DOURBES    241121 300  164000-164500   00     115.77  968.2    101.05     1.33     1.20
DOURBES    241121 300  164500-165000   00     112.53  968.3     98.30    -1.42    -1.52
DOURBES    241121 300  165000-165500   00     116.29  968.4    101.64     1.93     1.87
DOURBES    241121 300  165500-170000   00     112.55  968.4     98.43    -1.29    -1.31
DOURBES    241121 300  170000-170500   00     113.11  968.5     98.95    -0.77    -0.76
DOURBES    241121 300  170500-171000   00     112.56  968.6     98.54    -1.18    -1.13
DOURBES    241121 300  171000-171500   00     113.42  968.6     99.28    -0.44    -0.35
DOURBES    241121 300  171500-172000   00     113.48  968.6     99.36    -0.36    -0.24
DOURBES    241121 300  172000-172500   00     112.66  968.6     98.68    -1.04    -0.89
DOURBES    241121 300  172500-173000   00     113.86  968.7     99.74     0.02     0.21
DOURBES    241121 300  173000-173500   00     114.46  968.7    100.32     0.61     0.82
DOURBES    241121 300  173500-174000   00     115.11  968.8    100.93     1.21     1.46
DOURBES    241121 300  174000-174500   00     112.94  968.8     99.06    -0.67    -0.38
DOURBES    241121 300  174500-175000   00     113.68  968.9     99.73     0.02     0.33
DOURBES    241121 300  175000-175500   00     113.59  968.9     99.71    -0.01     0.34
DOURBES    241121 300  175500-180000   00     116.20  969.0    102.03     2.31     2.69
DOURBES    241121 300  180000-180500   00     113.45  969.0     99.66    -0.06     0.34
DOURBES    241121 300  180500-181000   00     113.32  969.1     99.60    -0.12     0.31
DOURBES    241121 300  181000-181500   00     113.06  969.2     99.41    -0.31     0.15
DOURBES    241121 300  181500-182000   00     112.48  969.2     98.92    -0.80    -0.31
DOURBES    241121 300  182000-182500   00     114.44  969.2    100.66     0.94     1.46
DOURBES    241121 300  182500-183000   00     114.00  969.3    100.34     0.63     1.18
DOURBES    241121 300  183000-183500   00     112.61  969.4     99.19    -0.53     0.04
DOURBES    241121 300  183500-184000   00     111.36  969.5     98.13    -1.59    -0.99
DOURBES    241121 300  184000-184500   00     112.65  969.5     99.31    -0.41     0.22
DOURBES    241121 300  184500-185000   00     111.83  969.6     98.64    -1.08    -0.42
DOURBES    241121 300  185000-185500   00     113.53  969.7    100.19     0.47     1.16
DOURBES    241121 300  185500-190000   00     112.38  969.7     99.22    -0.50     0.21
DOURBES    241121 300  190000-190500   00     111.33  969.8     98.33    -1.39    -0.66
DOURBES    241121 300  190500-191000   00     111.81  969.8     98.80    -0.92    -0.17
DOURBES    241121 300  191000-191500   00     112.36  969.9     99.32    -0.40     0.38
DOURBES    241121 300  191500-192000   00     110.76  970.0     97.97    -1.75    -0.95
DOURBES    241121 300  192000-192500   00     113.37  970.1    100.39     0.67     1.50
DOURBES    241121 300  192500-193000   00     111.78  970.2     99.04    -0.69     0.16
DOURBES    241121 300  193000-193500   00     112.42  970.2     99.63    -0.09     0.79
DOURBES    241121 300  193500-194000   00     110.69  970.3     98.12    -1.60    -0.71
DOURBES    241121 300  194000-194500   00     109.37  970.3     97.00    -2.73    -1.82
DOURBES    241121 300  194500-195000   00     110.40  970.4     97.98    -1.75    -0.81
DOURBES    241121 300  195000-195500   00     110.28  970.5     97.96    -1.76    -0.80
DOURBES    241121 300  195500-200000   00     109.90  970.7     97.72    -2.00    -1.03
DOURBES    241121 300  200000-200500   00     110.96  970.7     98.71    -1.01    -0.02
DOURBES    241121 300  200500-201000   00     110.27  970.8     98.12    -1.60    -0.58
DOURBES    241121 300  201000-201500   00     111.70  970.9     99.49    -0.23     0.80
DOURBES    241121 300  201500-202000   00     111.14  971.0     99.04    -0.69     0.37
DOURBES    241121 300  202000-202500   00     110.33  971.1     98.41    -1.31    -0.24
DOURBES    241121 300  202500-203000   00     109.62  971.2     97.85    -1.87    -0.79
DOURBES    241121 300  203000-203500   00     111.43  971.3     99.52    -0.20     0.90
DOURBES    241121 300  203500-204000   00     110.37  971.4     98.65    -1.08     0.05
DOURBES    241121 300  204000-204500   00     110.15  971.5     98.54    -1.18    -0.04
DOURBES    241121 300  204500-205000   00     109.52  971.6     98.06    -1.66    -0.51
DOURBES    241121 300  205000-205500   00     110.11  971.7     98.63    -1.09     0.08
DOURBES    241121 300  205500-210000   00     110.04  971.8     98.64    -1.09     0.10
DOURBES    241121 300  210000-210500   00     110.96  971.9     99.57    -0.15     1.05
DOURBES    241121 300  210500-211000   00     110.05  972.0     98.80    -0.92     0.29
DOURBES    241121 300  211000-211500   00     109.83  972.1     98.69    -1.03     0.19
DOURBES    241121 300  211500-212000   00     110.52  972.2     99.36    -0.36     0.88
DOURBES    241121 300  212000-212500   00     110.22  972.3     99.18    -0.54     0.71
DOURBES    241121 300  212500-213000   00     109.33  972.4     98.44    -1.28    -0.02
DOURBES    241121 300  213000-213500   00     109.24  972.5     98.44    -1.28    -0.01
DOURBES    241121 300  213500-214000   00     108.85  972.5     98.12    -1.61    -0.32
DOURBES    241121 300  214000-214500   00     107.94  972.5     97.32    -2.41    -1.11
DOURBES    241121 300  214500-215000   00     106.92  972.6     96.46    -3.27    -1.96
DOURBES    241121 300  215000-215500   00     109.94  972.7     99.23    -0.49     0.83
DOURBES    241121 300  215500-220000   00     108.00  972.7     97.50    -2.22    -0.90
DOURBES    241121 300  220000-220500   00     108.11  972.8     97.62    -2.10    -0.77
DOURBES    241121 300  220500-221000   00     110.13  972.8     99.48    -0.24     1.10
DOURBES    241121 300  221000-221500   00     107.90  972.8     97.48    -2.25    -0.90
DOURBES    241121 300  221500-222000   00     108.43  972.9     98.02    -1.70    -0.34
DOURBES    241121 300  222000-222500   00     107.39  973.0     97.17    -2.56    -1.20
DOURBES    241121 300  222500-223000   00     109.34  973.1     99.01    -0.71     0.66
DOURBES    241121 300  223000-223500   00     108.57  973.2     98.33    -1.39    -0.01
DOURBES    241121 300  223500-224000   00     107.60  973.2     97.47    -2.26    -0.88
DOURBES    241121 300  224000-224500   00     109.53  973.2     99.25    -0.47     0.92
DOURBES    241121 300  224500-225000   00     107.77  973.3     97.68    -2.04    -0.65
DOURBES    241121 300  225000-225500   00     108.66  973.3     98.50    -1.22     0.18
DOURBES    241121 300  225500-230000   00     108.95  973.4     98.82    -0.90     0.50
DOURBES    241121 300  230000-230500   00     108.97  973.5     98.91    -0.82     0.59
DOURBES    241121 300  230500-231000   00     109.06  973.5     99.04    -0.68     0.73
DOURBES    241121 300  231000-231500   00     109.92  973.7     99.94     0.22     1.63
DOURBES    241121 300  231500-232000   00     105.51  973.8     96.01    -3.72    -2.31
DOURBES    241121 300  232000-232500   00     107.29  973.8     97.64    -2.08    -0.67
DOURBES    241121 300  232500-233000   00     107.57  973.9     97.96    -1.76    -0.34
DOURBES    241121 300  233000-233500   00     107.72  974.0     98.19    -1.53    -0.11
DOURBES    241121 300  233500-234000   00     106.71  974.2     97.35    -2.37    -0.96
DOURBES    241121 300  234000-234500   00     108.12  974.2     98.70    -1.02     0.40
DOURBES    241121 300  234500-235000   00     106.62  974.3     97.38    -2.35    -0.93
DOURBES    241121 300  235000-235500   00     106.34  974.3     97.13    -2.59    -1.17
DOURBES    241121 300  235500-240000   00     108.89  974.4     99.49    -0.23     1.19
DOURBES    241122 300  000000-000500   00     110.19  974.4    100.71     0.99     2.41
DOURBES    241122 300  000500-001000   00     107.70  974.5     98.51    -1.21     0.20
DOURBES    241122 300  001000-001500   00     108.24  974.6     99.06    -0.66     0.75
DOURBES    241122 300  001500-002000   00     108.34  974.6     99.20    -0.52     0.89
DOURBES    241122 300  002000-002500   00     106.40  974.7     97.47    -2.25    -0.85
DOURBES    241122 300  002500-003000   00     106.76  974.9     97.91    -1.81    -0.41
DOURBES    241122 300  003000-003500   00     108.01  974.9     99.11    -0.61     0.78
DOURBES    241122 300  003500-004000   00     108.12  975.0     99.28    -0.44     0.95
DOURBES    241122 300  004000-004500   00     105.88  975.1     97.29    -2.43    -1.05
DOURBES    241122 300  004500-005000   00     107.12  975.2     98.48    -1.24     0.14
DOURBES    241122 300  005000-005500   00     108.08  975.3     99.41    -0.31     1.07
DOURBES    241122 300  005500-010000   00     106.63  975.3     98.14    -1.58    -0.21
DOURBES    241122 300  010000-010500   00     107.51  975.4     99.02    -0.70     0.66
DOURBES    241122 300  010500-011000   00     105.37  975.5     97.10    -2.62    -1.27
DOURBES    241122 300  011000-011500   00     107.59  975.6     99.20    -0.52     0.82
DOURBES    241122 300  011500-012000   00     108.29  975.6     99.89     0.17     1.51
DOURBES    241122 300  012000-012500   00     107.85  975.6     99.48    -0.24     1.09
DOURBES    241122 300  012500-013000   00     107.86  975.6     99.46    -0.26     1.06
DOURBES    241122 300  013000-013500   00     106.56  975.6     98.28    -1.45    -0.14
DOURBES    241122 300  013500-014000   00     107.09  975.6     98.78    -0.94     0.36
DOURBES    241122 300  014000-014500   00     106.14  975.7     97.92    -1.80    -0.51
DOURBES    241122 300  014500-015000   00     106.41  975.8     98.26    -1.46    -0.18
DOURBES    241122 300  015000-015500   00     105.74  975.8     97.66    -2.07    -0.80
DOURBES    241122 300  015500-020000   00     107.59  975.9     99.45    -0.27     0.99
DOURBES    241122 3600 020000-030000   00     106.13  976.1     98.26    -1.47    -9999
DOURBES    241122 3600 030000-040000   00     106.00  976.5     98.42    -1.30    -9999
DOURBES    241122 3600 040000-050000   00     106.67  976.9     99.31    -0.41    -9999
DOURBES    241122 3600 050000-060000   00    -999.00 -999.0   -999.00    -9999    -9999
DOURBES    241122 3600 060000-070000   00    -999.00 -999.0   -999.00    -9999    -9999
DOURBES    241122 3600 070000-080000   00    -999.00 -999.0   -999.00    -9999    -9999
DOURBES    241122 3600 080000-090000   00    -999.00 -999.0   -999.00    -9999    -9999
DOURBES    241122 3600 090000-100000   00     102.18  979.5     97.02    -2.71    -9999
DOURBES    241122 3600 100000-110000   00     104.00  979.9     99.04    -0.68    -9999
DOURBES    241122 3600 110000-120000   00     103.56  980.8     99.25    -0.47    -9999
DOURBES    241122 3600 120000-130000   00     102.91  981.4     99.05    -0.67    -9999
DOURBES    241122 3600 130000-140000   00     103.51  981.8     99.91     0.19    -9999
DOURBES    241122 3600 140000-150000   00     102.49  982.5     99.43    -0.29    -9999
DOURBES    241122 3600 150000-160000   00     102.43  983.5    100.10     0.38    -9999
DOURBES    241122 3600 160000-170000   00     101.13  984.6     99.67    -0.05    -9999
DOURBES    241122 3600 170000-180000   00     100.67  986.2    100.38     0.67    -9999
DOURBES    241122 3600 180000-190000   00      99.53  987.4    100.17     0.46    -9999
DOURBES    241122 3600 190000-200000   00      98.04  988.6     99.51    -0.21    -9999
DOURBES    241122 3600 200000-210000   00      97.91  989.9    100.33     0.61    -9999
DOURBES    241122 3600 210000-220000   00      96.20  991.0     99.36    -0.36    -9999
DOURBES    241122 3600 220000-230000   00      95.86  991.5     99.39    -0.33    -9999
DOURBES    241122 3600 230000-240000   00      95.79  992.1     99.79     0.07    -9999
*
COMMENT DATA SOURCE: NMDB | DOWNLOADED ON 27.11.2024
COMMENT DETRENDING DONE BY IU
COMMENT UNIVERISTY OF OULU: FILE GENERATED FROM DATABASE AND OBTAINED FROM
COMMENT https://gle.oulu.fi at 2025-01-11 16:21:29 +00:00
COMMENT FOR HISTORICAL/ORIGINAL TEXT FILES SEE https://gle.oulu.fi/txtarchive/
COMMENT ORIGINAL AT https://gle.oulu.fi/txtarchive/GLE76/C076DRBS_cor.DAT
COMMENT DETRENDED DATA SHOW -9999 IF EQUAL TO INC% COLUMN 