MEXICOCITY LATITUDE    19.33     LONGITUDE     260.82    ALTITUDE    2274 M
MEXICOCITY INSTRUMENT   6-NM-64  NEUTRON MONITOR
MEXICOCITY STANDARD PRESSURE    778.58  MB     COEFFICIENT   -0.95     % / MB
MEXICOCITY PRE-INCREASE BASELINE TIME INTERVAL    241121    160000-180000   UT
MEXICOCITY PRE-INCREASE AVERAGE COUNTING RATE    212.26      COUNTS PER SECOND
MEXICOCITY TIME INTERVALS    300         3600     
MEXICOCITY SCALE FACTORS     1           1        
STATION    YYMMDD  SEC   TIME (UT)   CODE    UNCORR. PRESS.    CORR.    % INC.	DETRENDED
                         INTERVAL    TD      C/S     (MB)      C/S
MEXICOCITY 241120 3600 000000-010000   00     222.32  772.5    212.78     0.25    -9999
MEXICOCITY 241120 3600 010000-020000   00     221.20  773.4    213.06     0.38    -9999
MEXICOCITY 241120 3600 020000-030000   00     218.94  774.4    212.38     0.06    -9999
MEXICOCITY 241120 3600 030000-040000   00     217.58  775.3    212.35     0.05    -9999
MEXICOCITY 241120 3600 040000-050000   00     216.08  776.1    212.21    -0.02    -9999
MEXICOCITY 241120 3600 050000-060000   00     215.76  776.3    212.18    -0.03    -9999
MEXICOCITY 241120 3600 060000-070000   00     216.93  776.2    213.22     0.46    -9999
MEXICOCITY 241120 3600 070000-080000   00     216.31  776.2    212.55     0.14    -9999
MEXICOCITY 241120 3600 080000-090000   00     216.02  776.0    211.88    -0.18    -9999
MEXICOCITY 241120 3600 090000-100000   00     217.69  775.7    213.15     0.42    -9999
MEXICOCITY 241120 3600 100000-110000   00     216.93  776.1    212.95     0.33    -9999
MEXICOCITY 241120 3600 110000-120000   00     216.03  776.7    212.98     0.34    -9999
MEXICOCITY 241120 3600 120000-130000   00     214.69  777.2    212.47     0.10    -9999
MEXICOCITY 241120 3600 130000-140000   00     215.09  777.8    213.75     0.71    -9999
MEXICOCITY 241120 3600 140000-150000   00     214.11  778.5    213.82     0.74    -9999
MEXICOCITY 241120 3600 150000-160000   00     212.60  779.2    213.35     0.51    -9999
MEXICOCITY 241120 3600 160000-170000   00     212.81  779.3    213.78     0.72    -9999
MEXICOCITY 241120 3600 170000-180000   00     214.47  778.8    214.60     1.10    -9999
MEXICOCITY 241120 3600 180000-190000   00     215.15  778.2    214.43     1.02    -9999
MEXICOCITY 241120 3600 190000-200000   00     215.50  777.7    214.08     0.86    -9999
MEXICOCITY 241120 3600 200000-210000   00     215.67  777.3    213.60     0.63    -9999
MEXICOCITY 241120 3600 210000-220000   00     215.66  777.3    213.62     0.64    -9999
MEXICOCITY 241120 3600 220000-230000   00     214.11  777.9    213.01     0.36    -9999
MEXICOCITY 241120 3600 230000-240000   00     212.22  778.9    212.62     0.17    -9999
MEXICOCITY 241121 3600 000000-010000   00     210.70  779.5    212.02    -0.11    -9999
MEXICOCITY 241121 3600 010000-020000   00     209.91  780.3    212.32     0.03    -9999
MEXICOCITY 241121 3600 020000-030000   00     208.70  780.8    211.88    -0.18    -9999
MEXICOCITY 241121 3600 030000-040000   00     208.04  781.2    211.75    -0.24    -9999
MEXICOCITY 241121 3600 040000-050000   00     207.96  781.1    211.57    -0.32    -9999
MEXICOCITY 241121 3600 050000-060000   00     208.92  780.9    212.29     0.01    -9999
MEXICOCITY 241121 3600 060000-070000   00     208.37  780.6    211.26    -0.47    -9999
MEXICOCITY 241121 3600 070000-080000   00     209.89  780.1    212.04    -0.10    -9999
MEXICOCITY 241121 3600 080000-090000   00     210.39  779.4    211.55    -0.33    -9999
MEXICOCITY 241121 3600 090000-100000   00     211.53  779.2    212.28     0.01    -9999
MEXICOCITY 241121 3600 100000-110000   00     211.50  779.0    212.07    -0.09    -9999
MEXICOCITY 241121 3600 110000-120000   00     211.13  779.2    211.89    -0.17    -9999
MEXICOCITY 241121 3600 120000-130000   00     211.43  779.4    212.49     0.11    -9999
MEXICOCITY 241121 3600 130000-140000   00     210.53  779.6    211.92    -0.16    -9999
MEXICOCITY 241121 3600 140000-150000   00     210.64  779.8    212.29     0.02    -9999
MEXICOCITY 241121 3600 150000-160000   00     210.83  779.8    212.58     0.15    -9999
MEXICOCITY 241121 300  160000-160500   00     207.90  779.5    209.14    -1.47    -1.47
MEXICOCITY 241121 300  160500-161000   00     210.18  779.5    211.43    -0.39    -0.39
MEXICOCITY 241121 300  161000-161500   00     210.62  779.5    211.82    -0.21    -0.21
MEXICOCITY 241121 300  161500-162000   00     213.39  779.4    214.51     1.06     1.06
MEXICOCITY 241121 300  162000-162500   00     209.77  779.4    210.84    -0.67    -0.67
MEXICOCITY 241121 300  162500-163000   00     211.63  779.3    212.59     0.16     0.16
MEXICOCITY 241121 300  163000-163500   00     211.75  779.2    212.55     0.14     0.14
MEXICOCITY 241121 300  163500-164000   00     210.25  779.2    211.02    -0.58    -0.58
MEXICOCITY 241121 300  164000-164500   00     213.51  779.1    214.17     0.90     0.90
MEXICOCITY 241121 300  164500-165000   00     211.39  779.0    211.95    -0.14    -0.14
MEXICOCITY 241121 300  165000-165500   00     209.99  779.0    210.49    -0.83    -0.83
MEXICOCITY 241121 300  165500-170000   00     211.51  779.0    212.01    -0.12    -0.12
MEXICOCITY 241121 300  170000-170500   00     212.96  779.0    213.47     0.57     0.57
MEXICOCITY 241121 300  170500-171000   00     212.88  779.0    213.32     0.50     0.50
MEXICOCITY 241121 300  171000-171500   00     209.53  778.9    209.88    -1.12    -1.12
MEXICOCITY 241121 300  171500-172000   00     212.36  778.8    212.59     0.16     0.16
MEXICOCITY 241121 300  172000-172500   00     213.36  778.8    213.56     0.62     0.62
MEXICOCITY 241121 300  172500-173000   00     211.63  778.8    211.83    -0.20    -0.20
MEXICOCITY 241121 300  173000-173500   00     213.59  778.7    213.64     0.65     0.65
MEXICOCITY 241121 300  173500-174000   00     211.71  778.7    211.76    -0.23    -0.23
MEXICOCITY 241121 300  174000-174500   00     211.03  778.6    210.93    -0.63    -0.63
MEXICOCITY 241121 300  174500-175000   00     212.56  778.5    212.34     0.04     0.04
MEXICOCITY 241121 300  175000-175500   00     214.04  778.5    213.79     0.72     0.72
MEXICOCITY 241121 300  175500-180000   00     214.90  778.4    214.52     1.07     1.07
MEXICOCITY 241121 300  180000-180500   00     214.73  778.4    214.29     0.96     0.96
MEXICOCITY 241121 300  180500-181000   00     213.54  778.3    212.92     0.31     0.31
MEXICOCITY 241121 300  181000-181500   00     212.37  778.2    211.64    -0.29    -0.29
MEXICOCITY 241121 300  181500-182000   00     213.15  778.1    212.29     0.02     0.02
MEXICOCITY 241121 300  182000-182500   00     213.01  778.1    212.09    -0.08    -0.08
MEXICOCITY 241121 300  182500-183000   00     214.30  778.0    213.25     0.47     0.47
MEXICOCITY 241121 300  183000-183500   00     214.80  777.9    213.60     0.63     0.63
MEXICOCITY 241121 300  183500-184000   00     216.16  777.8    214.80     1.20     1.20
MEXICOCITY 241121 300  184000-184500   00     209.64  777.7    208.20    -1.91    -1.91
MEXICOCITY 241121 300  184500-185000   00     213.30  777.6    211.71    -0.26    -0.26
MEXICOCITY 241121 300  185000-185500   00     212.98  777.6    211.37    -0.42    -0.42
MEXICOCITY 241121 300  185500-190000   00     214.40  777.5    212.59     0.16     0.16
MEXICOCITY 241121 300  190000-190500   00     216.49  777.4    214.61     1.11     1.11
MEXICOCITY 241121 300  190500-191000   00     214.69  777.4    212.76     0.24     0.24
MEXICOCITY 241121 300  191000-191500   00     214.87  777.3    212.82     0.27     0.27
MEXICOCITY 241121 300  191500-192000   00     215.75  777.3    213.60     0.63     0.63
MEXICOCITY 241121 300  192000-192500   00     214.07  777.2    211.81    -0.21    -0.21
MEXICOCITY 241121 300  192500-193000   00     214.46  777.1    212.08    -0.08    -0.08
MEXICOCITY 241121 300  193000-193500   00     216.59  777.1    214.19     0.91     0.91
MEXICOCITY 241121 300  193500-194000   00     212.79  777.0    210.28    -0.93    -0.93
MEXICOCITY 241121 300  194000-194500   00     214.78  777.0    212.21    -0.02    -0.02
MEXICOCITY 241121 300  194500-195000   00     215.41  776.9    212.72     0.22     0.22
MEXICOCITY 241121 300  195000-195500   00     216.20  776.8    213.37     0.52     0.52
MEXICOCITY 241121 300  195500-200000   00     216.41  776.7    213.43     0.55     0.55
MEXICOCITY 241121 300  200000-200500   00     212.85  776.6    209.79    -1.16    -1.16
MEXICOCITY 241121 300  200500-201000   00     215.51  776.6    212.36     0.05     0.05
MEXICOCITY 241121 300  201000-201500   00     216.40  776.6    213.18     0.44     0.44
MEXICOCITY 241121 300  201500-202000   00     218.17  776.5    214.86     1.23     1.23
MEXICOCITY 241121 300  202000-202500   00     217.21  776.5    213.89     0.77     0.77
MEXICOCITY 241121 300  202500-203000   00     213.83  776.5    210.55    -0.80    -0.80
MEXICOCITY 241121 300  203000-203500   00     214.52  776.5    211.23    -0.48    -0.48
MEXICOCITY 241121 300  203500-204000   00     215.67  776.4    212.25     0.00     0.00
MEXICOCITY 241121 300  204000-204500   00     215.45  776.4    212.06    -0.09    -0.09
MEXICOCITY 241121 300  204500-205000   00     214.20  776.4    210.76    -0.70    -0.70
MEXICOCITY 241121 300  205000-205500   00     216.70  776.4    213.20     0.44     0.44
MEXICOCITY 241121 300  205500-210000   00     217.23  776.3    213.62     0.64     0.64
MEXICOCITY 241121 300  210000-210500   00     214.80  776.3    211.18    -0.51    -0.51
MEXICOCITY 241121 300  210500-211000   00     215.51  776.2    211.78    -0.22    -0.22
MEXICOCITY 241121 300  211000-211500   00     215.05  776.2    211.31    -0.45    -0.45
MEXICOCITY 241121 300  211500-212000   00     216.59  776.2    212.82     0.26     0.26
MEXICOCITY 241121 300  212000-212500   00     214.83  776.1    210.94    -0.62    -0.62
MEXICOCITY 241121 300  212500-213000   00     217.28  776.1    213.34     0.51     0.51
MEXICOCITY 241121 300  213000-213500   00     215.15  776.1    211.25    -0.48    -0.48
MEXICOCITY 241121 300  213500-214000   00     215.31  776.1    211.38    -0.41    -0.41
MEXICOCITY 241121 300  214000-214500   00     214.53  776.0    210.49    -0.83    -0.83
MEXICOCITY 241121 300  214500-215000   00     218.45  776.0    214.34     0.98     0.98
MEXICOCITY 241121 300  215000-215500   00     212.92  776.0    208.88    -1.59    -1.59
MEXICOCITY 241121 300  215500-220000   00     218.05  776.0    213.95     0.80     0.80
MEXICOCITY 241121 300  220000-220500   00     215.82  775.9    211.64    -0.29    -0.29
MEXICOCITY 241121 300  220500-221000   00     216.74  775.9    212.51     0.12     0.12
MEXICOCITY 241121 300  221000-221500   00     219.19  775.9    214.91     1.25     1.25
MEXICOCITY 241121 300  221500-222000   00     212.15  775.9    208.01    -2.00    -2.00
MEXICOCITY 241121 300  222000-222500   00     214.00  775.9    209.83    -1.14    -1.14
MEXICOCITY 241121 300  222500-223000   00     215.77  775.9    211.55    -0.33    -0.33
MEXICOCITY 241121 300  223000-223500   00     216.80  775.9    212.57     0.15     0.15
MEXICOCITY 241121 300  223500-224000   00     217.46  775.9    213.22     0.45     0.45
MEXICOCITY 241121 300  224000-224500   00     215.87  775.9    211.63    -0.30    -0.30
MEXICOCITY 241121 300  224500-225000   00     214.69  775.9    210.50    -0.83    -0.83
MEXICOCITY 241121 300  225000-225500   00     214.58  775.9    210.39    -0.88    -0.88
MEXICOCITY 241121 300  225500-230000   00     215.70  775.9    211.48    -0.36    -0.36
MEXICOCITY 241121 300  230000-230500   00     214.44  775.9    210.31    -0.92    -0.92
MEXICOCITY 241121 300  230500-231000   00     214.28  776.0    210.24    -0.95    -0.95
MEXICOCITY 241121 300  231000-231500   00     215.19  776.0    211.15    -0.52    -0.52
MEXICOCITY 241121 300  231500-232000   00     213.75  776.0    209.72    -1.19    -1.19
MEXICOCITY 241121 300  232000-232500   00     213.97  776.0    209.95    -1.09    -1.09
MEXICOCITY 241121 300  232500-233000   00     216.94  776.1    212.95     0.33     0.33
MEXICOCITY 241121 300  233000-233500   00     217.30  776.1    213.42     0.55     0.55
MEXICOCITY 241121 300  233500-234000   00     215.62  776.2    211.86    -0.19    -0.19
MEXICOCITY 241121 300  234000-234500   00     215.12  776.3    211.47    -0.37    -0.37
MEXICOCITY 241121 300  234500-235000   00     212.97  776.4    209.50    -1.30    -1.30
MEXICOCITY 241121 300  235000-235500   00     214.20  776.4    210.76    -0.70    -0.70
MEXICOCITY 241121 300  235500-240000   00     213.16  776.4    209.81    -1.15    -1.15
MEXICOCITY 241122 300  000000-000500   00     215.14  776.5    211.84    -0.20    -0.20
MEXICOCITY 241122 300  000500-001000   00     216.25  776.5    212.93     0.32     0.32
MEXICOCITY 241122 300  001000-001500   00     213.48  776.6    210.33    -0.91    -0.91
MEXICOCITY 241122 300  001500-002000   00     212.79  776.6    209.74    -1.19    -1.19
MEXICOCITY 241122 300  002000-002500   00     212.56  776.7    209.63    -1.24    -1.24
MEXICOCITY 241122 300  002500-003000   00     211.98  776.8    209.24    -1.42    -1.42
MEXICOCITY 241122 300  003000-003500   00     212.17  776.9    209.55    -1.28    -1.28
MEXICOCITY 241122 300  003500-004000   00     213.97  777.0    211.44    -0.38    -0.38
MEXICOCITY 241122 300  004000-004500   00     213.22  777.0    210.73    -0.72    -0.72
MEXICOCITY 241122 300  004500-005000   00     212.73  777.1    210.40    -0.88    -0.88
MEXICOCITY 241122 300  005000-005500   00     212.40  777.2    210.22    -0.96    -0.96
MEXICOCITY 241122 300  005500-010000   00     212.67  777.4    210.70    -0.73    -0.73
MEXICOCITY 241122 300  010000-010500   00     214.35  777.4    212.43     0.08     0.08
MEXICOCITY 241122 300  010500-011000   00     212.07  777.5    210.31    -0.92    -0.92
MEXICOCITY 241122 300  011000-011500   00     212.30  777.6    210.72    -0.73    -0.73
MEXICOCITY 241122 300  011500-012000   00     211.08  777.7    209.63    -1.24    -1.24
MEXICOCITY 241122 300  012000-012500   00     211.74  777.8    210.44    -0.85    -0.85
MEXICOCITY 241122 300  012500-013000   00     212.69  777.9    211.48    -0.37    -0.37
MEXICOCITY 241122 300  013000-013500   00     209.83  777.9    208.71    -1.67    -1.67
MEXICOCITY 241122 300  013500-014000   00     209.94  778.0    208.98    -1.55    -1.55
MEXICOCITY 241122 300  014000-014500   00     212.99  778.1    212.13    -0.06    -0.06
MEXICOCITY 241122 300  014500-015000   00     212.40  778.1    211.54    -0.34    -0.34
MEXICOCITY 241122 300  015000-015500   00     210.54  778.2    209.78    -1.17    -1.17
MEXICOCITY 241122 300  015500-020000   00     208.39  778.3    207.82    -2.09    -2.09
MEXICOCITY 241122 3600 020000-030000   00     209.19  778.8    209.32    -1.38    -9999
MEXICOCITY 241122 3600 030000-040000   00     209.62  779.3    210.63    -0.76    -9999
MEXICOCITY 241122 3600 040000-050000   00     208.54  779.5    209.85    -1.13    -9999
MEXICOCITY 241122 3600 050000-060000   00     207.98  779.6    209.44    -1.33    -9999
MEXICOCITY 241122 3600 060000-070000   00     209.13  779.2    209.99    -1.07    -9999
MEXICOCITY 241122 3600 070000-080000   00     209.30  779.0    209.79    -1.16    -9999
MEXICOCITY 241122 3600 080000-090000   00     209.71  778.7    209.79    -1.16    -9999
MEXICOCITY 241122 3600 090000-100000   00     209.90  778.5    209.59    -1.25    -9999
MEXICOCITY 241122 3600 100000-110000   00     210.54  778.3    209.97    -1.08    -9999
MEXICOCITY 241122 3600 110000-120000   00     210.89  778.2    210.18    -0.98    -9999
MEXICOCITY 241122 3600 120000-130000   00     210.28  778.5    210.00    -1.06    -9999
MEXICOCITY 241122 3600 130000-140000   00     210.25  778.9    210.57    -0.79    -9999
MEXICOCITY 241122 3600 140000-150000   00     209.98  779.4    211.01    -0.59    -9999
MEXICOCITY 241122 3600 150000-160000   00     210.42  779.6    211.82    -0.20    -9999
MEXICOCITY 241122 3600 160000-170000   00     211.65  779.3    212.58     0.15    -9999
MEXICOCITY 241122 3600 170000-180000   00     213.34  778.5    213.04     0.37    -9999
MEXICOCITY 241122 3600 180000-190000   00     215.12  777.4    213.18     0.44    -9999
MEXICOCITY 241122 3600 190000-200000   00     216.76  776.4    213.23     0.46    -9999
MEXICOCITY 241122 3600 200000-210000   00     218.17  775.7    213.57     0.62    -9999
MEXICOCITY 241122 3600 210000-220000   00     219.47  775.3    214.30     0.96    -9999
MEXICOCITY 241122 3600 220000-230000   00     218.33  775.2    213.06     0.38    -9999
MEXICOCITY 241122 3600 230000-240000   00     218.01  775.6    213.27     0.48    -9999
*
COMMENT DATA SOURCE: NMDB | DOWNLOADED ON 27.11.2024
COMMENT DETRENDING DONE BY IU
COMMENT UNIVERISTY OF OULU: FILE GENERATED FROM DATABASE AND OBTAINED FROM
COMMENT https://gle.oulu.fi at 2025-01-11 16:21:29 +00:00
COMMENT FOR HISTORICAL/ORIGINAL TEXT FILES SEE https://gle.oulu.fi/txtarchive/
COMMENT ORIGINAL AT https://gle.oulu.fi/txtarchive/GLE76/C076MXCO_cor.DAT
COMMENT DETRENDED DATA SHOW -9999 IF EQUAL TO INC% COLUMN 