SOUTH-POLE LATITUDE    -90       LONGITUDE     0         ALTITUDE    2820 M
SOUTH-POLE INSTRUMENT   3NM64    NEUTRON MONITOR     	
SOUTH-POLE STANDARD PRESSURE    680     MB     COEFFICIENT   -0.74     % / MB
SOUTH-POLE PRE-INCREASE BASELINE TIME INTERVAL    241121    160000-180000   UT
SOUTH-POLE PRE-INCREASE AVERAGE COUNTING RATE    252.85      COUNTS PER SECOND
SOUTH-POLE TIME INTERVALS    300         3600     
SOUTH-POLE SCALE FACTORS     1           1        
STATION    YYMMDD  SEC   TIME (UT)   CODE    UNCORR. PRESS.    CORR.    % INC.	DETRENDED
                         INTERVAL    TD      C/S     (MB)      C/S
SOUTH-POLE 241120 3600 000000-010000   00     273.29  670.3    254.35     0.59    -9999
SOUTH-POLE 241120 3600 010000-020000   00     273.88  670.3    254.87     0.80    -9999
SOUTH-POLE 241120 3600 020000-030000   00     273.35  670.2    254.26     0.56    -9999
SOUTH-POLE 241120 3600 030000-040000   00     272.79  670.2    253.84     0.39    -9999
SOUTH-POLE 241120 3600 040000-050000   00     272.64  670.2    253.75     0.35    -9999
SOUTH-POLE 241120 3600 050000-060000   00     271.30  670.3    252.69    -0.06    -9999
SOUTH-POLE 241120 3600 060000-070000   00     271.32  670.6    253.11     0.10    -9999
SOUTH-POLE 241120 3600 070000-080000   00     271.39  670.7    253.31     0.18    -9999
SOUTH-POLE 241120 3600 080000-090000   00     272.21  670.7    254.10     0.49    -9999
SOUTH-POLE 241120 3600 090000-100000   00     271.64  670.7    253.66     0.32    -9999
SOUTH-POLE 241120 3600 100000-110000   00     271.57  670.8    253.80     0.38    -9999
SOUTH-POLE 241120 3600 110000-120000   00     273.70  671.0    256.08     1.28    -9999
SOUTH-POLE 241120 3600 120000-130000   00     273.89  671.2    256.68     1.51    -9999
SOUTH-POLE 241120 3600 130000-140000   00     273.07  671.3    256.15     1.30    -9999
SOUTH-POLE 241120 3600 140000-150000   00     272.17  671.3    255.35     0.99    -9999
SOUTH-POLE 241120 3600 150000-160000   00     274.00  671.5    257.25     1.74    -9999
SOUTH-POLE 241120 3600 160000-170000   00     272.58  671.7    256.40     1.40    -9999
SOUTH-POLE 241120 3600 170000-180000   00     273.06  672.0    257.45     1.82    -9999
SOUTH-POLE 241120 3600 180000-190000   00     271.68  672.3    256.69     1.52    -9999
SOUTH-POLE 241120 3600 190000-200000   00     270.71  672.5    256.25     1.34    -9999
SOUTH-POLE 241120 3600 200000-210000   00     268.54  672.8    254.79     0.77    -9999
SOUTH-POLE 241120 3600 210000-220000   00     266.00  673.1    253.02     0.07    -9999
SOUTH-POLE 241120 3600 220000-230000   00     266.06  673.4    253.43     0.23    -9999
SOUTH-POLE 241120 3600 230000-240000   00     265.38  673.6    253.24     0.15    -9999
SOUTH-POLE 241121 3600 000000-010000   00     266.81  673.8    254.99     0.85    -9999
SOUTH-POLE 241121 3600 010000-020000   00     265.63  674.0    254.22     0.54    -9999
SOUTH-POLE 241121 3600 020000-030000   00     265.40  674.2    254.32     0.58    -9999
SOUTH-POLE 241121 3600 030000-040000   00     264.57  674.3    253.87     0.40    -9999
SOUTH-POLE 241121 3600 040000-050000   00     263.93  674.6    253.76     0.36    -9999
SOUTH-POLE 241121 3600 050000-060000   00     262.98  674.8    253.34     0.19    -9999
SOUTH-POLE 241121 3600 060000-070000   00     261.68  675.2    252.85     0.00    -9999
SOUTH-POLE 241121 3600 070000-080000   00     261.12  675.6    252.99     0.06    -9999
SOUTH-POLE 241121 3600 080000-090000   00     260.86  675.7    253.00     0.06    -9999
SOUTH-POLE 241121 3600 090000-100000   00     260.33  676.0    252.99     0.06    -9999
SOUTH-POLE 241121 3600 100000-110000   00     260.42  676.3    253.66     0.32    -9999
SOUTH-POLE 241121 3600 110000-120000   00     260.26  676.5    253.91     0.42    -9999
SOUTH-POLE 241121 3600 120000-130000   00     259.39  676.7    253.36     0.20    -9999
SOUTH-POLE 241121 3600 130000-140000   00     258.75  677.0    253.21     0.14    -9999
SOUTH-POLE 241121 3600 140000-150000   00     258.66  677.0    253.28     0.17    -9999
SOUTH-POLE 241121 3600 150000-160000   00     258.03  677.2    252.99     0.05    -9999
SOUTH-POLE 241121 300  160000-160500   00     259.68  677.4    254.94     0.82     0.82
SOUTH-POLE 241121 300  160500-161000   00     254.84  677.4    250.28    -1.02    -1.02
SOUTH-POLE 241121 300  161000-161500   00     258.70  677.5    254.13     0.51     0.51
SOUTH-POLE 241121 300  161500-162000   00     257.41  677.5    252.90     0.02     0.02
SOUTH-POLE 241121 300  162000-162500   00     257.27  677.5    252.84     0.00     0.00
SOUTH-POLE 241121 300  162500-163000   00     255.40  677.6    251.10    -0.69    -0.69
SOUTH-POLE 241121 300  163000-163500   00     256.89  677.6    252.56    -0.11    -0.11
SOUTH-POLE 241121 300  163500-164000   00     256.90  677.6    252.58    -0.11    -0.11
SOUTH-POLE 241121 300  164000-164500   00     259.82  677.6    255.45     1.03     1.03
SOUTH-POLE 241121 300  164500-165000   00     257.33  677.6    253.02     0.07     0.07
SOUTH-POLE 241121 300  165000-165500   00     255.54  677.6    251.32    -0.61    -0.61
SOUTH-POLE 241121 300  165500-170000   00     255.63  677.7    251.53    -0.52    -0.52
SOUTH-POLE 241121 300  170000-170500   00     256.66  677.7    252.53    -0.13    -0.13
SOUTH-POLE 241121 300  170500-171000   00     257.66  677.7    253.58     0.29     0.29
SOUTH-POLE 241121 300  171000-171500   00     255.01  677.7    251.03    -0.72    -0.72
SOUTH-POLE 241121 300  171500-172000   00     257.82  677.7    253.80     0.37     0.37
SOUTH-POLE 241121 300  172000-172500   00     257.08  677.7    253.05     0.08     0.08
SOUTH-POLE 241121 300  172500-173000   00     257.17  677.7    253.14     0.11     0.11
SOUTH-POLE 241121 300  173000-173500   00     258.77  677.7    254.73     0.74     0.74
SOUTH-POLE 241121 300  173500-174000   00     257.10  677.8    253.20     0.14     0.14
SOUTH-POLE 241121 300  174000-174500   00     256.26  677.8    252.46    -0.15    -0.15
SOUTH-POLE 241121 300  174500-175000   00     257.87  677.9    254.17     0.52     0.52
SOUTH-POLE 241121 300  175000-175500   00     256.04  677.9    252.43    -0.17    -0.17
SOUTH-POLE 241121 300  175500-180000   00     255.23  678.0    251.69    -0.46    -0.46
SOUTH-POLE 241121 300  180000-180500   00     257.31  678.0    253.79     0.37     0.37
SOUTH-POLE 241121 300  180500-181000   00     257.60  678.0    254.08     0.49     0.49
SOUTH-POLE 241121 300  181000-181500   00     257.91  678.0    254.42     0.62     0.62
SOUTH-POLE 241121 300  181500-182000   00     257.98  678.0    254.51     0.66     0.66
SOUTH-POLE 241121 300  182000-182500   00     259.37  678.0    255.84     1.18     1.18
SOUTH-POLE 241121 300  182500-183000   00     258.23  678.0    254.74     0.74     0.74
SOUTH-POLE 241121 300  183000-183500   00     261.22  678.0    257.71     1.92     1.92
SOUTH-POLE 241121 300  183500-184000   00     261.65  678.1    258.19     2.11     2.11
SOUTH-POLE 241121 300  184000-184500   00     261.81  678.1    258.39     2.19     2.19
SOUTH-POLE 241121 300  184500-185000   00     262.12  678.0    258.62     2.28     2.28
SOUTH-POLE 241121 300  185000-185500   00     264.42  678.0    260.86     3.17     3.17
SOUTH-POLE 241121 300  185500-190000   00     260.41  678.1    256.99     1.64     1.64
SOUTH-POLE 241121 300  190000-190500   00     262.69  678.1    259.34     2.57     2.57
SOUTH-POLE 241121 300  190500-191000   00     263.26  678.1    259.99     2.82     2.82
SOUTH-POLE 241121 300  191000-191500   00     263.02  678.2    259.83     2.76     2.76
SOUTH-POLE 241121 300  191500-192000   00     261.45  678.2    258.33     2.17     2.17
SOUTH-POLE 241121 300  192000-192500   00     259.36  678.3    256.40     1.40     1.40
SOUTH-POLE 241121 300  192500-193000   00     261.45  678.3    258.55     2.25     2.25
SOUTH-POLE 241121 300  193000-193500   00     259.74  678.4    256.99     1.64     1.64
SOUTH-POLE 241121 300  193500-194000   00     260.29  678.4    257.59     1.87     1.87
SOUTH-POLE 241121 300  194000-194500   00     260.10  678.4    257.39     1.80     1.80
SOUTH-POLE 241121 300  194500-195000   00     259.25  678.4    256.54     1.46     1.46
SOUTH-POLE 241121 300  195000-195500   00     260.20  678.4    257.48     1.83     1.83
SOUTH-POLE 241121 300  195500-200000   00     259.76  678.4    257.07     1.67     1.67
SOUTH-POLE 241121 300  200000-200500   00     258.33  678.5    255.67     1.11     1.11
SOUTH-POLE 241121 300  200500-201000   00     260.51  678.4    257.79     1.95     1.95
SOUTH-POLE 241121 300  201000-201500   00     258.04  678.5    255.37     1.00     1.00
SOUTH-POLE 241121 300  201500-202000   00     259.41  678.5    256.89     1.60     1.60
SOUTH-POLE 241121 300  202000-202500   00     259.97  678.6    257.56     1.86     1.86
SOUTH-POLE 241121 300  202500-203000   00     256.82  678.7    254.54     0.67     0.67
SOUTH-POLE 241121 300  203000-203500   00     261.51  678.7    259.27     2.54     2.54
SOUTH-POLE 241121 300  203500-204000   00     258.22  678.7    256.08     1.28     1.28
SOUTH-POLE 241121 300  204000-204500   00     258.31  678.8    256.27     1.35     1.35
SOUTH-POLE 241121 300  204500-205000   00     256.17  678.8    254.25     0.55     0.55
SOUTH-POLE 241121 300  205000-205500   00     256.26  678.9    254.37     0.60     0.60
SOUTH-POLE 241121 300  205500-210000   00     258.11  678.8    256.16     1.31     1.31
SOUTH-POLE 241121 300  210000-210500   00     257.41  678.9    255.50     1.05     1.05
SOUTH-POLE 241121 300  210500-211000   00     257.66  678.8    255.68     1.12     1.12
SOUTH-POLE 241121 300  211000-211500   00     257.75  678.8    255.77     1.15     1.15
SOUTH-POLE 241121 300  211500-212000   00     257.97  678.8    255.97     1.23     1.23
SOUTH-POLE 241121 300  212000-212500   00     259.63  678.8    257.67     1.90     1.90
SOUTH-POLE 241121 300  212500-213000   00     259.24  678.9    257.35     1.78     1.78
SOUTH-POLE 241121 300  213000-213500   00     255.58  678.9    253.78     0.37     0.37
SOUTH-POLE 241121 300  213500-214000   00     258.07  679.0    256.38     1.39     1.39
SOUTH-POLE 241121 300  214000-214500   00     256.65  679.0    255.04     0.87     0.87
SOUTH-POLE 241121 300  214500-215000   00     256.15  679.0    254.54     0.67     0.67
SOUTH-POLE 241121 300  215000-215500   00     254.93  679.0    253.38     0.21     0.21
SOUTH-POLE 241121 300  215500-220000   00     257.12  679.1    255.61     1.09     1.09
SOUTH-POLE 241121 300  220000-220500   00     256.77  679.0    255.23     0.94     0.94
SOUTH-POLE 241121 300  220500-221000   00     255.35  679.1    253.88     0.41     0.41
SOUTH-POLE 241121 300  221000-221500   00     256.55  679.2    255.26     0.95     0.95
SOUTH-POLE 241121 300  221500-222000   00     255.29  679.2    254.01     0.46     0.46
SOUTH-POLE 241121 300  222000-222500   00     254.97  679.2    253.70     0.33     0.33
SOUTH-POLE 241121 300  222500-223000   00     256.13  679.2    254.81     0.77     0.77
SOUTH-POLE 241121 300  223000-223500   00     257.74  679.2    256.41     1.41     1.41
SOUTH-POLE 241121 300  223500-224000   00     255.97  679.1    254.62     0.70     0.70
SOUTH-POLE 241121 300  224000-224500   00     254.28  679.2    252.96     0.04     0.04
SOUTH-POLE 241121 300  224500-225000   00     258.64  679.1    257.29     1.76     1.76
SOUTH-POLE 241121 300  225000-225500   00     255.34  679.1    253.99     0.45     0.45
SOUTH-POLE 241121 300  225500-230000   00     253.99  679.1    252.57    -0.11    -0.11
SOUTH-POLE 241121 300  230000-230500   00     254.27  679.1    252.92     0.03     0.03
SOUTH-POLE 241121 300  230500-231000   00     258.01  679.1    256.63     1.50     1.50
SOUTH-POLE 241121 300  231000-231500   00     257.09  679.1    255.71     1.13     1.13
SOUTH-POLE 241121 300  231500-232000   00     254.01  679.1    252.70    -0.06    -0.06
SOUTH-POLE 241121 300  232000-232500   00     256.03  679.2    254.75     0.75     0.75
SOUTH-POLE 241121 300  232500-233000   00     254.79  679.1    253.47     0.24     0.24
SOUTH-POLE 241121 300  233000-233500   00     254.47  679.2    253.20     0.14     0.14
SOUTH-POLE 241121 300  233500-234000   00     257.34  679.2    256.14     1.30     1.30
SOUTH-POLE 241121 300  234000-234500   00     255.33  679.2    254.13     0.51     0.51
SOUTH-POLE 241121 300  234500-235000   00     257.80  679.2    256.63     1.49     1.49
SOUTH-POLE 241121 300  235000-235500   00     256.51  679.2    255.37     1.00     1.00
SOUTH-POLE 241121 300  235500-240000   00     254.61  679.2    253.51     0.26     0.26
SOUTH-POLE 241122 300  000000-000500   00     256.02  679.3    254.94     0.82     0.82
SOUTH-POLE 241122 300  000500-001000   00     254.64  679.3    253.62     0.30     0.30
SOUTH-POLE 241122 300  001000-001500   00     255.10  679.3    254.11     0.50     0.50
SOUTH-POLE 241122 300  001500-002000   00     256.45  679.3    255.50     1.05     1.05
SOUTH-POLE 241122 300  002000-002500   00     255.14  679.3    254.16     0.52     0.52
SOUTH-POLE 241122 300  002500-003000   00     254.50  679.3    253.50     0.25     0.25
SOUTH-POLE 241122 300  003000-003500   00     252.95  679.3    251.98    -0.35    -0.35
SOUTH-POLE 241122 300  003500-004000   00     254.88  679.3    253.89     0.41     0.41
SOUTH-POLE 241122 300  004000-004500   00     252.00  679.3    251.08    -0.70    -0.70
SOUTH-POLE 241122 300  004500-005000   00     252.59  679.3    251.69    -0.46    -0.46
SOUTH-POLE 241122 300  005000-005500   00     254.53  679.4    253.67     0.32     0.32
SOUTH-POLE 241122 300  005500-010000   00     253.75  679.4    252.91     0.02     0.02
SOUTH-POLE 241122 300  010000-010500   00     256.87  679.4    256.08     1.28     1.28
SOUTH-POLE 241122 300  010500-011000   00     255.55  679.4    254.82     0.78     0.78
SOUTH-POLE 241122 300  011000-011500   00     254.01  679.4    253.30     0.18     0.18
SOUTH-POLE 241122 300  011500-012000   00     254.31  679.4    253.64     0.31     0.31
SOUTH-POLE 241122 300  012000-012500   00     255.46  679.4    254.79     0.77     0.77
SOUTH-POLE 241122 300  012500-013000   00     255.53  679.5    254.90     0.81     0.81
SOUTH-POLE 241122 300  013000-013500   00     253.62  679.5    253.01     0.06     0.06
SOUTH-POLE 241122 300  013500-014000   00     252.66  679.5    252.08    -0.31    -0.31
SOUTH-POLE 241122 300  014000-014500   00     251.61  679.5    250.97    -0.74    -0.74
SOUTH-POLE 241122 300  014500-015000   00     253.17  679.4    252.50    -0.14    -0.14
SOUTH-POLE 241122 300  015000-015500   00     251.75  679.4    251.03    -0.72    -0.72
SOUTH-POLE 241122 300  015500-020000   00     255.60  679.5    254.96     0.83     0.83
SOUTH-POLE 241122 3600 020000-030000   00     253.90  679.5    253.34     0.19    -9999
SOUTH-POLE 241122 3600 030000-040000   00     253.43  679.6    253.08     0.09    -9999
SOUTH-POLE 241122 3600 040000-050000   00     253.63  679.8    253.62     0.30    -9999
SOUTH-POLE 241122 3600 050000-060000   00     252.30  680.1    252.75    -0.04    -9999
SOUTH-POLE 241122 3600 060000-070000   00     251.03  680.2    251.73    -0.44    -9999
SOUTH-POLE 241122 3600 070000-080000   00     250.91  680.2    251.60    -0.49    -9999
SOUTH-POLE 241122 3600 080000-090000   00     249.84  680.4    250.98    -0.74    -9999
SOUTH-POLE 241122 3600 090000-100000   00     249.24  680.7    250.83    -0.80    -9999
SOUTH-POLE 241122 3600 100000-110000   00     250.60  680.7    252.24    -0.24    -9999
SOUTH-POLE 241122 3600 110000-120000   00     249.72  680.8    251.56    -0.51    -9999
SOUTH-POLE 241122 3600 120000-130000   00     249.60  680.8    251.32    -0.61    -9999
SOUTH-POLE 241122 3600 130000-140000   00     250.51  680.7    252.15    -0.28    -9999
SOUTH-POLE 241122 3600 140000-150000   00     250.43  680.7    251.92    -0.37    -9999
SOUTH-POLE 241122 3600 150000-160000   00     251.78  680.7    253.34     0.19    -9999
SOUTH-POLE 241122 3600 160000-170000   00     253.96  680.7    255.69     1.12    -9999
SOUTH-POLE 241122 3600 170000-180000   00     253.57  680.9    255.65     1.11    -9999
SOUTH-POLE 241122 3600 180000-190000   00     254.82  681.2    257.49     1.83    -9999
SOUTH-POLE 241122 3600 190000-200000   00     254.61  681.4    257.62     1.88    -9999
SOUTH-POLE 241122 3600 200000-210000   00     254.91  681.5    258.10     2.08    -9999
SOUTH-POLE 241122 3600 210000-220000   00     254.76  681.7    258.25     2.13    -9999
SOUTH-POLE 241122 3600 220000-230000   00     253.93  681.8    257.61     1.88    -9999
SOUTH-POLE 241122 3600 230000-240000   00     253.83  681.9    257.75     1.94    -9999
*
COMMENT DATA SOURCE: NMDB | DOWNLOADED ON 27.11.2024
COMMENT DETRENDING DONE BY IU
COMMENT UNIVERISTY OF OULU: FILE GENERATED FROM DATABASE AND OBTAINED FROM
COMMENT https://gle.oulu.fi at 2025-01-11 16:21:29 +00:00
COMMENT FOR HISTORICAL/ORIGINAL TEXT FILES SEE https://gle.oulu.fi/txtarchive/
COMMENT ORIGINAL AT https://gle.oulu.fi/txtarchive/GLE76/C076SOPO_cor.DAT
COMMENT DETRENDED DATA SHOW -9999 IF EQUAL TO INC% COLUMN 