JUNGFRAU1  LATITUDE    46.55     LONGITUDE     7.98      ALTITUDE    3570 M
JUNGFRAU1  INSTRUMENT   IGY     NEUTRON MONITOR
JUNGFRAU1  STANDARD PRESSURE    642.61  MB     COEFFICIENT   -0.72     % / MB
JUNGFRAU1  PRE-INCREASE BASELINE TIME INTERVAL    241121    160000-180000   UT
JUNGFRAU1  PRE-INCREASE AVERAGE COUNTING RATE    331.84      COUNTS PER SECOND
JUNGFRAU1  TIME INTERVALS    300         3600     
JUNGFRAU1  SCALE FACTORS     1           1        
STATION    YYMMDD  SEC   TIME (UT)   CODE    UNCORR. PRESS.    CORR.    % INC.	DETRENDED
                         INTERVAL    TD      C/S     (MB)      C/S
JUNGFRAU1  241120 3600 000000-010000   00     325.20  646.6    333.54     0.51    -9999
JUNGFRAU1  241120 3600 010000-020000   00     324.61  646.8    333.47     0.49    -9999
JUNGFRAU1  241120 3600 020000-030000   00     323.42  647.3    333.54     0.51    -9999
JUNGFRAU1  241120 3600 030000-040000   00     323.39  647.3    333.39     0.47    -9999
JUNGFRAU1  241120 3600 040000-050000   00     324.91  646.4    332.80     0.29    -9999
JUNGFRAU1  241120 3600 050000-060000   00     326.65  646.3    334.27     0.73    -9999
JUNGFRAU1  241120 3600 060000-070000   00     327.35  646.5    335.55     1.12    -9999
JUNGFRAU1  241120 3600 070000-080000   00     330.15  646.4    338.30     1.95    -9999
JUNGFRAU1  241120 3600 080000-090000   00     330.14  646.4    338.19     1.91    -9999
JUNGFRAU1  241120 3600 090000-100000   00     329.02  646.6    337.45     1.69    -9999
JUNGFRAU1  241120 3600 100000-110000   00     328.65  646.6    337.10     1.58    -9999
JUNGFRAU1  241120 3600 110000-120000   00     330.24  646.7    338.97     2.15    -9999
JUNGFRAU1  241120 3600 120000-130000   00     331.75  646.5    340.07     2.48    -9999
JUNGFRAU1  241120 3600 130000-140000   00     330.22  646.3    338.00     1.86    -9999
JUNGFRAU1  241120 3600 140000-150000   00     329.10  646.0    336.22     1.32    -9999
JUNGFRAU1  241120 3600 150000-160000   00     329.94  646.3    337.77     1.79    -9999
JUNGFRAU1  241120 3600 160000-170000   00     330.83  646.5    339.10     2.19    -9999
JUNGFRAU1  241120 3600 170000-180000   00     329.45  646.6    338.03     1.87    -9999
JUNGFRAU1  241120 3600 180000-190000   00     327.82  646.5    336.10     1.28    -9999
JUNGFRAU1  241120 3600 190000-200000   00     328.99  646.2    336.61     1.44    -9999
JUNGFRAU1  241120 3600 200000-210000   00     326.73  646.2    334.14     0.69    -9999
JUNGFRAU1  241120 3600 210000-220000   00     325.40  646.4    333.28     0.44    -9999
JUNGFRAU1  241120 3600 220000-230000   00     325.84  646.5    334.14     0.69    -9999
JUNGFRAU1  241120 3600 230000-240000   00     325.29  646.7    334.01     0.66    -9999
JUNGFRAU1  241121 3600 000000-010000   00     323.90  646.8    332.76     0.28    -9999
JUNGFRAU1  241121 3600 010000-020000   00     324.73  646.8    333.70     0.56    -9999
JUNGFRAU1  241121 3600 020000-030000   00     326.37  646.6    334.77     0.88    -9999
JUNGFRAU1  241121 3600 030000-040000   00     325.94  646.9    335.15     1.00    -9999
JUNGFRAU1  241121 3600 040000-050000   00     326.64  646.5    334.88     0.92    -9999
JUNGFRAU1  241121 3600 050000-060000   00     329.12  646.6    337.53     1.72    -9999
JUNGFRAU1  241121 3600 060000-070000   00     329.51  646.3    337.20     1.62    -9999
JUNGFRAU1  241121 3600 070000-080000   00     329.46  646.9    338.65     2.05    -9999
JUNGFRAU1  241121 3600 080000-090000   00     330.71  646.7    339.59     2.34    -9999
JUNGFRAU1  241121 3600 090000-100000   00     333.29  646.6    341.81     3.01    -9999
JUNGFRAU1  241121 3600 100000-110000   00     335.85  644.9    340.43     2.59    -9999
JUNGFRAU1  241121 3600 110000-120000   00     339.52  642.9    339.08     2.18    -9999
JUNGFRAU1  241121 3600 120000-130000   00     342.08  639.7    333.90     0.62    -9999
JUNGFRAU1  241121 3600 130000-140000   00     342.49  638.0    330.22    -0.49    -9999
JUNGFRAU1  241121 3600 140000-150000   00     344.13  638.3    332.62     0.24    -9999
JUNGFRAU1  241121 3600 150000-160000   00     345.16  637.1    330.85    -0.30    -9999
JUNGFRAU1  241121 300  160000-160500   00     342.31  639.1    332.80     0.29     1.49
JUNGFRAU1  241121 300  160500-161000   00     346.85  638.7    336.16     1.30     1.32
JUNGFRAU1  241121 300  161000-161500   00     348.37  637.1    333.74     0.57     0.60
JUNGFRAU1  241121 300  161500-162000   00     346.40  638.3    334.84     0.91     0.93
JUNGFRAU1  241121 300  162000-162500   00     345.79  637.5    332.19     0.11     0.13
JUNGFRAU1  241121 300  162500-163000   00     349.25  637.4    335.33     1.05     1.08
JUNGFRAU1  241121 300  163000-163500   00     345.32  636.8    330.19    -0.49    -0.46
JUNGFRAU1  241121 300  163500-164000   00     348.20  637.2    333.96     0.64     0.67
JUNGFRAU1  241121 300  164000-164500   00     344.54  638.3    332.85     0.31     0.34
JUNGFRAU1  241121 300  164500-165000   00     345.76  637.6    332.52     0.21     0.25
JUNGFRAU1  241121 300  165000-165500   00     343.13  637.4    329.43    -0.73    -0.68
JUNGFRAU1  241121 300  165500-170000   00     346.04  638.4    334.69     0.86     0.91
JUNGFRAU1  241121 300  170000-170500   00     346.12  637.1    331.55    -0.09    -0.04
JUNGFRAU1  241121 300  170500-171000   00     344.11  635.5    325.95    -1.77    -1.72
JUNGFRAU1  241121 300  171000-171500   00     340.64  638.2    329.08    -0.83    -0.77
JUNGFRAU1  241121 300  171500-172000   00     344.37  636.5    328.42    -1.03    -0.97
JUNGFRAU1  241121 300  172000-172500   00     347.50  635.9    330.19    -0.50    -0.44
JUNGFRAU1  241121 300  172500-173000   00     345.83  637.2    331.54    -0.09    -0.02
JUNGFRAU1  241121 300  173000-173500   00     347.28  637.9    334.78     0.89     0.95
JUNGFRAU1  241121 300  173500-174000   00     341.43  637.2    327.30    -1.37    -1.30
JUNGFRAU1  241121 300  174000-174500   00     345.95  637.6    332.50     0.20     0.27
JUNGFRAU1  241121 300  174500-175000   00     342.02  637.8    329.39    -0.74    -0.66
JUNGFRAU1  241121 300  175000-175500   00     345.44  638.2    333.73     0.57     0.65
JUNGFRAU1  241121 300  175500-180000   00     344.27  637.6    330.94    -0.27    -0.19
JUNGFRAU1  241121 300  180000-180500   00     343.42  635.7    325.55    -1.90    -1.81
JUNGFRAU1  241121 300  180500-181000   00     345.95  637.6    332.62     0.24     0.32
JUNGFRAU1  241121 300  181000-181500   00     341.82  636.9    327.10    -1.43    -1.34
JUNGFRAU1  241121 300  181500-182000   00     343.12  637.0    328.35    -1.05    -0.96
JUNGFRAU1  241121 300  182000-182500   00     345.42  636.5    329.57    -0.68    -0.59
JUNGFRAU1  241121 300  182500-183000   00     343.31  638.0    330.96    -0.26    -0.16
JUNGFRAU1  241121 300  183000-183500   00     344.51  638.3    332.90     0.32     0.42
JUNGFRAU1  241121 300  183500-184000   00     343.94  639.1    334.19     0.71     0.81
JUNGFRAU1  241121 300  184000-184500   00     343.02  638.8    332.58     0.23     0.33
JUNGFRAU1  241121 300  184500-185000   00     346.05  638.6    335.05     0.97     1.08
JUNGFRAU1  241121 300  185000-185500   00     340.75  638.8    330.45    -0.42    -0.30
JUNGFRAU1  241121 300  185500-190000   00     341.52  638.5    330.58    -0.38    -0.26
JUNGFRAU1  241121 300  190000-190500   00     345.87  637.9    333.20     0.41     0.53
JUNGFRAU1  241121 300  190500-191000   00     345.53  637.6    332.12     0.09     0.21
JUNGFRAU1  241121 300  191000-191500   00     344.85  638.1    332.91     0.32     0.45
JUNGFRAU1  241121 300  191500-192000   00     340.01  638.8    329.80    -0.61    -0.49
JUNGFRAU1  241121 300  192000-192500   00     345.43  638.4    333.97     0.64     0.77
JUNGFRAU1  241121 300  192500-193000   00     342.86  638.5    331.78    -0.02     0.11
JUNGFRAU1  241121 300  193000-193500   00     344.58  638.6    333.67     0.55     0.69
JUNGFRAU1  241121 300  193500-194000   00     342.78  638.8    332.50     0.20     0.34
JUNGFRAU1  241121 300  194000-194500   00     342.64  638.4    331.29    -0.17    -0.02
JUNGFRAU1  241121 300  194500-195000   00     340.49  638.5    329.46    -0.72    -0.57
JUNGFRAU1  241121 300  195000-195500   00     346.43  637.6    332.98     0.35     0.49
JUNGFRAU1  241121 300  195500-200000   00     343.51  638.3    332.03     0.06     0.21
JUNGFRAU1  241121 300  200000-200500   00     343.10  638.6    332.25     0.12     0.28
JUNGFRAU1  241121 300  200500-201000   00     343.23  638.8    332.95     0.34     0.49
JUNGFRAU1  241121 300  201000-201500   00     342.23  638.7    331.68    -0.05     0.11
JUNGFRAU1  241121 300  201500-202000   00     343.14  638.8    332.82     0.30     0.46
JUNGFRAU1  241121 300  202000-202500   00     345.42  639.0    335.49     1.10     1.26
JUNGFRAU1  241121 300  202500-203000   00     346.45  638.8    336.05     1.27     1.44
JUNGFRAU1  241121 300  203000-203500   00     340.87  638.5    329.88    -0.59    -0.42
JUNGFRAU1  241121 300  203500-204000   00     346.42  638.2    334.61     0.84     1.01
JUNGFRAU1  241121 300  204000-204500   00     341.47  638.3    330.12    -0.52    -0.34
JUNGFRAU1  241121 300  204500-205000   00     343.17  638.1    331.24    -0.18     0.00
JUNGFRAU1  241121 300  205000-205500   00     344.32  638.0    331.93     0.03     0.21
JUNGFRAU1  241121 300  205500-210000   00     345.45  637.9    333.02     0.36     0.54
JUNGFRAU1  241121 300  210000-210500   00     342.70  637.7    329.71    -0.64    -0.45
JUNGFRAU1  241121 300  210500-211000   00     341.91  637.7    328.86    -0.90    -0.71
JUNGFRAU1  241121 300  211000-211500   00     346.13  637.9    333.43     0.48     0.67
JUNGFRAU1  241121 300  211500-212000   00     347.17  638.3    335.40     1.07     1.27
JUNGFRAU1  241121 300  212000-212500   00     341.50  638.6    330.84    -0.30    -0.10
JUNGFRAU1  241121 300  212500-213000   00     341.95  638.5    330.70    -0.34    -0.14
JUNGFRAU1  241121 300  213000-213500   00     345.47  638.5    334.49     0.80     1.01
JUNGFRAU1  241121 300  213500-214000   00     344.17  638.1    332.18     0.10     0.31
JUNGFRAU1  241121 300  214000-214500   00     340.77  638.0    328.60    -0.98    -0.77
JUNGFRAU1  241121 300  214500-215000   00     343.55  637.9    331.08    -0.23    -0.01
JUNGFRAU1  241121 300  215000-215500   00     344.82  638.0    332.50     0.20     0.42
JUNGFRAU1  241121 300  215500-220000   00     343.40  638.4    332.16     0.10     0.32
JUNGFRAU1  241121 300  220000-220500   00     344.15  638.3    332.62     0.23     0.46
JUNGFRAU1  241121 300  220500-221000   00     344.18  638.3    332.53     0.21     0.43
JUNGFRAU1  241121 300  221000-221500   00     339.40  638.5    328.37    -1.04    -0.82
JUNGFRAU1  241121 300  221500-222000   00     344.49  638.8    334.11     0.69     0.92
JUNGFRAU1  241121 300  222000-222500   00     341.73  638.8    331.53    -0.09     0.14
JUNGFRAU1  241121 300  222500-223000   00     342.57  638.9    332.49     0.20     0.43
JUNGFRAU1  241121 300  223000-223500   00     342.58  639.0    332.78     0.28     0.52
JUNGFRAU1  241121 300  223500-224000   00     338.56  639.1    329.06    -0.84    -0.59
JUNGFRAU1  241121 300  224000-224500   00     338.64  638.8    328.44    -1.02    -0.78
JUNGFRAU1  241121 300  224500-225000   00     343.45  638.5    332.45     0.18     0.43
JUNGFRAU1  241121 300  225000-225500   00     340.33  638.5    329.56    -0.68    -0.43
JUNGFRAU1  241121 300  225500-230000   00     339.84  638.1    327.96    -1.17    -0.92
JUNGFRAU1  241121 300  230000-230500   00     340.40  637.9    327.89    -1.19    -0.93
JUNGFRAU1  241121 300  230500-231000   00     338.56  639.2    329.30    -0.76    -0.51
JUNGFRAU1  241121 300  231000-231500   00     340.84  639.1    331.19    -0.19     0.07
JUNGFRAU1  241121 300  231500-232000   00     341.84  639.5    333.37     0.46     0.73
JUNGFRAU1  241121 300  232000-232500   00     341.80  638.8    331.54    -0.09     0.18
JUNGFRAU1  241121 300  232500-233000   00     341.74  639.2    332.47     0.19     0.46
JUNGFRAU1  241121 300  233000-233500   00     341.44  639.0    331.57    -0.08     0.19
JUNGFRAU1  241121 300  233500-234000   00     337.89  638.7    327.49    -1.31    -1.03
JUNGFRAU1  241121 300  234000-234500   00     345.10  639.1    335.37     1.07     1.34
JUNGFRAU1  241121 300  234500-235000   00     338.69  639.0    329.01    -0.85    -0.57
JUNGFRAU1  241121 300  235000-235500   00     339.65  639.0    329.81    -0.61    -0.33
JUNGFRAU1  241121 300  235500-240000   00     338.42  639.1    328.94    -0.87    -0.59
JUNGFRAU1  241122 300  000000-000500   00     339.95  639.1    330.50    -0.40    -0.11
JUNGFRAU1  241122 300  000500-001000   00     340.32  638.9    330.31    -0.46    -0.17
JUNGFRAU1  241122 300  001000-001500   00     337.38  639.3    328.41    -1.03    -0.74
JUNGFRAU1  241122 300  001500-002000   00     339.94  639.4    331.29    -0.16     0.13
JUNGFRAU1  241122 300  002000-002500   00     338.65  639.2    329.57    -0.68    -0.38
JUNGFRAU1  241122 300  002500-003000   00     341.17  639.5    332.65     0.25     0.55
JUNGFRAU1  241122 300  003000-003500   00     338.42  639.7    330.32    -0.46    -0.15
JUNGFRAU1  241122 300  003500-004000   00     335.97  638.9    326.13    -1.72    -1.41
JUNGFRAU1  241122 300  004000-004500   00     341.10  639.3    331.99     0.05     0.36
JUNGFRAU1  241122 300  004500-005000   00     341.73  639.1    332.29     0.14     0.45
JUNGFRAU1  241122 300  005000-005500   00     336.66  639.3    327.66    -1.26    -0.94
JUNGFRAU1  241122 300  005500-010000   00     338.69  639.0    328.80    -0.91    -0.59
JUNGFRAU1  241122 300  010000-010500   00     340.57  639.1    331.16    -0.20     0.12
JUNGFRAU1  241122 300  010500-011000   00     339.68  639.8    331.85     0.00     0.33
JUNGFRAU1  241122 300  011000-011500   00     342.44  639.7    334.38     0.77     1.10
JUNGFRAU1  241122 300  011500-012000   00     337.91  639.7    329.85    -0.60    -0.27
JUNGFRAU1  241122 300  012000-012500   00     339.32  640.0    331.94     0.03     0.37
JUNGFRAU1  241122 300  012500-013000   00     338.80  640.0    331.35    -0.15     0.19
JUNGFRAU1  241122 300  013000-013500   00     337.19  640.3    330.40    -0.43    -0.09
JUNGFRAU1  241122 300  013500-014000   00     341.47  640.4    335.06     0.97     1.32
JUNGFRAU1  241122 300  014000-014500   00     336.54  640.6    330.67    -0.35     0.00
JUNGFRAU1  241122 300  014500-015000   00     336.16  640.6    330.27    -0.47    -0.12
JUNGFRAU1  241122 300  015000-015500   00     337.62  640.9    332.42     0.17     0.53
JUNGFRAU1  241122 300  015500-020000   00     337.89  640.9    332.67     0.25     0.61
JUNGFRAU1  241122 3600 020000-030000   00     332.63  641.6    329.10    -0.83    -9999
JUNGFRAU1  241122 3600 030000-040000   00     335.51  641.0    330.52    -0.40    -9999
JUNGFRAU1  241122 3600 040000-050000   00     334.80  641.4    330.87    -0.29    -9999
JUNGFRAU1  241122 3600 050000-060000   00     334.93  642.5    333.66     0.55    -9999
JUNGFRAU1  241122 3600 060000-070000   00     333.45  643.0    333.35     0.45    -9999
JUNGFRAU1  241122 3600 070000-080000   00     331.00  643.8    332.85     0.30    -9999
JUNGFRAU1  241122 3600 080000-090000   00     329.52  644.6    333.24     0.42    -9999
JUNGFRAU1  241122 3600 090000-100000   00     326.95  645.2    331.96     0.04    -9999
JUNGFRAU1  241122 3600 100000-110000   00     327.07  645.8    333.71     0.56    -9999
JUNGFRAU1  241122 3600 110000-120000   00     328.58  646.0    335.71     1.17    -9999
JUNGFRAU1  241122 3600 120000-130000   00     327.28  646.5    335.48     1.10    -9999
JUNGFRAU1  241122 3600 130000-140000   00     328.03  646.6    336.49     1.40    -9999
JUNGFRAU1  241122 3600 140000-150000   00     325.19  647.2    335.12     0.99    -9999
JUNGFRAU1  241122 3600 150000-160000   00     324.99  648.2    337.22     1.62    -9999
JUNGFRAU1  241122 3600 160000-170000   00     324.37  649.0    338.61     2.04    -9999
JUNGFRAU1  241122 3600 170000-180000   00     322.79  649.9    339.22     2.23    -9999
JUNGFRAU1  241122 3600 180000-190000   00     318.98  650.6    336.85     1.51    -9999
JUNGFRAU1  241122 3600 190000-200000   00     318.38  651.3    337.86     1.81    -9999
JUNGFRAU1  241122 3600 200000-210000   00     314.33  652.4    336.35     1.36    -9999
JUNGFRAU1  241122 3600 210000-220000   00     311.95  653.3    335.74     1.18    -9999
JUNGFRAU1  241122 3600 220000-230000   00     309.81  654.2    335.62     1.14    -9999
JUNGFRAU1  241122 3600 230000-240000   00     308.16  655.2    336.41     1.38    -9999
*
COMMENT DATA SOURCE: NMDB | DOWNLOADED ON 27.11.2024
COMMENT DETRENDING DONE BY IU
COMMENT UNIVERISTY OF OULU: FILE GENERATED FROM DATABASE AND OBTAINED FROM
COMMENT https://gle.oulu.fi at 2025-01-11 16:21:29 +00:00
COMMENT FOR HISTORICAL/ORIGINAL TEXT FILES SEE https://gle.oulu.fi/txtarchive/
COMMENT ORIGINAL AT https://gle.oulu.fi/txtarchive/GLE76/C076JUN1_cor.DAT
COMMENT DETRENDED DATA SHOW -9999 IF EQUAL TO INC% COLUMN 