CALMA      LATITUDE    40.64     LONGITUDE     -3.16     ALTITUDE    708 M
CALMA      INSTRUMENT   15NM64    NEUTRON MONITOR
CALMA      STANDARD PRESSURE    1000    MB     COEFFICIENT   -0.67     % / MB
CALMA      PRE-INCREASE BASELINE TIME INTERVAL    241121    160000-180000   UT
CALMA      PRE-INCREASE AVERAGE COUNTING RATE     68.88      COUNTS PER SECOND
CALMA      TIME INTERVALS    300         3600     
CALMA      SCALE FACTORS     1           1        
STATION    YYMMDD  SEC   TIME (UT)   CODE    UNCORR. PRESS.    CORR.    % INC.	DETRENDED
                         INTERVAL    TD      C/S     (MB)      C/S
CALMA      241120 3600 000000-010000   00      68.11  938.6     68.83    -0.07    -9999
CALMA      241120 3600 010000-020000   00      68.51  938.3     69.05     0.25    -9999
CALMA      241120 3600 020000-030000   00      68.75  938.1     69.23     0.51    -9999
CALMA      241120 3600 030000-040000   00      68.69  937.8     69.03     0.23    -9999
CALMA      241120 3600 040000-050000   00      68.64  937.9     69.03     0.23    -9999
CALMA      241120 3600 050000-060000   00      68.54  938.1     69.00     0.18    -9999
CALMA      241120 3600 060000-070000   00      68.13  938.4     68.74    -0.20    -9999
CALMA      241120 3600 070000-080000   00      68.09  938.7     68.83    -0.06    -9999
CALMA      241120 3600 080000-090000   00      67.77  939.1     68.70    -0.25    -9999
CALMA      241120 3600 090000-100000   00      67.62  939.4     68.70    -0.25    -9999
CALMA      241120 3600 100000-110000   00      67.66  939.6     68.80    -0.11    -9999
CALMA      241120 3600 110000-120000   00      69.00  939.2     70.00     1.63    -9999
CALMA      241120 3600 120000-130000   00      68.93  938.6     69.66     1.13    -9999
CALMA      241120 3600 130000-140000   00      69.09  938.2     69.62     1.08    -9999
CALMA      241120 3600 140000-150000   00      68.81  937.9     69.18     0.44    -9999
CALMA      241120 3600 150000-160000   00      68.98  937.7     69.29     0.60    -9999
CALMA      241120 3600 160000-170000   00      68.94  937.9     69.30     0.62    -9999
CALMA      241120 3600 170000-180000   00      69.03  938.1     69.49     0.89    -9999
CALMA      241120 3600 180000-190000   00      68.52  938.4     69.15     0.40    -9999
CALMA      241120 3600 190000-200000   00      68.66  938.5     69.30     0.62    -9999
CALMA      241120 3600 200000-210000   00      68.22  938.5     68.86    -0.03    -9999
CALMA      241120 3600 210000-220000   00      68.38  938.5     69.03     0.22    -9999
CALMA      241120 3600 220000-230000   00      68.78  938.2     69.30     0.62    -9999
CALMA      241120 3600 230000-240000   00      68.64  938.0     69.07     0.28    -9999
CALMA      241121 3600 000000-010000   00      69.18  937.8     69.50     0.91    -9999
CALMA      241121 3600 010000-020000   00      69.33  937.3     69.43     0.81    -9999
CALMA      241121 3600 020000-030000   00      69.36  937.1     69.38     0.73    -9999
CALMA      241121 3600 030000-040000   00      69.33  936.7     69.16     0.41    -9999
CALMA      241121 3600 040000-050000   00      69.52  936.2     69.11     0.34    -9999
CALMA      241121 3600 050000-060000   00      69.62  935.8     69.04     0.24    -9999
CALMA      241121 3600 060000-070000   00      69.29  936.1     68.85    -0.03    -9999
CALMA      241121 3600 070000-080000   00      69.21  936.0     68.73    -0.21    -9999
CALMA      241121 3600 080000-090000   00      69.13  936.1     68.66    -0.31    -9999
CALMA      241121 3600 090000-100000   00      70.31  935.9     69.75     1.27    -9999
CALMA      241121 3600 100000-110000   00      70.09  935.4     69.31     0.63    -9999
CALMA      241121 3600 110000-120000   00      70.47  934.7     69.34     0.68    -9999
CALMA      241121 3600 120000-130000   00      70.69  934.0     69.23     0.51    -9999
CALMA      241121 3600 130000-140000   00      70.63  933.4     68.91     0.05    -9999
CALMA      241121 3600 140000-150000   00      70.92  932.6     68.83    -0.06    -9999
CALMA      241121 3600 150000-160000   00      70.99  932.4     68.79    -0.12    -9999
CALMA      241121 300  160000-160500   00      71.83  932.6     69.73     1.24     1.32
CALMA      241121 300  160500-161000   00      69.52  932.6     67.48    -2.03    -1.95
CALMA      241121 300  161000-161500   00      73.66  932.7     71.53     3.85     3.93
CALMA      241121 300  161500-162000   00      69.09  932.6     67.06    -2.64    -2.55
CALMA      241121 300  162000-162500   00      71.58  932.5     69.40     0.76     0.86
CALMA      241121 300  162500-163000   00      69.96  932.5     67.86    -1.48    -1.37
CALMA      241121 300  163000-163500   00      71.57  932.5     69.43     0.81     0.92
CALMA      241121 300  163500-164000   00      72.71  932.6     70.55     2.43     2.54
CALMA      241121 300  164000-164500   00      69.92  932.6     67.87    -1.46    -1.33
CALMA      241121 300  164500-165000   00      70.68  932.6     68.61    -0.38    -0.25
CALMA      241121 300  165000-165500   00      70.33  932.7     68.31    -0.82    -0.68
CALMA      241121 300  165500-170000   00      71.28  932.7     69.22     0.50     0.64
CALMA      241121 300  170000-170500   00      70.57  932.6     68.50    -0.55    -0.40
CALMA      241121 300  170500-171000   00      71.95  932.5     69.78     1.31     1.47
CALMA      241121 300  171000-171500   00      71.66  932.3     69.41     0.78     0.94
CALMA      241121 300  171500-172000   00      71.67  932.2     69.37     0.72     0.89
CALMA      241121 300  172000-172500   00      70.45  932.2     68.21    -0.97    -0.80
CALMA      241121 300  172500-173000   00      68.98  932.2     66.78    -3.04    -2.86
CALMA      241121 300  173000-173500   00      70.49  932.3     68.28    -0.87    -0.68
CALMA      241121 300  173500-174000   00      71.20  932.4     69.01     0.19     0.39
CALMA      241121 300  174000-174500   00      69.54  932.5     67.45    -2.07    -1.87
CALMA      241121 300  174500-175000   00      73.46  932.5     71.23     3.42     3.63
CALMA      241121 300  175000-175500   00      71.53  932.5     69.37     0.72     0.93
CALMA      241121 300  175500-180000   00      70.67  932.6     68.58    -0.43    -0.21
CALMA      241121 300  180000-180500   00      71.04  932.6     68.93     0.08     0.31
CALMA      241121 300  180500-181000   00      70.02  932.6     67.93    -1.37    -1.13
CALMA      241121 300  181000-181500   00      70.25  932.5     68.15    -1.06    -0.82
CALMA      241121 300  181500-182000   00      71.65  932.5     69.50     0.91     1.15
CALMA      241121 300  182000-182500   00      70.02  932.5     67.92    -1.39    -1.13
CALMA      241121 300  182500-183000   00      70.60  932.5     68.49    -0.56    -0.30
CALMA      241121 300  183000-183500   00      71.94  932.6     69.79     1.33     1.60
CALMA      241121 300  183500-184000   00      68.49  932.6     66.45    -3.52    -3.25
CALMA      241121 300  184000-184500   00      70.70  932.5     68.54    -0.49    -0.21
CALMA      241121 300  184500-185000   00      71.16  932.5     68.99     0.17     0.46
CALMA      241121 300  185000-185500   00      70.48  932.5     68.35    -0.76    -0.46
CALMA      241121 300  185500-190000   00      71.57  932.5     69.41     0.78     1.08
CALMA      241121 300  190000-190500   00      71.70  932.4     69.49     0.90     1.20
CALMA      241121 300  190500-191000   00      69.57  932.4     67.41    -2.13    -1.81
CALMA      241121 300  191000-191500   00      69.45  932.3     67.26    -2.35    -2.03
CALMA      241121 300  191500-192000   00      70.58  932.3     68.34    -0.77    -0.45
CALMA      241121 300  192000-192500   00      68.35  932.3     66.18    -3.91    -3.58
CALMA      241121 300  192500-193000   00      70.22  932.2     67.98    -1.30    -0.96
CALMA      241121 300  193000-193500   00      71.16  932.2     68.87    -0.01     0.33
CALMA      241121 300  193500-194000   00      69.04  932.1     66.79    -3.03    -2.67
CALMA      241121 300  194000-194500   00      69.23  932.2     66.99    -2.73    -2.37
CALMA      241121 300  194500-195000   00      68.86  932.2     66.65    -3.23    -2.86
CALMA      241121 300  195000-195500   00      72.69  932.2     70.34     2.13     2.50
CALMA      241121 300  195500-200000   00      70.22  932.1     67.93    -1.37    -0.99
CALMA      241121 300  200000-200500   00      71.97  932.0     69.58     1.02     1.41
CALMA      241121 300  200500-201000   00      71.51  932.1     69.15     0.40     0.80
CALMA      241121 300  201000-201500   00      70.49  932.1     68.18    -1.01    -0.61
CALMA      241121 300  201500-202000   00      71.24  932.0     68.88     0.00     0.41
CALMA      241121 300  202000-202500   00      71.97  932.2     69.65     1.12     1.54
CALMA      241121 300  202500-203000   00      70.23  932.2     67.98    -1.30    -0.88
CALMA      241121 300  203000-203500   00      72.01  932.3     69.74     1.25     1.68
CALMA      241121 300  203500-204000   00      68.80  932.3     66.65    -3.23    -2.80
CALMA      241121 300  204000-204500   00      69.64  932.4     67.50    -2.00    -1.56
CALMA      241121 300  204500-205000   00      68.59  932.4     66.46    -3.51    -3.07
CALMA      241121 300  205000-205500   00      70.98  932.3     68.76    -0.16     0.29
CALMA      241121 300  205500-210000   00      72.08  932.3     69.81     1.36     1.82
CALMA      241121 300  210000-210500   00      69.99  932.3     67.78    -1.59    -1.13
CALMA      241121 300  210500-211000   00      71.33  932.3     69.09     0.31     0.78
CALMA      241121 300  211000-211500   00      69.57  932.2     67.37    -2.19    -1.71
CALMA      241121 300  211500-212000   00      71.21  932.2     68.95     0.11     0.59
CALMA      241121 300  212000-212500   00      71.59  932.3     69.32     0.65     1.14
CALMA      241121 300  212500-213000   00      72.03  932.3     69.76     1.28     1.78
CALMA      241121 300  213000-213500   00      69.00  932.3     66.82    -2.99    -2.48
CALMA      241121 300  213500-214000   00      71.20  932.3     68.96     0.13     0.64
CALMA      241121 300  214000-214500   00      69.90  932.3     67.71    -1.69    -1.17
CALMA      241121 300  214500-215000   00      69.91  932.4     67.74    -1.65    -1.12
CALMA      241121 300  215000-215500   00      69.22  932.3     67.04    -2.66    -2.13
CALMA      241121 300  215500-220000   00      70.59  932.2     68.35    -0.76    -0.23
CALMA      241121 300  220000-220500   00      72.11  932.2     69.81     1.35     1.90
CALMA      241121 300  220500-221000   00      69.59  932.2     67.36    -2.20    -1.65
CALMA      241121 300  221000-221500   00      69.42  932.2     67.20    -2.44    -1.88
CALMA      241121 300  221500-222000   00      69.26  932.2     67.04    -2.67    -2.11
CALMA      241121 300  222000-222500   00      69.09  932.1     66.84    -2.96    -2.39
CALMA      241121 300  222500-223000   00      68.69  932.1     66.44    -3.54    -2.96
CALMA      241121 300  223000-223500   00      70.15  932.0     67.80    -1.56    -0.98
CALMA      241121 300  223500-224000   00      70.99  932.0     68.61    -0.39     0.20
CALMA      241121 300  224000-224500   00      70.99  932.0     68.62    -0.37     0.23
CALMA      241121 300  224500-225000   00      72.71  932.0     70.30     2.07     2.67
CALMA      241121 300  225000-225500   00      70.57  932.0     68.19    -1.00    -0.39
CALMA      241121 300  225500-230000   00      70.75  931.9     68.36    -0.75    -0.14
CALMA      241121 300  230000-230500   00      71.04  931.9     68.61    -0.39     0.24
CALMA      241121 300  230500-231000   00      72.13  931.9     69.68     1.17     1.80
CALMA      241121 300  231000-231500   00      69.90  931.8     67.48    -2.03    -1.39
CALMA      241121 300  231500-232000   00      69.39  931.7     66.94    -2.81    -2.16
CALMA      241121 300  232000-232500   00      71.53  931.8     69.06     0.27     0.92
CALMA      241121 300  232500-233000   00      70.16  931.9     67.76    -1.62    -0.96
CALMA      241121 300  233000-233500   00      71.94  931.8     69.46     0.85     1.51
CALMA      241121 300  233500-234000   00      72.96  931.8     70.43     2.26     2.93
CALMA      241121 300  234000-234500   00      72.04  931.7     69.51     0.92     1.60
CALMA      241121 300  234500-235000   00      72.43  931.7     69.84     1.40     2.09
CALMA      241121 300  235000-235500   00      71.31  931.6     68.75    -0.18     0.51
CALMA      241121 300  235500-240000   00      69.68  931.7     67.21    -2.42    -1.73
CALMA      241122 300  000000-000500   00      70.37  931.6     67.85    -1.49    -0.78
CALMA      241122 300  000500-001000   00      72.12  931.5     69.49     0.89     1.60
CALMA      241122 300  001000-001500   00      72.37  931.6     69.77     1.29     2.01
CALMA      241122 300  001500-002000   00      72.13  931.7     69.55     0.98     1.70
CALMA      241122 300  002000-002500   00      71.08  931.6     68.51    -0.53     0.20
CALMA      241122 300  002500-003000   00      69.72  931.6     67.21    -2.41    -1.68
CALMA      241122 300  003000-003500   00      71.47  931.5     68.84    -0.06     0.69
CALMA      241122 300  003500-004000   00      68.70  931.4     66.15    -3.96    -3.21
CALMA      241122 300  004000-004500   00      72.33  931.4     69.64     1.11     1.87
CALMA      241122 300  004500-005000   00      69.70  931.4     67.09    -2.59    -1.83
CALMA      241122 300  005000-005500   00      72.12  931.4     69.43     0.80     1.57
CALMA      241122 300  005500-010000   00      71.77  931.3     69.07     0.29     1.06
CALMA      241122 300  010000-010500   00      72.28  931.4     69.58     1.02     1.80
CALMA      241122 300  010500-011000   00      70.07  931.4     67.46    -2.05    -1.26
CALMA      241122 300  011000-011500   00      71.00  931.4     68.37    -0.73     0.06
CALMA      241122 300  011500-012000   00      72.63  931.5     69.97     1.59     2.39
CALMA      241122 300  012000-012500   00      72.29  931.5     69.65     1.12     1.93
CALMA      241122 300  012500-013000   00      70.25  931.5     67.69    -1.73    -0.91
CALMA      241122 300  013000-013500   00      72.21  931.5     69.57     1.01     1.83
CALMA      241122 300  013500-014000   00      72.29  931.6     69.66     1.14     1.97
CALMA      241122 300  014000-014500   00      71.28  931.6     68.69    -0.27     0.57
CALMA      241122 300  014500-015000   00      71.04  931.5     68.44    -0.64     0.20
CALMA      241122 300  015000-015500   00      71.51  931.5     68.88     0.01     0.86
CALMA      241122 300  015500-020000   00      70.69  931.5     68.09    -1.14    -0.28
CALMA      241122 3600 020000-030000   00      70.76  931.6     68.22    -0.96    -9999
CALMA      241122 3600 030000-040000   00      70.45  931.6     67.92    -1.39    -9999
CALMA      241122 3600 040000-050000   00      70.63  931.7     68.16    -1.04    -9999
CALMA      241122 3600 050000-060000   00      70.73  932.6     68.62    -0.37    -9999
CALMA      241122 3600 060000-070000   00      69.91  933.2     68.14    -1.07    -9999
CALMA      241122 3600 070000-080000   00      69.49  934.1     68.13    -1.08    -9999
CALMA      241122 3600 080000-090000   00      69.26  935.1     68.34    -0.78    -9999
CALMA      241122 3600 090000-100000   00      69.53  936.1     69.09     0.31    -9999
CALMA      241122 3600 100000-110000   00      68.54  937.0     68.51    -0.54    -9999
CALMA      241122 3600 110000-120000   00      68.40  937.0     68.38    -0.72    -9999
CALMA      241122 3600 120000-130000   00      69.19  936.7     69.03     0.22    -9999
CALMA      241122 3600 130000-140000   00      69.07  936.8     68.94     0.09    -9999
CALMA      241122 3600 140000-150000   00      69.11  936.8     68.96     0.12    -9999
CALMA      241122 3600 150000-160000   00      69.67  937.2     69.72     1.22    -9999
CALMA      241122 3600 160000-170000   00      69.58  937.5     69.79     1.32    -9999
CALMA      241122 3600 170000-180000   00      68.85  938.1     69.31     0.62    -9999
CALMA      241122 3600 180000-190000   00      68.77  938.8     69.56     1.00    -9999
CALMA      241122 3600 190000-200000   00      68.79  939.3     69.83     1.39    -9999
CALMA      241122 3600 200000-210000   00      67.89  939.9     69.20     0.46    -9999
CALMA      241122 3600 210000-220000   00      67.29  940.6     68.88     0.01    -9999
CALMA      241122 3600 220000-230000   00      67.15  940.8     68.87    -0.01    -9999
CALMA      241122 3600 230000-240000   00      68.14  940.9     69.91     1.51    -9999
*
COMMENT DATA SOURCE: NMDB | DOWNLOADED ON 27.11.2024
COMMENT DETRENDING DONE BY IU
COMMENT UNIVERISTY OF OULU: FILE GENERATED FROM DATABASE AND OBTAINED FROM
COMMENT https://gle.oulu.fi at 2025-01-11 16:21:29 +00:00
COMMENT FOR HISTORICAL/ORIGINAL TEXT FILES SEE https://gle.oulu.fi/txtarchive/
COMMENT ORIGINAL AT https://gle.oulu.fi/txtarchive/GLE76/C076CALM_cor.DAT
COMMENT DETRENDED DATA SHOW -9999 IF EQUAL TO INC% COLUMN 