LOMNICKY   LATITUDE    49.2      LONGITUDE     20.22     ALTITUDE    2634 M
LOMNICKY   INSTRUMENT   8-NM-64  NEUTRON MONITOR	
LOMNICKY   STANDARD PRESSURE    733.3   MB     COEFFICIENT   -0.72     % / MB
LOMNICKY   PRE-INCREASE BASELINE TIME INTERVAL    241121    160000-180000   UT
LOMNICKY   PRE-INCREASE AVERAGE COUNTING RATE    409.33      COUNTS PER SECOND
LOMNICKY   TIME INTERVALS    300         3600     
LOMNICKY   SCALE FACTORS     1           1        
STATION    YYMMDD  SEC   TIME (UT)   CODE    UNCORR. PRESS.    CORR.    % INC.	DETRENDED
                         INTERVAL    TD      C/S     (MB)      C/S
LOMNICKY   241120 3600 000000-010000   00     452.43  718.3    406.67    -0.65    -9999
LOMNICKY   241120 3600 010000-020000   00     456.24  716.8    405.51    -0.93    -9999
LOMNICKY   241120 3600 020000-030000   00     463.50  715.2    407.51    -0.45    -9999
LOMNICKY   241120 3600 030000-040000   00     467.55  714.1    407.59    -0.43    -9999
LOMNICKY   241120 3600 040000-050000   00     469.30  713.7    408.05    -0.31    -9999
LOMNICKY   241120 3600 050000-060000   00     470.46  713.6    408.77    -0.14    -9999
LOMNICKY   241120 3600 060000-070000   00     470.60  713.4    408.41    -0.23    -9999
LOMNICKY   241120 3600 070000-080000   00     472.10  713.4    409.67     0.08    -9999
LOMNICKY   241120 3600 080000-090000   00     472.92  714.3    412.92     0.88    -9999
LOMNICKY   241120 3600 090000-100000   00     474.26  713.7    412.39     0.75    -9999
LOMNICKY   241120 3600 100000-110000   00     478.04  713.1    413.85     1.10    -9999
LOMNICKY   241120 3600 110000-120000   00     478.40  713.2    414.53     1.27    -9999
LOMNICKY   241120 3600 120000-130000   00     476.80  713.4    413.64     1.05    -9999
LOMNICKY   241120 3600 130000-140000   00     473.47  713.6    411.38     0.50    -9999
LOMNICKY   241120 3600 140000-150000   00     471.44  713.2    408.56    -0.19    -9999
LOMNICKY   241120 3600 150000-160000   00     471.62  713.8    410.46     0.27    -9999
LOMNICKY   241120 3600 160000-170000   00     472.75  713.7    411.05     0.42    -9999
LOMNICKY   241120 3600 170000-180000   00     470.31  714.1    410.16     0.20    -9999
LOMNICKY   241120 3600 180000-190000   00     470.55  714.2    410.67     0.33    -9999
LOMNICKY   241120 3600 190000-200000   00     469.93  714.2    410.05     0.17    -9999
LOMNICKY   241120 3600 200000-210000   00     469.90  713.8    408.89    -0.11    -9999
LOMNICKY   241120 3600 210000-220000   00     470.01  713.8    409.12    -0.05    -9999
LOMNICKY   241120 3600 220000-230000   00     470.69  713.6    409.08    -0.06    -9999
LOMNICKY   241120 3600 230000-240000   00     470.46  713.7    409.23    -0.02    -9999
LOMNICKY   241121 3600 000000-010000   00     469.70  713.8    408.82    -0.13    -9999
LOMNICKY   241121 3600 010000-020000   00     471.09  713.7    409.76     0.10    -9999
LOMNICKY   241121 3600 020000-030000   00     467.95  713.9    407.61    -0.42    -9999
LOMNICKY   241121 3600 030000-040000   00     469.81  713.3    407.36    -0.48    -9999
LOMNICKY   241121 3600 040000-050000   00     470.28  713.5    408.37    -0.24    -9999
LOMNICKY   241121 3600 050000-060000   00     468.75  714.5    409.96     0.15    -9999
LOMNICKY   241121 3600 060000-070000   00     468.75  715.1    411.59     0.55    -9999
LOMNICKY   241121 3600 070000-080000   00     467.22  715.4    411.31     0.48    -9999
LOMNICKY   241121 3600 080000-090000   00     465.71  715.9    411.46     0.52    -9999
LOMNICKY   241121 3600 090000-100000   00     466.74  716.1    412.87     0.86    -9999
LOMNICKY   241121 3600 100000-110000   00     466.80  716.3    413.44     1.00    -9999
LOMNICKY   241121 3600 110000-120000   00     465.82  716.5    413.32     0.97    -9999
LOMNICKY   241121 3600 120000-130000   00     467.35  716.5    414.57     1.28    -9999
LOMNICKY   241121 3600 130000-140000   00     464.71  716.5    412.12     0.68    -9999
LOMNICKY   241121 3600 140000-150000   00     464.69  716.4    412.00     0.65    -9999
LOMNICKY   241121 3600 150000-160000   00     464.65  716.4    411.82     0.61    -9999
LOMNICKY   241121 300  160000-160500   00     467.74  716.4    414.60     1.29     1.20
LOMNICKY   241121 300  160500-161000   00     465.54  716.3    412.51     0.78     0.71
LOMNICKY   241121 300  161000-161500   00     463.80  716.4    411.03     0.41     0.36
LOMNICKY   241121 300  161500-162000   00     461.37  716.3    408.85    -0.12    -0.16
LOMNICKY   241121 300  162000-162500   00     467.45  716.4    414.43     1.25     1.23
LOMNICKY   241121 300  162500-163000   00     461.60  716.4    409.35     0.00     0.00
LOMNICKY   241121 300  163000-163500   00     462.75  716.4    410.15     0.20     0.21
LOMNICKY   241121 300  163500-164000   00     461.00  716.4    408.63    -0.17    -0.14
LOMNICKY   241121 300  164000-164500   00     461.11  716.3    408.54    -0.19    -0.15
LOMNICKY   241121 300  164500-165000   00     462.89  716.2    409.90     0.14     0.20
LOMNICKY   241121 300  165000-165500   00     460.77  716.3    408.13    -0.29    -0.22
LOMNICKY   241121 300  165500-170000   00     461.47  716.3    408.91    -0.10    -0.01
LOMNICKY   241121 300  170000-170500   00     464.08  716.3    411.15     0.44     0.56
LOMNICKY   241121 300  170500-171000   00     463.08  716.4    410.54     0.29     0.42
LOMNICKY   241121 300  171000-171500   00     457.90  716.5    406.20    -0.76    -0.62
LOMNICKY   241121 300  171500-172000   00     458.23  716.4    406.31    -0.74    -0.58
LOMNICKY   241121 300  172000-172500   00     460.15  716.5    408.09    -0.30    -0.13
LOMNICKY   241121 300  172500-173000   00     461.27  716.5    409.22    -0.03     0.17
LOMNICKY   241121 300  173000-173500   00     457.32  716.4    405.46    -0.95    -0.74
LOMNICKY   241121 300  173500-174000   00     458.01  716.4    405.97    -0.82    -0.59
LOMNICKY   241121 300  174000-174500   00     462.80  716.3    410.08     0.18     0.43
LOMNICKY   241121 300  174500-175000   00     463.47  716.3    410.48     0.28     0.54
LOMNICKY   241121 300  175000-175500   00     461.44  716.2    408.49    -0.21     0.07
LOMNICKY   241121 300  175500-180000   00     459.76  716.2    407.00    -0.57    -0.28
LOMNICKY   241121 300  180000-180500   00     462.26  716.1    409.03    -0.08     0.23
LOMNICKY   241121 300  180500-181000   00     462.84  716.0    409.22    -0.03     0.30
LOMNICKY   241121 300  181000-181500   00     462.46  715.9    408.52    -0.20     0.14
LOMNICKY   241121 300  181500-182000   00     464.21  715.7    409.49     0.04     0.40
LOMNICKY   241121 300  182000-182500   00     461.90  715.6    407.24    -0.51    -0.14
LOMNICKY   241121 300  182500-183000   00     464.08  715.6    408.96    -0.09     0.30
LOMNICKY   241121 300  183000-183500   00     460.54  715.5    405.54    -0.93    -0.52
LOMNICKY   241121 300  183500-184000   00     464.18  715.4    408.58    -0.18     0.24
LOMNICKY   241121 300  184000-184500   00     466.15  715.4    410.38     0.26     0.70
LOMNICKY   241121 300  184500-185000   00     462.99  715.3    407.33    -0.49    -0.03
LOMNICKY   241121 300  185000-185500   00     465.07  715.4    409.22    -0.03     0.44
LOMNICKY   241121 300  185500-190000   00     464.68  715.3    408.85    -0.12     0.37
LOMNICKY   241121 300  190000-190500   00     465.25  715.1    408.75    -0.14     0.36
LOMNICKY   241121 300  190500-191000   00     462.71  715.0    406.21    -0.76    -0.24
LOMNICKY   241121 300  191000-191500   00     463.64  715.0    407.05    -0.56    -0.02
LOMNICKY   241121 300  191500-192000   00     460.56  715.0    404.28    -1.24    -0.68
LOMNICKY   241121 300  192000-192500   00     466.10  714.9    408.67    -0.16     0.41
LOMNICKY   241121 300  192500-193000   00     465.30  714.7    407.38    -0.48     0.11
LOMNICKY   241121 300  193000-193500   00     460.50  714.5    402.59    -1.65    -1.04
LOMNICKY   241121 300  193500-194000   00     463.03  714.3    404.36    -1.22    -0.60
LOMNICKY   241121 300  194000-194500   00     463.59  714.4    405.06    -1.04    -0.41
LOMNICKY   241121 300  194500-195000   00     459.90  714.3    401.74    -1.85    -1.20
LOMNICKY   241121 300  195000-195500   00     464.41  714.3    405.70    -0.89    -0.22
LOMNICKY   241121 300  195500-200000   00     460.66  714.2    402.11    -1.77    -1.08
LOMNICKY   241121 300  200000-200500   00     460.77  714.4    402.65    -1.63    -0.93
LOMNICKY   241121 300  200500-201000   00     461.20  714.3    402.80    -1.60    -0.88
LOMNICKY   241121 300  201000-201500   00     459.45  714.2    400.94    -2.05    -1.31
LOMNICKY   241121 300  201500-202000   00     460.37  714.0    401.15    -2.00    -1.25
LOMNICKY   241121 300  202000-202500   00     461.70  714.0    402.29    -1.72    -0.95
LOMNICKY   241121 300  202500-203000   00     457.63  714.0    398.68    -2.60    -1.82
LOMNICKY   241121 300  203000-203500   00     457.42  713.9    398.26    -2.71    -1.90
LOMNICKY   241121 300  203500-204000   00     462.25  713.8    402.27    -1.73    -0.91
LOMNICKY   241121 300  204000-204500   00     459.51  713.8    399.76    -2.34    -1.50
LOMNICKY   241121 300  204500-205000   00     459.66  713.7    399.82    -2.32    -1.47
LOMNICKY   241121 300  205000-205500   00     461.22  713.8    401.31    -1.96    -1.09
LOMNICKY   241121 300  205500-210000   00     458.41  714.0    399.55    -2.39    -1.51
LOMNICKY   241121 300  210000-210500   00     458.03  714.1    399.45    -2.41    -1.51
LOMNICKY   241121 300  210500-211000   00     463.59  714.1    404.32    -1.22    -0.31
LOMNICKY   241121 300  211000-211500   00     460.53  714.1    401.73    -1.86    -0.92
LOMNICKY   241121 300  211500-212000   00     458.98  714.3    400.78    -2.09    -1.14
LOMNICKY   241121 300  212000-212500   00     464.82  714.2    405.68    -0.89     0.07
LOMNICKY   241121 300  212500-213000   00     462.52  714.5    404.46    -1.19    -0.21
LOMNICKY   241121 300  213000-213500   00     461.27  714.3    402.72    -1.62    -0.62
LOMNICKY   241121 300  213500-214000   00     463.01  714.1    403.77    -1.36    -0.34
LOMNICKY   241121 300  214000-214500   00     463.78  714.0    404.11    -1.28    -0.24
LOMNICKY   241121 300  214500-215000   00     466.38  713.9    406.09    -0.79     0.26
LOMNICKY   241121 300  215000-215500   00     465.82  713.8    405.37    -0.97     0.10
LOMNICKY   241121 300  215500-220000   00     463.42  713.8    403.23    -1.49    -0.41
LOMNICKY   241121 300  220000-220500   00     466.18  713.6    404.98    -1.06     0.03
LOMNICKY   241121 300  220500-221000   00     467.29  713.3    405.19    -1.01     0.10
LOMNICKY   241121 300  221000-221500   00     466.64  713.1    404.18    -1.26    -0.13
LOMNICKY   241121 300  221500-222000   00     467.77  712.7    403.81    -1.35    -0.20
LOMNICKY   241121 300  222000-222500   00     468.66  712.4    403.78    -1.36    -0.19
LOMNICKY   241121 300  222500-223000   00     470.23  712.2    404.48    -1.19    -0.01
LOMNICKY   241121 300  223000-223500   00     473.68  711.9    406.62    -0.66     0.53
LOMNICKY   241121 300  223500-224000   00     468.93  711.9    402.46    -1.68    -0.47
LOMNICKY   241121 300  224000-224500   00     471.74  711.8    404.62    -1.15     0.08
LOMNICKY   241121 300  224500-225000   00     473.06  711.7    405.59    -0.91     0.33
LOMNICKY   241121 300  225000-225500   00     471.31  711.6    403.81    -1.35    -0.09
LOMNICKY   241121 300  225500-230000   00     471.93  711.5    404.04    -1.29    -0.02
LOMNICKY   241121 300  230000-230500   00     471.95  711.4    403.62    -1.40    -0.10
LOMNICKY   241121 300  230500-231000   00     474.22  711.3    405.26    -1.00     0.32
LOMNICKY   241121 300  231000-231500   00     471.48  711.3    402.96    -1.56    -0.23
LOMNICKY   241121 300  231500-232000   00     474.81  711.0    405.10    -1.03     0.31
LOMNICKY   241121 300  232000-232500   00     474.89  710.7    404.15    -1.27     0.09
LOMNICKY   241121 300  232500-233000   00     470.68  710.6    400.39    -2.19    -0.81
LOMNICKY   241121 300  233000-233500   00     473.38  710.5    402.43    -1.69    -0.29
LOMNICKY   241121 300  233500-234000   00     476.17  710.3    404.20    -1.25     0.16
LOMNICKY   241121 300  234000-234500   00     474.35  710.3    402.62    -1.64    -0.21
LOMNICKY   241121 300  234500-235000   00     471.95  710.3    400.53    -2.15    -0.71
LOMNICKY   241121 300  235000-235500   00     473.68  710.3    402.10    -1.77    -0.31
LOMNICKY   241121 300  235500-240000   00     473.35  710.1    401.19    -1.99    -0.51
LOMNICKY   241122 300  000000-000500   00     475.96  709.7    402.26    -1.73    -0.24
LOMNICKY   241122 300  000500-001000   00     474.49  709.9    401.63    -1.88    -0.37
LOMNICKY   241122 300  001000-001500   00     473.93  709.8    400.86    -2.07    -0.54
LOMNICKY   241122 300  001500-002000   00     475.87  709.7    402.22    -1.74    -0.20
LOMNICKY   241122 300  002000-002500   00     474.32  709.7    400.79    -2.09    -0.53
LOMNICKY   241122 300  002500-003000   00     477.71  709.9    404.36    -1.22     0.36
LOMNICKY   241122 300  003000-003500   00     475.85  709.6    401.91    -1.81    -0.22
LOMNICKY   241122 300  003500-004000   00     480.75  709.8    406.56    -0.68     0.93
LOMNICKY   241122 300  004000-004500   00     476.00  709.6    401.88    -1.82    -0.20
LOMNICKY   241122 300  004500-005000   00     476.32  709.6    402.36    -1.70    -0.06
LOMNICKY   241122 300  005000-005500   00     475.01  709.7    401.56    -1.90    -0.24
LOMNICKY   241122 300  005500-010000   00     475.90  709.7    402.19    -1.75    -0.07
LOMNICKY   241122 300  010000-010500   00     478.09  709.9    404.68    -1.14     0.55
LOMNICKY   241122 300  010500-011000   00     476.47  709.8    402.88    -1.58     0.13
LOMNICKY   241122 300  011000-011500   00     476.30  709.8    402.89    -1.57     0.15
LOMNICKY   241122 300  011500-012000   00     479.03  709.5    404.27    -1.24     0.50
LOMNICKY   241122 300  012000-012500   00     479.40  709.5    404.43    -1.20     0.56
LOMNICKY   241122 300  012500-013000   00     471.22  709.9    398.74    -2.59    -0.82
LOMNICKY   241122 300  013000-013500   00     475.94  709.8    402.41    -1.69     0.10
LOMNICKY   241122 300  013500-014000   00     474.74  709.8    401.37    -1.95    -0.14
LOMNICKY   241122 300  014000-014500   00     475.55  709.4    401.05    -2.02    -0.20
LOMNICKY   241122 300  014500-015000   00     475.95  709.6    401.80    -1.84     0.00
LOMNICKY   241122 300  015000-015500   00     475.84  709.6    401.71    -1.86    -0.01
LOMNICKY   241122 300  015500-020000   00     478.70  709.9    405.24    -1.00     0.87
LOMNICKY   241122 3600 020000-030000   00     474.70  710.0    401.89    -1.82    -9999
LOMNICKY   241122 3600 030000-040000   00     471.85  710.6    401.37    -1.95    -9999
LOMNICKY   241122 3600 040000-050000   00     472.08  710.8    402.18    -1.75    -9999
LOMNICKY   241122 3600 050000-060000   00     470.27  711.8    403.45    -1.44    -9999
LOMNICKY   241122 3600 060000-070000   00     469.24  712.6    404.86    -1.09    -9999
LOMNICKY   241122 3600 070000-080000   00     467.95  713.3    405.82    -0.86    -9999
LOMNICKY   241122 3600 080000-090000   00     467.09  713.5    405.51    -0.93    -9999
LOMNICKY   241122 3600 090000-100000   00     467.82  713.5    406.30    -0.74    -9999
LOMNICKY   241122 3600 100000-110000   00     467.92  713.4    405.95    -0.83    -9999
LOMNICKY   241122 3600 110000-120000   00     467.11  713.8    406.54    -0.68    -9999
LOMNICKY   241122 3600 120000-130000   00     469.31  713.9    408.71    -0.15    -9999
LOMNICKY   241122 3600 130000-140000   00     467.95  714.6    409.55     0.05    -9999
LOMNICKY   241122 3600 140000-150000   00     467.81  715.0    410.73     0.34    -9999
LOMNICKY   241122 3600 150000-160000   00     466.76  715.9    412.26     0.72    -9999
LOMNICKY   241122 3600 160000-170000   00     467.20  715.9    412.84     0.86    -9999
LOMNICKY   241122 3600 170000-180000   00     466.43  716.4    413.44     1.00    -9999
LOMNICKY   241122 3600 180000-190000   00     464.64  716.6    412.44     0.76    -9999
LOMNICKY   241122 3600 190000-200000   00     462.06  716.8    410.70     0.33    -9999
LOMNICKY   241122 3600 200000-210000   00     459.94  717.2    410.07     0.18    -9999
LOMNICKY   241122 3600 210000-220000   00     456.88  717.6    408.48    -0.21    -9999
LOMNICKY   241122 3600 220000-230000   00     455.09  717.2    405.63    -0.90    -9999
LOMNICKY   241122 3600 230000-240000   00     453.51  718.0    406.64    -0.66    -9999
*
COMMENT DATA SOURCE: NMDB | DOWNLOADED ON 27.11.2024
COMMENT DETRENDING DONE BY IU
COMMENT UNIVERISTY OF OULU: FILE GENERATED FROM DATABASE AND OBTAINED FROM
COMMENT https://gle.oulu.fi at 2025-01-11 16:21:29 +00:00
COMMENT FOR HISTORICAL/ORIGINAL TEXT FILES SEE https://gle.oulu.fi/txtarchive/
COMMENT ORIGINAL AT https://gle.oulu.fi/txtarchive/GLE76/C076LMKS_cor.DAT
COMMENT DETRENDED DATA SHOW -9999 IF EQUAL TO INC% COLUMN 