NAIN       LATITUDE    56.6      LONGITUDE     -61.7     ALTITUDE    0 M
NAIN       INSTRUMENT   18NM64    NEUTRON MONITOR     	
NAIN       STANDARD PRESSURE    1013    MB     COEFFICIENT   -0.75     % / MB
NAIN       PRE-INCREASE BASELINE TIME INTERVAL    241121    160000-180000   UT
NAIN       PRE-INCREASE AVERAGE COUNTING RATE    191.91      COUNTS PER SECOND
NAIN       TIME INTERVALS    300         3600     
NAIN       SCALE FACTORS     1           1        
STATION    YYMMDD  SEC   TIME (UT)   CODE    UNCORR. PRESS.    CORR.    % INC.	DETRENDED
                         INTERVAL    TD      C/S     (MB)      C/S
NAIN       241120 3600 000000-010000   00     167.27 1030.2    191.43    -0.25    -9999
NAIN       241120 3600 010000-020000   00     167.13 1030.6    191.76    -0.08    -9999
NAIN       241120 3600 020000-030000   00     166.08 1031.1    191.31    -0.32    -9999
NAIN       241120 3600 030000-040000   00     165.08 1031.9    191.32    -0.31    -9999
NAIN       241120 3600 040000-050000   00     164.52 1032.4    191.37    -0.28    -9999
NAIN       241120 3600 050000-060000   00     162.72 1032.6    189.64    -1.19    -9999
NAIN       241120 3600 060000-070000   00     163.31 1033.0    190.88    -0.54    -9999
NAIN       241120 3600 070000-080000   00     163.10 1033.4    191.13    -0.41    -9999
NAIN       241120 3600 080000-090000   00     162.65 1033.8    191.19    -0.38    -9999
NAIN       241120 3600 090000-100000   00     162.90 1034.2    192.02     0.05    -9999
NAIN       241120 3600 100000-110000   00     162.44 1034.8    192.44     0.27    -9999
NAIN       241120 3600 110000-120000   00     161.70 1035.6    192.65     0.38    -9999
NAIN       241120 3600 120000-130000   00     160.91 1036.1    192.47     0.29    -9999
NAIN       241120 3600 130000-140000   00     161.68 1036.3    193.67     0.92    -9999
NAIN       241120 3600 140000-150000   00     162.23 1036.2    194.17     1.18    -9999
NAIN       241120 3600 150000-160000   00     161.10 1035.9    192.44     0.27    -9999
NAIN       241120 3600 160000-170000   00     162.15 1035.8    193.46     0.80    -9999
NAIN       241120 3600 170000-180000   00     162.10 1035.8    193.40     0.77    -9999
NAIN       241120 3600 180000-190000   00     161.19 1035.7    192.25     0.18    -9999
NAIN       241120 3600 190000-200000   00     161.58 1035.9    193.02     0.57    -9999
NAIN       241120 3600 200000-210000   00     161.09 1036.4    193.07     0.60    -9999
NAIN       241120 3600 210000-220000   00     160.26 1036.7    192.57     0.34    -9999
NAIN       241120 3600 220000-230000   00     159.57 1036.9    191.98     0.03    -9999
NAIN       241120 3600 230000-240000   00     159.26 1036.9    191.65    -0.14    -9999
NAIN       241121 3600 000000-010000   00     159.72 1036.8    192.00     0.05    -9999
NAIN       241121 3600 010000-020000   00     160.11 1036.4    191.92     0.00    -9999
NAIN       241121 3600 020000-030000   00     160.71 1035.9    191.96     0.02    -9999
NAIN       241121 3600 030000-040000   00     160.38 1035.6    191.09    -0.43    -9999
NAIN       241121 3600 040000-050000   00     161.49 1035.2    191.78    -0.07    -9999
NAIN       241121 3600 050000-060000   00     161.14 1034.9    191.03    -0.46    -9999
NAIN       241121 3600 060000-070000   00     162.05 1034.8    191.94     0.01    -9999
NAIN       241121 3600 070000-080000   00     161.48 1034.6    191.02    -0.47    -9999
NAIN       241121 3600 080000-090000   00     162.03 1034.6    191.61    -0.16    -9999
NAIN       241121 3600 090000-100000   00     162.42 1034.5    191.96     0.02    -9999
NAIN       241121 3600 100000-110000   00     162.59 1034.1    191.60    -0.16    -9999
NAIN       241121 3600 110000-120000   00     163.03 1034.0    191.90    -0.01    -9999
NAIN       241121 3600 120000-130000   00     164.21 1033.8    192.98     0.55    -9999
NAIN       241121 3600 130000-140000   00     163.85 1033.5    192.17     0.13    -9999
NAIN       241121 3600 140000-150000   00     164.40 1033.2    192.39     0.25    -9999
NAIN       241121 3600 150000-160000   00     164.29 1032.6    191.32    -0.31    -9999
NAIN       241121 300  160000-160500   00     164.72 1032.3    191.37    -0.28    -0.28
NAIN       241121 300  160500-161000   00     164.12 1032.2    190.66    -0.66    -0.66
NAIN       241121 300  161000-161500   00     165.30 1032.2    191.94     0.01     0.01
NAIN       241121 300  161500-162000   00     167.22 1032.2    194.16     1.17     1.17
NAIN       241121 300  162000-162500   00     162.93 1032.2    189.16    -1.44    -1.44
NAIN       241121 300  162500-163000   00     168.29 1032.1    195.37     1.80     1.80
NAIN       241121 300  163000-163500   00     164.81 1032.1    191.28    -0.33    -0.33
NAIN       241121 300  163500-164000   00     165.28 1032.1    191.84    -0.04    -0.04
NAIN       241121 300  164000-164500   00     166.77 1032.0    193.46     0.81     0.81
NAIN       241121 300  164500-165000   00     165.29 1032.0    191.62    -0.16    -0.16
NAIN       241121 300  165000-165500   00     164.43 1032.0    190.64    -0.66    -0.66
NAIN       241121 300  165500-170000   00     163.27 1032.0    189.27    -1.38    -1.38
NAIN       241121 300  170000-170500   00     165.00 1031.9    191.22    -0.36    -0.36
NAIN       241121 300  170500-171000   00     167.10 1031.9    193.58     0.87     0.87
NAIN       241121 300  171000-171500   00     164.79 1031.8    190.87    -0.54    -0.54
NAIN       241121 300  171500-172000   00     165.64 1031.8    191.78    -0.07    -0.07
NAIN       241121 300  172000-172500   00     164.25 1031.7    190.08    -0.96    -0.96
NAIN       241121 300  172500-173000   00     164.62 1031.7    190.47    -0.75    -0.75
NAIN       241121 300  173000-173500   00     165.27 1031.6    191.11    -0.42    -0.42
NAIN       241121 300  173500-174000   00     167.16 1031.6    193.22     0.68     0.68
NAIN       241121 300  174000-174500   00     169.09 1031.5    195.40     1.81     1.81
NAIN       241121 300  174500-175000   00     165.99 1031.5    191.76    -0.08    -0.08
NAIN       241121 300  175000-175500   00     167.25 1031.5    193.14     0.64     0.64
NAIN       241121 300  175500-180000   00     166.80 1031.4    192.58     0.34     0.34
NAIN       241121 300  180000-180500   00     164.90 1031.4    190.32    -0.83    -0.83
NAIN       241121 300  180500-181000   00     167.78 1031.4    193.63     0.89     0.89
NAIN       241121 300  181000-181500   00     167.32 1031.3    193.08     0.61     0.61
NAIN       241121 300  181500-182000   00     166.27 1031.3    191.85    -0.03    -0.03
NAIN       241121 300  182000-182500   00     168.26 1031.3    194.12     1.15     1.15
NAIN       241121 300  182500-183000   00     165.71 1031.3    191.15    -0.40    -0.40
NAIN       241121 300  183000-183500   00     168.24 1031.3    194.10     1.14     1.14
NAIN       241121 300  183500-184000   00     169.08 1031.3    195.09     1.65     1.65
NAIN       241121 300  184000-184500   00     167.44 1031.3    193.20     0.67     0.67
NAIN       241121 300  184500-185000   00     168.10 1031.3    193.94     1.06     1.06
NAIN       241121 300  185000-185500   00     169.03 1031.3    194.99     1.60     1.60
NAIN       241121 300  185500-190000   00     166.29 1031.3    191.82    -0.05    -0.05
NAIN       241121 300  190000-190500   00     166.61 1031.3    192.14     0.12     0.12
NAIN       241121 300  190500-191000   00     169.96 1031.2    195.87     2.06     2.06
NAIN       241121 300  191000-191500   00     168.91 1031.1    194.56     1.38     1.38
NAIN       241121 300  191500-192000   00     168.06 1031.1    193.51     0.83     0.83
NAIN       241121 300  192000-192500   00     169.66 1031.0    195.33     1.78     1.78
NAIN       241121 300  192500-193000   00     170.65 1031.0    196.47     2.38     2.38
NAIN       241121 300  193000-193500   00     166.10 1031.0    191.24    -0.35    -0.35
NAIN       241121 300  193500-194000   00     167.12 1031.0    192.43     0.27     0.27
NAIN       241121 300  194000-194500   00     166.40 1031.0    191.52    -0.20    -0.20
NAIN       241121 300  194500-195000   00     168.27 1031.0    193.61     0.88     0.88
NAIN       241121 300  195000-195500   00     169.68 1031.0    195.30     1.76     1.76
NAIN       241121 300  195500-200000   00     168.51 1031.0    193.98     1.08     1.08
NAIN       241121 300  200000-200500   00     167.67 1031.0    192.95     0.54     0.54
NAIN       241121 300  200500-201000   00     169.59 1030.9    195.06     1.64     1.64
NAIN       241121 300  201000-201500   00     169.22 1030.9    194.58     1.39     1.39
NAIN       241121 300  201500-202000   00     168.94 1030.9    194.24     1.21     1.21
NAIN       241121 300  202000-202500   00     167.36 1030.9    192.41     0.26     0.26
NAIN       241121 300  202500-203000   00     167.63 1030.9    192.77     0.45     0.45
NAIN       241121 300  203000-203500   00     168.30 1030.9    193.55     0.85     0.85
NAIN       241121 300  203500-204000   00     166.69 1030.9    191.70    -0.11    -0.11
NAIN       241121 300  204000-204500   00     167.42 1030.9    192.60     0.36     0.36
NAIN       241121 300  204500-205000   00     167.64 1030.9    192.84     0.48     0.48
NAIN       241121 300  205000-205500   00     167.27 1030.9    192.45     0.28     0.28
NAIN       241121 300  205500-210000   00     169.16 1031.0    194.68     1.44     1.44
NAIN       241121 300  210000-210500   00     164.61 1031.0    189.39    -1.32    -1.32
NAIN       241121 300  210500-211000   00     167.63 1030.9    192.73     0.42     0.42
NAIN       241121 300  211000-211500   00     167.64 1030.8    192.66     0.39     0.39
NAIN       241121 300  211500-212000   00     167.98 1030.8    193.05     0.59     0.59
NAIN       241121 300  212000-212500   00     165.77 1030.8    190.55    -0.71    -0.71
NAIN       241121 300  212500-213000   00     167.19 1030.8    192.19     0.14     0.14
NAIN       241121 300  213000-213500   00     166.29 1030.9    191.20    -0.37    -0.37
NAIN       241121 300  213500-214000   00     164.46 1030.9    189.12    -1.46    -1.46
NAIN       241121 300  214000-214500   00     166.13 1030.9    191.06    -0.45    -0.45
NAIN       241121 300  214500-215000   00     166.85 1030.9    191.92     0.00     0.00
NAIN       241121 300  215000-215500   00     166.99 1030.9    192.07     0.08     0.08
NAIN       241121 300  215500-220000   00     165.43 1030.8    190.18    -0.90    -0.90
NAIN       241121 300  220000-220500   00     167.01 1030.8    191.96     0.02     0.02
NAIN       241121 300  220500-221000   00     166.75 1030.8    191.67    -0.13    -0.13
NAIN       241121 300  221000-221500   00     166.86 1030.9    191.86    -0.03    -0.03
NAIN       241121 300  221500-222000   00     166.14 1030.9    191.04    -0.45    -0.45
NAIN       241121 300  222000-222500   00     167.22 1030.8    192.24     0.17     0.17
NAIN       241121 300  222500-223000   00     166.79 1030.7    191.61    -0.16    -0.16
NAIN       241121 300  223000-223500   00     167.37 1030.7    192.27     0.18     0.18
NAIN       241121 300  223500-224000   00     167.99 1030.7    192.94     0.53     0.53
NAIN       241121 300  224000-224500   00     167.93 1030.7    192.86     0.49     0.49
NAIN       241121 300  224500-225000   00     165.92 1030.7    190.50    -0.74    -0.74
NAIN       241121 300  225000-225500   00     168.43 1030.7    193.37     0.76     0.76
NAIN       241121 300  225500-230000   00     165.57 1030.7    190.08    -0.96    -0.96
NAIN       241121 300  230000-230500   00     166.15 1030.6    190.69    -0.64    -0.64
NAIN       241121 300  230500-231000   00     169.71 1030.6    194.75     1.48     1.48
NAIN       241121 300  231000-231500   00     166.01 1030.6    190.49    -0.74    -0.74
NAIN       241121 300  231500-232000   00     167.41 1030.6    192.06     0.08     0.08
NAIN       241121 300  232000-232500   00     167.36 1030.5    191.93     0.01     0.01
NAIN       241121 300  232500-233000   00     166.60 1030.5    191.11    -0.42    -0.42
NAIN       241121 300  233000-233500   00     166.58 1030.5    191.01    -0.47    -0.47
NAIN       241121 300  233500-234000   00     167.72 1030.5    192.30     0.20     0.20
NAIN       241121 300  234000-234500   00     167.84 1030.4    192.38     0.24     0.24
NAIN       241121 300  234500-235000   00     167.20 1030.4    191.64    -0.14    -0.14
NAIN       241121 300  235000-235500   00     169.32 1030.4    194.05     1.11     1.11
NAIN       241121 300  235500-240000   00     166.36 1030.5    190.69    -0.64    -0.64
NAIN       241122 300  000000-000500   00     166.31 1030.4    190.59    -0.69    -0.69
NAIN       241122 300  000500-001000   00     166.44 1030.4    190.71    -0.63    -0.63
NAIN       241122 300  001000-001500   00     167.33 1030.4    191.67    -0.13    -0.13
NAIN       241122 300  001500-002000   00     168.38 1030.3    192.79     0.45     0.45
NAIN       241122 300  002000-002500   00     167.48 1030.3    191.71    -0.10    -0.10
NAIN       241122 300  002500-003000   00     165.94 1030.3    189.93    -1.04    -1.04
NAIN       241122 300  003000-003500   00     167.74 1030.2    191.92     0.00     0.00
NAIN       241122 300  003500-004000   00     167.59 1030.2    191.66    -0.13    -0.13
NAIN       241122 300  004000-004500   00     166.21 1030.1    190.00    -1.00    -1.00
NAIN       241122 300  004500-005000   00     165.43 1030.1    189.12    -1.46    -1.46
NAIN       241122 300  005000-005500   00     166.92 1030.0    190.75    -0.60    -0.60
NAIN       241122 300  005500-010000   00     165.72 1030.0    189.33    -1.34    -1.34
NAIN       241122 300  010000-010500   00     167.55 1030.0    191.32    -0.31    -0.31
NAIN       241122 300  010500-011000   00     166.01 1029.9    189.53    -1.24    -1.24
NAIN       241122 300  011000-011500   00     167.30 1029.8    190.90    -0.53    -0.53
NAIN       241122 300  011500-012000   00     168.34 1029.8    192.02     0.06     0.06
NAIN       241122 300  012000-012500   00     168.04 1029.8    191.62    -0.15    -0.15
NAIN       241122 300  012500-013000   00     165.85 1029.7    189.02    -1.51    -1.51
NAIN       241122 300  013000-013500   00     167.59 1029.6    190.91    -0.52    -0.52
NAIN       241122 300  013500-014000   00     167.56 1029.6    190.89    -0.53    -0.53
NAIN       241122 300  014000-014500   00     168.16 1029.7    191.64    -0.14    -0.14
NAIN       241122 300  014500-015000   00     167.64 1029.6    191.00    -0.48    -0.48
NAIN       241122 300  015000-015500   00     165.76 1029.6    188.79    -1.63    -1.63
NAIN       241122 300  015500-020000   00     169.87 1029.5    193.41     0.78     0.78
NAIN       241122 3600 020000-030000   00     167.63 1029.2    190.36    -0.81    -9999
NAIN       241122 3600 030000-040000   00     167.87 1028.7    189.86    -1.07    -9999
NAIN       241122 3600 040000-050000   00     168.34 1028.2    189.78    -1.11    -9999
NAIN       241122 3600 050000-060000   00     168.14 1027.9    189.03    -1.50    -9999
NAIN       241122 3600 060000-070000   00     168.20 1027.8    189.00    -1.52    -9999
NAIN       241122 3600 070000-080000   00     168.52 1027.9    189.45    -1.28    -9999
NAIN       241122 3600 080000-090000   00     168.50 1027.7    189.21    -1.41    -9999
NAIN       241122 3600 090000-100000   00     168.81 1027.5    189.25    -1.39    -9999
NAIN       241122 3600 100000-110000   00     169.15 1027.2    189.19    -1.42    -9999
NAIN       241122 3600 110000-120000   00     170.08 1026.8    189.71    -1.15    -9999
NAIN       241122 3600 120000-130000   00     170.71 1026.5    189.93    -1.03    -9999
NAIN       241122 3600 130000-140000   00     170.82 1026.3    189.77    -1.12    -9999
NAIN       241122 3600 140000-150000   00     171.77 1025.7    190.07    -0.96    -9999
NAIN       241122 3600 150000-160000   00     173.26 1025.0    190.72    -0.62    -9999
NAIN       241122 3600 160000-170000   00     174.29 1024.4    190.93    -0.51    -9999
NAIN       241122 3600 170000-180000   00     175.34 1024.0    191.56    -0.19    -9999
NAIN       241122 3600 180000-190000   00     175.75 1023.8    191.72    -0.10    -9999
NAIN       241122 3600 190000-200000   00     175.98 1023.9    192.07     0.08    -9999
NAIN       241122 3600 200000-210000   00     177.34 1023.6    193.16     0.65    -9999
NAIN       241122 3600 210000-220000   00     177.65 1023.0    192.62     0.37    -9999
NAIN       241122 3600 220000-230000   00     178.21 1022.6    192.62     0.37    -9999
NAIN       241122 3600 230000-240000   00     177.99 1022.4    192.06     0.08    -9999
*
COMMENT DATA SOURCE: NMDB | DOWNLOADED ON 27.11.2024
COMMENT DETRENDING DONE BY IU
COMMENT UNIVERISTY OF OULU: FILE GENERATED FROM DATABASE AND OBTAINED FROM
COMMENT https://gle.oulu.fi at 2025-01-11 16:21:29 +00:00
COMMENT FOR HISTORICAL/ORIGINAL TEXT FILES SEE https://gle.oulu.fi/txtarchive/
COMMENT ORIGINAL AT https://gle.oulu.fi/txtarchive/GLE76/C076NAIN_cor.DAT
COMMENT DETRENDED DATA SHOW -9999 IF EQUAL TO INC% COLUMN 