DOMB       LATITUDE    75.1      LONGITUDE     -123.38   ALTITUDE    3233 M
DOMB       INSTRUMENT   BARE  NEUTRON MONITOR
DOMB       STANDARD PRESSURE    650     MB     COEFFICIENT   -0.754    % / MB
DOMB       PRE-INCREASE BASELINE TIME INTERVAL    241121    160000-180000   UT
DOMB       PRE-INCREASE AVERAGE COUNTING RATE      4.26      COUNTS PER SECOND
DOMB       TIME INTERVALS    300         3600     
DOMB       SCALE FACTORS     1           1        
STATION    YYMMDD  SEC   TIME (UT)   CODE    UNCORR. PRESS.    CORR.    % INC.	DETRENDED
                         INTERVAL    TD      C/S     (MB)      C/S
DOMB       241120 3600 000000-010000   00       3.47  632.7      4.27     0.12    -9999
DOMB       241120 3600 010000-020000   00       3.42  632.7      4.21    -1.25    -9999
DOMB       241120 3600 020000-030000   00       3.47  632.8      4.26    -0.12    -9999
DOMB       241120 3600 030000-040000   00       3.43  632.9      4.23    -0.86    -9999
DOMB       241120 3600 040000-050000   00       3.42  632.9      4.22    -1.09    -9999
DOMB       241120 3600 050000-060000   00       3.38  632.9      4.19    -1.68    -9999
DOMB       241120 3600 060000-070000   00       3.42  633.0      4.24    -0.55    -9999
DOMB       241120 3600 070000-080000   00       3.47  633.1      4.31     0.94    -9999
DOMB       241120 3600 080000-090000   00       3.37  633.1      4.21    -1.29    -9999
DOMB       241120 3600 090000-100000   00       3.48  633.1      4.33     1.64    -9999
DOMB       241120 3600 100000-110000   00       3.40  633.2      4.25    -0.39    -9999
DOMB       241120 3600 110000-120000   00       3.48  633.3      4.33     1.56    -9999
DOMB       241120 3600 120000-130000   00       3.42  633.4      4.26    -0.20    -9999
DOMB       241120 3600 130000-140000   00       3.40  633.4      4.23    -0.86    -9999
DOMB       241120 3600 140000-150000   00       3.42  633.4      4.24    -0.66    -9999
DOMB       241120 3600 150000-160000   00       3.43  633.4      4.24    -0.55    -9999
DOMB       241120 3600 160000-170000   00       3.45  633.5      4.25    -0.43    -9999
DOMB       241120 3600 170000-180000   00       3.48  633.6      4.27     0.12    -9999
DOMB       241120 3600 180000-190000   00       3.60  633.8      4.38     2.70    -9999
DOMB       241120 3600 190000-200000   00       3.50  633.9      4.26    -0.16    -9999
DOMB       241120 3600 200000-210000   00       3.57  633.9      4.31     0.98    -9999
DOMB       241120 3600 210000-220000   00       3.58  634.0      4.30     0.90    -9999
DOMB       241120 3600 220000-230000   00       3.68  634.0      4.39     2.81    -9999
DOMB       241120 3600 230000-240000   00       3.68  634.1      4.36     2.31    -9999
DOMB       241121 3600 000000-010000   00       3.68  634.2      4.34     1.88    -9999
DOMB       241121 3600 010000-020000   00       3.73  634.3      4.38     2.66    -9999
DOMB       241121 3600 020000-030000   00       3.70  634.3      4.33     1.45    -9999
DOMB       241121 3600 030000-040000   00       3.65  634.3      4.26    -0.08    -9999
DOMB       241121 3600 040000-050000   00       3.70  634.3      4.31     1.09    -9999
DOMB       241121 3600 050000-060000   00       3.68  634.5      4.30     0.90    -9999
DOMB       241121 3600 060000-070000   00       3.62  634.7      4.25    -0.39    -9999
DOMB       241121 3600 070000-080000   00       3.65  634.8      4.30     0.78    -9999
DOMB       241121 3600 080000-090000   00       3.52  635.0      4.18    -1.99    -9999
DOMB       241121 3600 090000-100000   00       3.55  635.2      4.25    -0.27    -9999
DOMB       241121 3600 100000-110000   00       3.48  635.4      4.23    -0.78    -9999
DOMB       241121 3600 110000-120000   00       3.47  635.7      4.26    -0.04    -9999
DOMB       241121 3600 120000-130000   00       3.43  635.8      4.26     0.00    -9999
DOMB       241121 3600 130000-140000   00       3.38  636.0      4.24    -0.59    -9999
DOMB       241121 3600 140000-150000   00       3.38  636.3      4.26    -0.04    -9999
DOMB       241121 3600 150000-160000   00       3.45  636.7      4.35     1.95    -9999
DOMB       241121 300  160000-160500   00       3.30  636.9      4.19    -1.72    -1.14
DOMB       241121 300  160500-161000   00       3.35  636.9      4.25    -0.43     0.09
DOMB       241121 300  161000-161500   00       3.43  636.9      4.34     1.68     2.14
DOMB       241121 300  161500-162000   00       3.42  636.9      4.32     1.29     1.70
DOMB       241121 300  162000-162500   00       3.38  636.9      4.28     0.43     0.78
DOMB       241121 300  162500-163000   00       3.50  636.9      4.41     3.36     3.66
DOMB       241121 300  163000-163500   00       3.28  637.0      4.17    -2.11    -1.87
DOMB       241121 300  163500-164000   00       3.18  637.1      4.07    -4.61    -4.42
DOMB       241121 300  164000-164500   00       3.35  637.1      4.25    -0.35    -0.21
DOMB       241121 300  164500-165000   00       3.30  637.2      4.20    -1.60    -1.52
DOMB       241121 300  165000-165500   00       3.32  637.2      4.21    -1.17    -1.14
DOMB       241121 300  165500-170000   00       3.33  637.2      4.23    -0.74    -0.76
DOMB       241121 300  170000-170500   00       3.45  637.3      4.36     2.23     2.16
DOMB       241121 300  170500-171000   00       3.30  637.2      4.20    -1.60    -1.71
DOMB       241121 300  171000-171500   00       3.50  637.3      4.41     3.48     3.32
DOMB       241121 300  171500-172000   00       3.50  637.3      4.42     3.52     3.31
DOMB       241121 300  172000-172500   00       3.27  637.4      4.16    -2.42    -2.67
DOMB       241121 300  172500-173000   00       3.43  637.4      4.34     1.84     1.54
DOMB       241121 300  173000-173500   00       3.38  637.5      4.29     0.55     0.21
DOMB       241121 300  173500-174000   00       3.32  637.6      4.22    -1.06    -1.44
DOMB       241121 300  174000-174500   00       3.28  637.6      4.18    -1.91    -2.34
DOMB       241121 300  174500-175000   00       3.28  637.6      4.18    -1.95    -2.42
DOMB       241121 300  175000-175500   00       3.45  637.7      4.36     2.31     1.80
DOMB       241121 300  175500-180000   00       3.40  637.7      4.31     1.02     0.47
DOMB       241121 300  180000-180500   00       3.38  637.7      4.29     0.59     0.00
DOMB       241121 300  180500-181000   00       3.52  637.7      4.44     3.99     3.36
DOMB       241121 300  181000-181500   00       3.30  637.8      4.20    -1.52    -2.19
DOMB       241121 300  181500-182000   00       3.47  637.9      4.38     2.74     2.04
DOMB       241121 300  182000-182500   00       3.38  637.9      4.29     0.63    -0.11
DOMB       241121 300  182500-183000   00       3.38  638.0      4.29     0.63    -0.14
DOMB       241121 300  183000-183500   00       3.23  638.0      4.13    -3.24    -4.05
DOMB       241121 300  183500-184000   00       3.40  638.0      4.31     1.02     0.18
DOMB       241121 300  184000-184500   00       3.58  638.1      4.51     5.71     4.84
DOMB       241121 300  184500-185000   00       3.28  638.1      4.18    -1.99    -2.89
DOMB       241121 300  185000-185500   00       3.63  638.1      4.56     6.92     5.99
DOMB       241121 300  185500-190000   00       3.57  638.1      4.49     5.20     4.24
DOMB       241121 300  190000-190500   00       3.67  638.2      4.60     7.78     6.79
DOMB       241121 300  190500-191000   00       3.68  638.3      4.61     8.21     7.19
DOMB       241121 300  191000-191500   00       3.63  638.3      4.56     6.96     5.91
DOMB       241121 300  191500-192000   00       3.65  638.4      4.58     7.39     6.31
DOMB       241121 300  192000-192500   00       3.55  638.4      4.47     4.85     3.75
DOMB       241121 300  192500-193000   00       3.50  638.5      4.42     3.60     2.47
DOMB       241121 300  193000-193500   00       3.57  638.6      4.49     5.28     4.13
DOMB       241121 300  193500-194000   00       3.47  638.6      4.38     2.70     1.53
DOMB       241121 300  194000-194500   00       3.58  638.6      4.51     5.67     4.47
DOMB       241121 300  194500-195000   00       3.38  638.6      4.29     0.51    -0.71
DOMB       241121 300  195000-195500   00       3.32  638.6      4.21    -1.21    -2.45
DOMB       241121 300  195500-200000   00       3.50  638.7      4.42     3.52     2.26
DOMB       241121 300  200000-200500   00       3.45  638.7      4.36     2.23     0.95
DOMB       241121 300  200500-201000   00       3.70  638.8      4.63     8.64     7.34
DOMB       241121 300  201000-201500   00       3.45  638.8      4.36     2.19     0.88
DOMB       241121 300  201500-202000   00       3.57  638.9      4.49     5.20     3.87
DOMB       241121 300  202000-202500   00       3.48  638.9      4.39     3.05     1.71
DOMB       241121 300  202500-203000   00       3.48  638.9      4.39     3.01     1.65
DOMB       241121 300  203000-203500   00       3.40  639.0      4.30     0.86    -0.51
DOMB       241121 300  203500-204000   00       3.30  639.0      4.19    -1.72    -3.10
DOMB       241121 300  204000-204500   00       3.48  639.0      4.39     2.97     1.57
DOMB       241121 300  204500-205000   00       3.55  639.1      4.46     4.69     3.28
DOMB       241121 300  205000-205500   00       3.58  639.2      4.50     5.55     4.13
DOMB       241121 300  205500-210000   00       3.48  639.3      4.39     2.97     1.54
DOMB       241121 300  210000-210500   00       3.33  639.4      4.23    -0.86    -2.30
DOMB       241121 300  210500-211000   00       3.67  639.4      4.59     7.70     6.25
DOMB       241121 300  211000-211500   00       3.38  639.4      4.28     0.35    -1.10
DOMB       241121 300  211500-212000   00       3.52  639.4      4.42     3.75     2.29
DOMB       241121 300  212000-212500   00       3.55  639.4      4.46     4.61     3.15
DOMB       241121 300  212500-213000   00       3.52  639.4      4.42     3.71     2.24
DOMB       241121 300  213000-213500   00       3.40  639.5      4.30     0.74    -0.73
DOMB       241121 300  213500-214000   00       3.35  639.6      4.24    -0.55    -2.02
DOMB       241121 300  214000-214500   00       3.27  639.6      4.15    -2.74    -4.22
DOMB       241121 300  214500-215000   00       3.30  639.6      4.18    -1.91    -3.40
DOMB       241121 300  215000-215500   00       3.18  639.6      4.05    -4.96    -6.45
DOMB       241121 300  215500-220000   00       3.35  639.7      4.24    -0.66    -2.15
DOMB       241121 300  220000-220500   00       3.63  639.7      4.55     6.64     5.16
DOMB       241121 300  220500-221000   00       3.32  639.8      4.20    -1.52    -3.00
DOMB       241121 300  221000-221500   00       3.47  639.9      4.37     2.38     0.91
DOMB       241121 300  221500-222000   00       3.53  639.9      4.44     4.06     2.59
DOMB       241121 300  222000-222500   00       3.60  639.9      4.51     5.74     4.27
DOMB       241121 300  222500-223000   00       3.52  639.9      4.42     3.56     2.09
DOMB       241121 300  223000-223500   00       3.47  639.9      4.36     2.23     0.77
DOMB       241121 300  223500-224000   00       3.43  639.9      4.32     1.33    -0.12
DOMB       241121 300  224000-224500   00       3.47  640.0      4.36     2.23     0.78
DOMB       241121 300  224500-225000   00       3.50  640.0      4.39     3.05     1.61
DOMB       241121 300  225000-225500   00       3.48  640.0      4.38     2.58     1.15
DOMB       241121 300  225500-230000   00       3.50  640.1      4.39     3.01     1.59
DOMB       241121 300  230000-230500   00       3.33  640.2      4.21    -1.33    -2.73
DOMB       241121 300  230500-231000   00       3.55  640.2      4.45     4.30     2.90
DOMB       241121 300  231000-231500   00       3.52  640.2      4.41     3.40     2.02
DOMB       241121 300  231500-232000   00       3.60  640.2      4.50     5.51     4.14
DOMB       241121 300  232000-232500   00       3.32  640.3      4.18    -1.88    -3.23
DOMB       241121 300  232500-233000   00       3.48  640.3      4.37     2.46     1.12
DOMB       241121 300  233000-233500   00       3.30  640.4      4.17    -2.31    -3.63
DOMB       241121 300  233500-234000   00       3.53  640.4      4.42     3.71     2.41
DOMB       241121 300  234000-234500   00       3.67  640.5      4.57     7.15     5.86
DOMB       241121 300  234500-235000   00       3.28  640.5      4.14    -2.85    -4.12
DOMB       241121 300  235000-235500   00       3.40  640.5      4.27     0.16    -1.09
DOMB       241121 300  235500-240000   00       3.67  640.6      4.57     7.11     5.88
DOMB       241122 300  000000-000500   00       3.53  640.7      4.42     3.63     2.42
DOMB       241122 300  000500-001000   00       3.32  640.7      4.18    -2.03    -3.22
DOMB       241122 300  001000-001500   00       3.45  640.8      4.33     1.45     0.28
DOMB       241122 300  001500-002000   00       3.45  640.8      4.33     1.41     0.26
DOMB       241122 300  002000-002500   00       3.38  640.8      4.25    -0.39    -1.51
DOMB       241122 300  002500-003000   00       3.42  640.8      4.29     0.47    -0.62
DOMB       241122 300  003000-003500   00       3.50  640.9      4.38     2.62     1.55
DOMB       241122 300  003500-004000   00       3.38  640.9      4.25    -0.47    -1.51
DOMB       241122 300  004000-004500   00       3.37  640.9      4.22    -0.94    -1.95
DOMB       241122 300  004500-005000   00       3.47  640.9      4.33     1.64     0.66
DOMB       241122 300  005000-005500   00       3.28  641.0      4.13    -3.20    -4.16
DOMB       241122 300  005500-010000   00       3.33  641.0      4.18    -1.91    -2.84
DOMB       241122 300  010000-010500   00       3.38  641.0      4.24    -0.66    -1.56
DOMB       241122 300  010500-011000   00       3.53  641.1      4.40     3.24     2.38
DOMB       241122 300  011000-011500   00       3.58  641.0      4.46     4.49     3.66
DOMB       241122 300  011500-012000   00       3.62  641.1      4.49     5.28     4.48
DOMB       241122 300  012000-012500   00       3.35  641.1      4.19    -1.68    -2.44
DOMB       241122 300  012500-013000   00       3.33  641.3      4.18    -2.07    -2.80
DOMB       241122 300  013000-013500   00       3.55  641.3      4.42     3.52     2.83
DOMB       241122 300  013500-014000   00       3.18  641.2      4.00    -6.10    -6.75
DOMB       241122 300  014000-014500   00       3.62  641.3      4.49     5.16     4.54
DOMB       241122 300  014500-015000   00       3.47  641.3      4.32     1.25     0.67
DOMB       241122 300  015000-015500   00       3.62  641.4      4.49     5.16     4.62
DOMB       241122 300  015500-020000   00       3.22  641.5      4.04    -5.31    -5.81
DOMB       241122 3600 020000-030000   00       3.40  641.6      4.25    -0.47    -9999
DOMB       241122 3600 030000-040000   00       3.38  641.9      4.22    -1.02    -9999
DOMB       241122 3600 040000-050000   00       3.37  642.5      4.20    -1.56    -9999
DOMB       241122 3600 050000-060000   00       3.38  642.9      4.22    -0.94    -9999
DOMB       241122 3600 060000-070000   00       3.37  643.4      4.22    -0.94    -9999
DOMB       241122 3600 070000-080000   00       3.35  643.9      4.23    -0.86    -9999
DOMB       241122 3600 080000-090000   00       3.35  644.1      4.25    -0.47    -9999
DOMB       241122 3600 090000-100000   00       3.33  644.5      4.24    -0.51    -9999
DOMB       241122 3600 100000-110000   00       3.25  644.9      4.17    -2.23    -9999
DOMB       241122 3600 110000-120000   00       3.28  645.3      4.24    -0.55    -9999
DOMB       241122 3600 120000-130000   00       3.23  645.6      4.22    -1.06    -9999
DOMB       241122 3600 130000-140000   00       3.22  646.0      4.23    -0.78    -9999
DOMB       241122 3600 140000-150000   00       3.27  646.2      4.31     0.98    -9999
DOMB       241122 3600 150000-160000   00       3.27  646.4      4.31     1.06    -9999
DOMB       241122 3600 160000-170000   00       3.25  646.5      4.29     0.59    -9999
DOMB       241122 3600 170000-180000   00       3.30  646.6      4.34     1.80    -9999
DOMB       241122 3600 180000-190000   00       3.30  646.7      4.33     1.64    -9999
DOMB       241122 3600 190000-200000   00       3.27  647.1      4.29     0.70    -9999
DOMB       241122 3600 200000-210000   00       3.35  647.3      4.39     2.81    -9999
DOMB       241122 3600 210000-220000   00       3.35  647.4      4.38     2.66    -9999
DOMB       241122 3600 220000-230000   00       3.33  647.6      4.35     1.91    -9999
DOMB       241122 3600 230000-240000   00       3.42  647.7      4.43     3.87    -9999
*
COMMENT DATA SOURCE: STEPAN POLUIANOV (PERSONAL COMMUNICATION)
COMMENT DETRENDING DONE BY IU
COMMENT UNIVERISTY OF OULU: FILE GENERATED FROM DATABASE AND OBTAINED FROM
COMMENT https://gle.oulu.fi at 2025-01-11 16:21:29 +00:00
COMMENT FOR HISTORICAL/ORIGINAL TEXT FILES SEE https://gle.oulu.fi/txtarchive/
COMMENT ORIGINAL AT https://gle.oulu.fi/txtarchive/GLE76/C076DOMB_cor.DAT
COMMENT DETRENDED DATA SHOW -9999 IF EQUAL TO INC% COLUMN 