JUNGFRAU   LATITUDE    46.55     LONGITUDE     7.98      ALTITUDE    3475 M
JUNGFRAU   INSTRUMENT   3-NM-64  NEUTRON MONITOR	
JUNGFRAU   STANDARD PRESSURE    642.61  MB     COEFFICIENT   -0.72     % / MB
JUNGFRAU   PRE-INCREASE BASELINE TIME INTERVAL    241121    160000-180000   UT
JUNGFRAU   PRE-INCREASE AVERAGE COUNTING RATE    143.59      COUNTS PER SECOND
JUNGFRAU   TIME INTERVALS    300         3600     
JUNGFRAU   SCALE FACTORS     1           1        
STATION    YYMMDD  SEC   TIME (UT)   CODE    UNCORR. PRESS.    CORR.    % INC.	DETRENDED
                         INTERVAL    TD      C/S     (MB)      C/S
JUNGFRAU   241120 3600 000000-010000   00     171.28  638.7    143.65     0.05    -9999
JUNGFRAU   241120 3600 010000-020000   00     171.87  638.6    144.15     0.39    -9999
JUNGFRAU   241120 3600 020000-030000   00     171.77  638.7    144.19     0.42    -9999
JUNGFRAU   241120 3600 030000-040000   00     171.69  638.7    144.03     0.31    -9999
JUNGFRAU   241120 3600 040000-050000   00     172.57  638.1    144.13     0.38    -9999
JUNGFRAU   241120 3600 050000-060000   00     173.92  637.8    145.11     1.06    -9999
JUNGFRAU   241120 3600 060000-070000   00     247.48  637.9    144.36     0.54    -9999
JUNGFRAU   241120 3600 070000-080000   00     320.55  637.7    145.52     1.34    -9999
JUNGFRAU   241120 3600 080000-090000   00     175.78  637.7    146.46     2.00    -9999
JUNGFRAU   241120 3600 090000-100000   00     175.34  637.8    146.16     1.80    -9999
JUNGFRAU   241120 3600 100000-110000   00     175.02  637.9    145.98     1.67    -9999
JUNGFRAU   241120 3600 110000-120000   00     176.00  637.9    146.82     2.25    -9999
JUNGFRAU   241120 3600 120000-130000   00     175.76  637.7    146.50     2.03    -9999
JUNGFRAU   241120 3600 130000-140000   00     176.08  637.6    146.59     2.09    -9999
JUNGFRAU   241120 3600 140000-150000   00     175.19  637.4    145.60     1.40    -9999
JUNGFRAU   241120 3600 150000-160000   00    -999.00  637.5    146.02     1.70    -9999
JUNGFRAU   241120 3600 160000-170000   00    -999.00  637.7    146.12     1.77    -9999
JUNGFRAU   241120 3600 170000-180000   00    -999.00  637.8    145.22     1.14    -9999
JUNGFRAU   241120 3600 180000-190000   00    -999.00  637.7    145.30     1.19    -9999
JUNGFRAU   241120 3600 190000-200000   00     174.62  637.4    145.21     1.13    -9999
JUNGFRAU   241120 3600 200000-210000   00     173.60  637.5    144.44     0.59    -9999
JUNGFRAU   241120 3600 210000-220000   00     172.97  637.7    144.04     0.32    -9999
JUNGFRAU   241120 3600 220000-230000   00    -999.00  637.9    144.90     0.91    -9999
JUNGFRAU   241120 3600 230000-240000   00    -999.00  638.1    143.99     0.28    -9999
JUNGFRAU   241121 3600 000000-010000   00    -999.00  638.1    143.88     0.20    -9999
JUNGFRAU   241121 3600 010000-020000   00     172.57  638.2    144.33     0.52    -9999
JUNGFRAU   241121 3600 020000-030000   00     172.87  638.0    144.30     0.50    -9999
JUNGFRAU   241121 3600 030000-040000   00     173.09  638.2    144.71     0.78    -9999
JUNGFRAU   241121 3600 040000-050000   00     173.78  638.0    145.05     1.02    -9999
JUNGFRAU   241121 3600 050000-060000   00     174.21  637.8    145.28     1.18    -9999
JUNGFRAU   241121 3600 060000-070000   00     174.70  637.5    145.41     1.27    -9999
JUNGFRAU   241121 3600 070000-080000   00     191.66  638.1    146.17     1.80    -9999
JUNGFRAU   241121 3600 080000-090000   00     176.04  638.0    146.95     2.34    -9999
JUNGFRAU   241121 3600 090000-100000   00     176.46  637.7    147.03     2.40    -9999
JUNGFRAU   241121 3600 100000-110000   00     178.28  636.3    147.01     2.38    -9999
JUNGFRAU   241121 3600 110000-120000   00     179.61  634.4    146.04     1.71    -9999
JUNGFRAU   241121 3600 120000-130000   00     180.99  632.2    144.89     0.91    -9999
JUNGFRAU   241121 3600 130000-140000   00     181.36  631.3    144.29     0.49    -9999
JUNGFRAU   241121 3600 140000-150000   00     181.90  631.0    144.42     0.58    -9999
JUNGFRAU   241121 3600 150000-160000   00     182.48  630.4    144.26     0.47    -9999
JUNGFRAU   241121 300  160000-160500   00     184.25  630.8    146.06     1.72     0.31
JUNGFRAU   241121 300  160500-161000   00     182.78  630.6    144.73     0.80     0.59
JUNGFRAU   241121 300  161000-161500   00     183.88  629.7    144.58     0.69     0.51
JUNGFRAU   241121 300  161500-162000   00     181.27  630.3    143.23    -0.25    -0.41
JUNGFRAU   241121 300  162000-162500   00     181.47  630.6    143.68     0.06    -0.08
JUNGFRAU   241121 300  162500-163000   00     180.37  629.8    142.04    -1.07    -1.19
JUNGFRAU   241121 300  163000-163500   00     182.97  629.4    143.63     0.03    -0.06
JUNGFRAU   241121 300  163500-164000   00     182.26  630.4    144.10     0.36     0.28
JUNGFRAU   241121 300  164000-164500   00     181.42  630.3    143.36    -0.16    -0.21
JUNGFRAU   241121 300  164500-165000   00     184.34  629.9    145.21     1.13     1.10
JUNGFRAU   241121 300  165000-165500   00     183.98  629.9    144.89     0.91     0.89
JUNGFRAU   241121 300  165500-170000   00     183.34  630.1    144.59     0.70     0.70
JUNGFRAU   241121 300  170000-170500   00     180.17  629.8    141.78    -1.26    -1.23
JUNGFRAU   241121 300  170500-171000   00     181.40  629.5    142.44    -0.80    -0.76
JUNGFRAU   241121 300  171000-171500   00     181.36  629.9    142.94    -0.45    -0.39
JUNGFRAU   241121 300  171500-172000   00     181.48  629.3    142.34    -0.87    -0.79
JUNGFRAU   241121 300  172000-172500   00     181.29  629.1    141.95    -1.14    -1.04
JUNGFRAU   241121 300  172500-173000   00     182.03  629.9    143.35    -0.16    -0.05
JUNGFRAU   241121 300  173000-173500   00     184.77  629.7    145.31     1.20     1.33
JUNGFRAU   241121 300  173500-174000   00     181.85  629.5    142.79    -0.55    -0.41
JUNGFRAU   241121 300  174000-174500   00     180.81  629.5    142.06    -1.06    -0.90
JUNGFRAU   241121 300  174500-175000   00     183.55  630.0    144.63     0.72     0.90
JUNGFRAU   241121 300  175000-175500   00     180.76  630.0    142.50    -0.76    -0.56
JUNGFRAU   241121 300  175500-180000   00     183.16  629.6    143.93     0.24     0.45
JUNGFRAU   241121 300  180000-180500   00     182.79  629.4    143.50    -0.06     0.16
JUNGFRAU   241121 300  180500-181000   00     181.24  630.0    142.77    -0.57    -0.33
JUNGFRAU   241121 300  181000-181500   00     182.55  629.7    143.64     0.04     0.29
JUNGFRAU   241121 300  181500-182000   00     183.25  629.7    144.08     0.34     0.61
JUNGFRAU   241121 300  182000-182500   00     180.16  629.6    141.64    -1.35    -1.07
JUNGFRAU   241121 300  182500-183000   00     181.17  630.2    142.91    -0.47    -0.17
JUNGFRAU   241121 300  183000-183500   00     181.28  630.6    143.54    -0.03     0.27
JUNGFRAU   241121 300  183500-184000   00     181.47  630.7    143.75     0.11     0.43
JUNGFRAU   241121 300  184000-184500   00     180.40  630.6    142.75    -0.59    -0.26
JUNGFRAU   241121 300  184500-185000   00     181.06  630.1    142.76    -0.58    -0.23
JUNGFRAU   241121 300  185000-185500   00     181.48  630.4    143.50    -0.06     0.29
JUNGFRAU   241121 300  185500-190000   00     180.98  630.3    142.90    -0.48    -0.12
JUNGFRAU   241121 300  190000-190500   00     182.46  629.9    143.66     0.05     0.42
JUNGFRAU   241121 300  190500-191000   00     181.82  629.9    143.28    -0.21     0.17
JUNGFRAU   241121 300  191000-191500   00     179.85  630.1    141.82    -1.23    -0.84
JUNGFRAU   241121 300  191500-192000   00     185.26  630.2    146.25     1.86     2.26
JUNGFRAU   241121 300  192000-192500   00     180.33  630.0    142.16    -0.99    -0.58
JUNGFRAU   241121 300  192500-193000   00     181.58  630.1    143.29    -0.21     0.21
JUNGFRAU   241121 300  193000-193500   00     181.48  630.3    143.28    -0.21     0.21
JUNGFRAU   241121 300  193500-194000   00     179.89  630.5    142.30    -0.90    -0.47
JUNGFRAU   241121 300  194000-194500   00     180.68  630.0    142.37    -0.85    -0.41
JUNGFRAU   241121 300  194500-195000   00     182.37  630.3    144.06     0.33     0.77
JUNGFRAU   241121 300  195000-195500   00     181.64  629.2    142.35    -0.86    -0.41
JUNGFRAU   241121 300  195500-200000   00     180.48  630.2    142.47    -0.78    -0.32
JUNGFRAU   241121 300  200000-200500   00     183.15  630.5    144.84     0.87     1.34
JUNGFRAU   241121 300  200500-201000   00     183.62  630.4    145.19     1.12     1.59
JUNGFRAU   241121 300  201000-201500   00     183.65  630.2    145.03     1.01     1.48
JUNGFRAU   241121 300  201500-202000   00     180.76  630.4    142.95    -0.44     0.04
JUNGFRAU   241121 300  202000-202500   00     181.69  630.5    143.82     0.16     0.65
JUNGFRAU   241121 300  202500-203000   00     179.75  630.5    142.16    -1.00    -0.51
JUNGFRAU   241121 300  203000-203500   00     181.79  630.1    143.41    -0.12     0.37
JUNGFRAU   241121 300  203500-204000   00     182.28  630.1    143.67     0.06     0.55
JUNGFRAU   241121 300  204000-204500   00     181.95  629.9    143.33    -0.18     0.32
JUNGFRAU   241121 300  204500-205000   00     182.27  629.8    143.44    -0.10     0.40
JUNGFRAU   241121 300  205000-205500   00     180.71  629.8    142.12    -1.02    -0.52
JUNGFRAU   241121 300  205500-210000   00     182.40  630.0    143.74     0.10     0.61
JUNGFRAU   241121 300  210000-210500   00     182.64  629.7    143.71     0.08     0.59
JUNGFRAU   241121 300  210500-211000   00     181.06  629.3    142.06    -1.06    -0.55
JUNGFRAU   241121 300  211000-211500   00     183.93  629.7    144.71     0.78     1.29
JUNGFRAU   241121 300  211500-212000   00     182.11  630.0    143.45    -0.10     0.41
JUNGFRAU   241121 300  212000-212500   00     182.09  630.1    143.63     0.03     0.53
JUNGFRAU   241121 300  212500-213000   00     180.74  630.2    142.59    -0.69    -0.19
JUNGFRAU   241121 300  213000-213500   00     181.67  630.1    143.37    -0.15     0.35
JUNGFRAU   241121 300  213500-214000   00     182.05  629.8    143.30    -0.20     0.30
JUNGFRAU   241121 300  214000-214500   00     181.68  629.8    143.02    -0.39     0.11
JUNGFRAU   241121 300  214500-215000   00     179.78  629.7    141.49    -1.46    -0.96
JUNGFRAU   241121 300  215000-215500   00     182.60  629.8    143.80     0.15     0.64
JUNGFRAU   241121 300  215500-220000   00     181.01  630.1    142.78    -0.56    -0.07
JUNGFRAU   241121 300  220000-220500   00     181.45  629.9    142.97    -0.43     0.06
JUNGFRAU   241121 300  220500-221000   00     183.13  630.0    144.34     0.52     1.01
JUNGFRAU   241121 300  221000-221500   00     182.04  630.1    143.51    -0.05     0.43
JUNGFRAU   241121 300  221500-222000   00     180.26  630.3    142.37    -0.85    -0.37
JUNGFRAU   241121 300  222000-222500   00     182.04  630.2    143.72     0.09     0.57
JUNGFRAU   241121 300  222500-223000   00     183.69  630.4    145.15     1.09     1.55
JUNGFRAU   241121 300  223000-223500   00     178.72  630.4    141.33    -1.57    -1.11
JUNGFRAU   241121 300  223500-224000   00     181.20  630.7    143.63     0.03     0.49
JUNGFRAU   241121 300  224000-224500   00     182.04  630.3    143.69     0.07     0.52
JUNGFRAU   241121 300  224500-225000   00     178.59  630.4    141.10    -1.73    -1.29
JUNGFRAU   241121 300  225000-225500   00     177.75  630.4    140.57    -2.10    -1.66
JUNGFRAU   241121 300  225500-230000   00     181.15  630.1    142.92    -0.47    -0.04
JUNGFRAU   241121 300  230000-230500   00     181.09  630.1    142.84    -0.52    -0.10
JUNGFRAU   241121 300  230500-231000   00     181.14  631.1    143.95     0.25     0.67
JUNGFRAU   241121 300  231000-231500   00     184.28  630.7    146.03     1.70     2.11
JUNGFRAU   241121 300  231500-232000   00     181.45  631.1    144.14     0.39     0.78
JUNGFRAU   241121 300  232000-232500   00     182.38  630.9    144.67     0.75     1.14
JUNGFRAU   241121 300  232500-233000   00     180.10  630.7    142.60    -0.69    -0.31
JUNGFRAU   241121 300  233000-233500   00     177.90  630.6    140.89    -1.88    -1.51
JUNGFRAU   241121 300  233500-234000   00     180.30  630.6    142.78    -0.56    -0.20
JUNGFRAU   241121 300  234000-234500   00     180.31  630.8    142.91    -0.47    -0.12
JUNGFRAU   241121 300  234500-235000   00     177.02  630.8    140.44    -2.19    -1.86
JUNGFRAU   241121 300  235000-235500   00     181.29  630.8    143.69     0.07     0.40
JUNGFRAU   241121 300  235500-240000   00     181.22  630.7    143.63     0.03     0.34
JUNGFRAU   241122 300  000000-000500   00     180.96  630.9    143.53    -0.04     0.26
JUNGFRAU   241122 300  000500-001000   00     179.85  630.6    142.37    -0.85    -0.56
JUNGFRAU   241122 300  001000-001500   00     180.81  630.9    143.45    -0.10     0.18
JUNGFRAU   241122 300  001500-002000   00     181.08  631.1    143.79     0.14     0.40
JUNGFRAU   241122 300  002000-002500   00     181.97  630.8    144.29     0.49     0.74
JUNGFRAU   241122 300  002500-003000   00     180.41  631.1    143.36    -0.16     0.07
JUNGFRAU   241122 300  003000-003500   00     180.87  631.0    143.51    -0.06     0.16
JUNGFRAU   241122 300  003500-004000   00     179.52  630.3    141.77    -1.27    -1.06
JUNGFRAU   241122 300  004000-004500   00     179.07  630.8    141.98    -1.12    -0.93
JUNGFRAU   241122 300  004500-005000   00     180.97  630.7    143.41    -0.12     0.05
JUNGFRAU   241122 300  005000-005500   00     179.12  630.8    142.05    -1.07    -0.92
JUNGFRAU   241122 300  005500-010000   00     180.67  630.9    143.21    -0.26    -0.12
JUNGFRAU   241122 300  010000-010500   00     180.38  631.0    143.13    -0.32    -0.19
JUNGFRAU   241122 300  010500-011000   00     181.52  631.4    144.50     0.64     0.75
JUNGFRAU   241122 300  011000-011500   00     179.20  631.3    142.52    -0.74    -0.65
JUNGFRAU   241122 300  011500-012000   00     181.70  631.2    144.48     0.62     0.69
JUNGFRAU   241122 300  012000-012500   00     181.05  631.5    144.27     0.48     0.53
JUNGFRAU   241122 300  012500-013000   00     180.03  631.4    143.40    -0.13    -0.09
JUNGFRAU   241122 300  013000-013500   00     179.44  631.5    142.96    -0.44    -0.42
JUNGFRAU   241122 300  013500-014000   00     181.81  631.8    145.12     1.07     1.06
JUNGFRAU   241122 300  014000-014500   00     179.19  631.8    143.06    -0.36    -0.39
JUNGFRAU   241122 300  014500-015000   00     180.48  632.0    144.24     0.46     0.41
JUNGFRAU   241122 300  015000-015500   00     178.87  632.2    143.25    -0.23    -0.30
JUNGFRAU   241122 300  015500-020000   00     179.01  632.1    143.28    -0.22    -0.30
JUNGFRAU   241122 3600 020000-030000   00     177.01  632.9    142.44    -0.80    -9999
JUNGFRAU   241122 3600 030000-040000   00     189.42  632.8    142.07    -1.06    -9999
JUNGFRAU   241122 3600 040000-050000   00    -999.00  633.2    143.75     0.11    -9999
JUNGFRAU   241122 3600 050000-060000   00    -999.00  633.9    143.77     0.13    -9999
JUNGFRAU   241122 3600 060000-070000   00    -999.00  634.4    143.89     0.21    -9999
JUNGFRAU   241122 3600 070000-080000   00    -999.00  635.1    144.02     0.30    -9999
JUNGFRAU   241122 3600 080000-090000   00    -999.00  635.8    143.20    -0.27    -9999
JUNGFRAU   241122 3600 090000-100000   00    -999.00  636.4    143.95     0.25    -9999
JUNGFRAU   241122 3600 100000-110000   00    -999.00  637.1    143.94     0.24    -9999
JUNGFRAU   241122 3600 110000-120000   00    -999.00  637.3    144.62     0.72    -9999
JUNGFRAU   241122 3600 120000-130000   00    -999.00  637.7    145.05     1.02    -9999
JUNGFRAU   241122 3600 130000-140000   00    -999.00  637.8    145.02     1.00    -9999
JUNGFRAU   241122 3600 140000-150000   00    -999.00  638.5    144.74     0.81    -9999
JUNGFRAU   241122 3600 150000-160000   00    -999.00  639.5    145.12     1.07    -9999
JUNGFRAU   241122 3600 160000-170000   00    -999.00  640.3    146.10     1.75    -9999
JUNGFRAU   241122 3600 170000-180000   00    -999.00  641.2    147.17     2.49    -9999
JUNGFRAU   241122 3600 180000-190000   00    -999.00  642.0    145.38     1.25    -9999
JUNGFRAU   241122 3600 190000-200000   00    -999.00  642.6    145.87     1.59    -9999
JUNGFRAU   241122 3600 200000-210000   00    -999.00  643.7    144.98     0.97    -9999
JUNGFRAU   241122 3600 210000-220000   00    -999.00  644.5    144.99     0.98    -9999
JUNGFRAU   241122 3600 220000-230000   00    -999.00  645.4    145.07     1.03    -9999
JUNGFRAU   241122 3600 230000-240000   00    -999.00  646.4    146.13     1.77    -9999
*
COMMENT DATA SOURCE: NMDB | DOWNLOADED ON 27.11.2024
COMMENT DETRENDING DONE BY IU
COMMENT UNIVERISTY OF OULU: FILE GENERATED FROM DATABASE AND OBTAINED FROM
COMMENT https://gle.oulu.fi at 2025-01-11 16:21:29 +00:00
COMMENT FOR HISTORICAL/ORIGINAL TEXT FILES SEE https://gle.oulu.fi/txtarchive/
COMMENT ORIGINAL AT https://gle.oulu.fi/txtarchive/GLE76/C076JUNG_cor.DAT
COMMENT DETRENDED DATA SHOW -9999 IF EQUAL TO INC% COLUMN 