BAKSAN     LATITUDE    43.28     LONGITUDE     42.69     ALTITUDE    1700 M
BAKSAN     INSTRUMENT   6NM64    NEUTRON MONITOR     
BAKSAN     STANDARD PRESSURE    820     MB     COEFFICIENT   -0.73     % / MB
BAKSAN     PRE-INCREASE BASELINE TIME INTERVAL    241121    160000-180000   UT
BAKSAN     PRE-INCREASE AVERAGE COUNTING RATE    111.13      COUNTS PER SECOND
BAKSAN     TIME INTERVALS    300         3600     
BAKSAN     SCALE FACTORS     1           1        
STATION    YYMMDD  SEC   TIME (UT)   CODE    UNCORR. PRESS.    CORR.    % INC.	DETRENDED
                         INTERVAL    TD      C/S     (MB)      C/S
BAKSAN     241120 3600 000000-010000   00     106.45  835.6    112.42     1.15    -9999
BAKSAN     241120 3600 010000-020000   00     106.01  835.6    112.00     0.78    -9999
BAKSAN     241120 3600 020000-030000   00     106.07  835.5    111.96     0.74    -9999
BAKSAN     241120 3600 030000-040000   00     106.36  835.4    112.21     0.97    -9999
BAKSAN     241120 3600 040000-050000   00     106.85  835.4    112.69     1.41    -9999
BAKSAN     241120 3600 050000-060000   00     107.21  835.3    112.96     1.64    -9999
BAKSAN     241120 3600 060000-070000   00     108.02  834.7    113.34     1.98    -9999
BAKSAN     241120 3600 070000-080000   00     108.33  834.0    113.14     1.81    -9999
BAKSAN     241120 3600 080000-090000   00     108.96  833.6    113.47     2.11    -9999
BAKSAN     241120 3600 090000-100000   00     109.05  833.3    113.29     1.94    -9999
BAKSAN     241120 3600 100000-110000   00     108.79  833.2    112.94     1.63    -9999
BAKSAN     241120 3600 110000-120000   00     109.70  833.0    113.70     2.31    -9999
BAKSAN     241120 3600 120000-130000   00     108.42  833.1    112.51     1.24    -9999
BAKSAN     241120 3600 130000-140000   00     108.78  833.0    112.78     1.48    -9999
BAKSAN     241120 3600 140000-150000   00     108.61  833.0    112.62     1.34    -9999
BAKSAN     241120 3600 150000-160000   00     108.77  833.1    112.88     1.57    -9999
BAKSAN     241120 3600 160000-170000   00     108.30  833.3    112.48     1.22    -9999
BAKSAN     241120 3600 170000-180000   00     107.96  833.3    112.17     0.94    -9999
BAKSAN     241120 3600 180000-190000   00     108.46  833.1    112.56     1.28    -9999
BAKSAN     241120 3600 190000-200000   00     108.57  833.0    112.57     1.29    -9999
BAKSAN     241120 3600 200000-210000   00     108.61  833.0    112.61     1.33    -9999
BAKSAN     241120 3600 210000-220000   00     108.34  832.9    112.21     0.97    -9999
BAKSAN     241120 3600 220000-230000   00     108.45  832.9    112.36     1.11    -9999
BAKSAN     241120 3600 230000-240000   00     108.64  832.9    112.54     1.27    -9999
BAKSAN     241121 3600 000000-010000   00     109.14  832.8    113.00     1.68    -9999
BAKSAN     241121 3600 010000-020000   00     108.49  832.8    112.31     1.06    -9999
BAKSAN     241121 3600 020000-030000   00     108.69  832.7    112.45     1.19    -9999
BAKSAN     241121 3600 030000-040000   00     108.56  832.7    112.30     1.05    -9999
BAKSAN     241121 3600 040000-050000   00     108.91  833.0    112.91     1.60    -9999
BAKSAN     241121 3600 050000-060000   00     108.88  833.0    112.89     1.58    -9999
BAKSAN     241121 3600 060000-070000   00     109.04  832.7    112.81     1.51    -9999
BAKSAN     241121 3600 070000-080000   00     110.05  832.3    113.49     2.12    -9999
BAKSAN     241121 3600 080000-090000   00     110.70  831.8    113.74     2.35    -9999
BAKSAN     241121 3600 090000-100000   00     110.37  831.3    113.03     1.71    -9999
BAKSAN     241121 3600 100000-110000   00     110.61  831.2    113.19     1.86    -9999
BAKSAN     241121 3600 110000-120000   00     110.36  830.9    112.71     1.42    -9999
BAKSAN     241121 3600 120000-130000   00     110.23  831.2    112.81     1.51    -9999
BAKSAN     241121 3600 130000-140000   00     109.22  831.5    112.03     0.81    -9999
BAKSAN     241121 3600 140000-150000   00     109.19  831.8    112.25     1.00    -9999
BAKSAN     241121 3600 150000-160000   00     108.59  831.7    111.55     0.37    -9999
BAKSAN     241121 300  160000-160500   00     108.38  831.7    111.33     0.18     0.18
BAKSAN     241121 300  160500-161000   00     109.15  831.7    112.12     0.89     0.89
BAKSAN     241121 300  161000-161500   00     108.18  831.7    111.07    -0.05    -0.05
BAKSAN     241121 300  161500-162000   00     108.02  831.7    110.94    -0.18    -0.18
BAKSAN     241121 300  162000-162500   00     108.54  831.6    111.43     0.27     0.27
BAKSAN     241121 300  162500-163000   00     107.89  831.7    110.79    -0.31    -0.31
BAKSAN     241121 300  163000-163500   00     107.05  831.7    109.90    -1.11    -1.11
BAKSAN     241121 300  163500-164000   00     108.51  831.9    111.63     0.45     0.45
BAKSAN     241121 300  164000-164500   00     108.08  831.8    111.09    -0.04    -0.04
BAKSAN     241121 300  164500-165000   00     107.81  831.7    110.71    -0.38    -0.38
BAKSAN     241121 300  165000-165500   00     106.43  831.9    109.42    -1.54    -1.54
BAKSAN     241121 300  165500-170000   00     109.41  831.7    112.39     1.13     1.13
BAKSAN     241121 300  170000-170500   00     109.96  831.9    113.05     1.73     1.73
BAKSAN     241121 300  170500-171000   00     106.57  831.7    109.49    -1.48    -1.48
BAKSAN     241121 300  171000-171500   00     108.54  831.7    111.46     0.30     0.30
BAKSAN     241121 300  171500-172000   00     107.48  831.7    110.39    -0.67    -0.67
BAKSAN     241121 300  172000-172500   00     106.54  831.8    109.50    -1.47    -1.47
BAKSAN     241121 300  172500-173000   00     107.41  831.6    110.26    -0.78    -0.78
BAKSAN     241121 300  173000-173500   00     108.83  831.7    111.80     0.60     0.60
BAKSAN     241121 300  173500-174000   00     107.99  831.9    111.08    -0.05    -0.05
BAKSAN     241121 300  174000-174500   00     108.93  831.6    111.82     0.62     0.62
BAKSAN     241121 300  174500-175000   00     109.49  831.7    112.45     1.19     1.19
BAKSAN     241121 300  175000-175500   00     108.60  831.9    111.72     0.53     0.53
BAKSAN     241121 300  175500-180000   00     108.35  831.8    111.33     0.18     0.18
BAKSAN     241121 300  180000-180500   00     108.75  831.7    111.69     0.50     0.50
BAKSAN     241121 300  180500-181000   00     107.92  831.9    111.01    -0.11    -0.11
BAKSAN     241121 300  181000-181500   00     107.74  831.9    110.84    -0.26    -0.26
BAKSAN     241121 300  181500-182000   00     107.64  831.8    110.61    -0.47    -0.47
BAKSAN     241121 300  182000-182500   00     107.85  832.0    110.99    -0.13    -0.13
BAKSAN     241121 300  182500-183000   00     107.66  832.1    110.89    -0.22    -0.22
BAKSAN     241121 300  183000-183500   00     106.72  832.0    109.85    -1.15    -1.15
BAKSAN     241121 300  183500-184000   00     107.43  832.0    110.59    -0.49    -0.49
BAKSAN     241121 300  184000-184500   00     108.40  832.1    111.66     0.47     0.47
BAKSAN     241121 300  184500-185000   00     107.63  832.1    110.83    -0.27    -0.27
BAKSAN     241121 300  185000-185500   00     107.97  832.2    111.25     0.11     0.11
BAKSAN     241121 300  185500-190000   00     106.59  832.1    109.79    -1.21    -1.21
BAKSAN     241121 300  190000-190500   00     106.21  832.2    109.48    -1.49    -1.49
BAKSAN     241121 300  190500-191000   00     108.10  832.1    111.32     0.17     0.17
BAKSAN     241121 300  191000-191500   00     106.28  832.2    109.50    -1.47    -1.47
BAKSAN     241121 300  191500-192000   00     107.45  832.2    110.74    -0.35    -0.35
BAKSAN     241121 300  192000-192500   00     107.87  832.3    111.24     0.10     0.10
BAKSAN     241121 300  192500-193000   00     107.51  832.5    111.01    -0.11    -0.11
BAKSAN     241121 300  193000-193500   00     108.96  832.3    112.42     1.16     1.16
BAKSAN     241121 300  193500-194000   00     106.36  832.3    109.72    -1.27    -1.27
BAKSAN     241121 300  194000-194500   00     108.19  832.6    111.86     0.65     0.65
BAKSAN     241121 300  194500-195000   00     107.33  832.6    110.92    -0.19    -0.19
BAKSAN     241121 300  195000-195500   00     107.02  832.6    110.61    -0.47    -0.47
BAKSAN     241121 300  195500-200000   00     108.78  832.6    112.44     1.17     1.17
BAKSAN     241121 300  200000-200500   00     107.28  832.6    110.91    -0.20    -0.20
BAKSAN     241121 300  200500-201000   00     106.85  832.6    110.43    -0.63    -0.63
BAKSAN     241121 300  201000-201500   00     106.58  832.6    110.16    -0.88    -0.88
BAKSAN     241121 300  201500-202000   00     105.38  832.7    108.97    -1.94    -1.94
BAKSAN     241121 300  202000-202500   00     106.68  832.6    110.31    -0.74    -0.74
BAKSAN     241121 300  202500-203000   00     107.12  832.6    110.73    -0.36    -0.36
BAKSAN     241121 300  203000-203500   00     106.29  832.7    109.94    -1.07    -1.07
BAKSAN     241121 300  203500-204000   00     105.78  832.7    109.41    -1.55    -1.55
BAKSAN     241121 300  204000-204500   00     107.72  832.7    111.45     0.29     0.29
BAKSAN     241121 300  204500-205000   00     107.25  832.8    111.00    -0.12    -0.12
BAKSAN     241121 300  205000-205500   00     107.55  832.7    111.22     0.08     0.08
BAKSAN     241121 300  205500-210000   00     106.94  832.5    110.48    -0.59    -0.59
BAKSAN     241121 300  210000-210500   00     109.18  832.5    112.81     1.51     1.51
BAKSAN     241121 300  210500-211000   00     107.30  832.6    110.89    -0.22    -0.22
BAKSAN     241121 300  211000-211500   00     107.48  832.7    111.17     0.04     0.04
BAKSAN     241121 300  211500-212000   00     108.29  832.6    111.93     0.72     0.72
BAKSAN     241121 300  212000-212500   00     107.32  832.6    110.91    -0.20    -0.20
BAKSAN     241121 300  212500-213000   00     107.66  832.5    111.21     0.07     0.07
BAKSAN     241121 300  213000-213500   00     105.99  832.7    109.62    -1.36    -1.36
BAKSAN     241121 300  213500-214000   00     107.01  832.5    110.50    -0.57    -0.57
BAKSAN     241121 300  214000-214500   00     107.08  832.5    110.64    -0.44    -0.44
BAKSAN     241121 300  214500-215000   00     106.70  832.6    110.30    -0.75    -0.75
BAKSAN     241121 300  215000-215500   00     106.44  832.7    110.13    -0.90    -0.90
BAKSAN     241121 300  215500-220000   00     107.68  832.6    111.27     0.12     0.12
BAKSAN     241121 300  220000-220500   00     105.23  832.4    108.64    -2.25    -2.25
BAKSAN     241121 300  220500-221000   00     107.12  832.4    110.54    -0.53    -0.53
BAKSAN     241121 300  221000-221500   00     106.94  832.4    110.40    -0.66    -0.66
BAKSAN     241121 300  221500-222000   00     106.68  832.5    110.16    -0.87    -0.87
BAKSAN     241121 300  222000-222500   00     107.63  832.5    111.18     0.04     0.04
BAKSAN     241121 300  222500-223000   00     106.29  832.7    109.92    -1.09    -1.09
BAKSAN     241121 300  223000-223500   00     107.71  832.5    111.23     0.09     0.09
BAKSAN     241121 300  223500-224000   00     109.01  832.7    112.75     1.46     1.46
BAKSAN     241121 300  224000-224500   00     105.77  832.6    109.30    -1.65    -1.65
BAKSAN     241121 300  224500-225000   00     106.39  832.6    109.96    -1.05    -1.05
BAKSAN     241121 300  225000-225500   00     107.11  832.7    110.83    -0.27    -0.27
BAKSAN     241121 300  225500-230000   00     106.74  832.8    110.48    -0.59    -0.59
BAKSAN     241121 300  230000-230500   00     105.90  832.6    109.45    -1.51    -1.51
BAKSAN     241121 300  230500-231000   00     106.93  832.7    110.58    -0.50    -0.50
BAKSAN     241121 300  231000-231500   00     110.26  832.9    114.24     2.79     2.79
BAKSAN     241121 300  231500-232000   00     107.76  832.8    111.58     0.40     0.40
BAKSAN     241121 300  232000-232500   00     107.70  832.7    111.45     0.28     0.28
BAKSAN     241121 300  232500-233000   00     107.27  832.8    111.03    -0.09    -0.09
BAKSAN     241121 300  233000-233500   00     104.91  832.9    108.69    -2.20    -2.20
BAKSAN     241121 300  233500-234000   00     107.58  832.7    111.32     0.17     0.17
BAKSAN     241121 300  234000-234500   00     106.03  832.9    109.83    -1.17    -1.17
BAKSAN     241121 300  234500-235000   00     108.02  832.6    111.64     0.45     0.45
BAKSAN     241121 300  235000-235500   00     107.57  832.5    111.15     0.01     0.01
BAKSAN     241121 300  235500-240000   00     107.48  832.5    111.02    -0.10    -0.10
BAKSAN     241122 300  000000-000500   00     108.99  832.5    112.59     1.31     1.31
BAKSAN     241122 300  000500-001000   00     105.80  832.5    109.27    -1.68    -1.68
BAKSAN     241122 300  001000-001500   00     107.81  832.5    111.39     0.23     0.23
BAKSAN     241122 300  001500-002000   00     106.49  832.7    110.14    -0.89    -0.89
BAKSAN     241122 300  002000-002500   00     107.37  832.8    111.11    -0.02    -0.02
BAKSAN     241122 300  002500-003000   00     105.23  832.8    108.92    -1.99    -1.99
BAKSAN     241122 300  003000-003500   00     107.21  832.9    111.03    -0.09    -0.09
BAKSAN     241122 300  003500-004000   00     106.31  832.8    110.04    -0.98    -0.98
BAKSAN     241122 300  004000-004500   00     108.43  832.8    112.23     0.99     0.99
BAKSAN     241122 300  004500-005000   00     107.44  832.8    111.21     0.07     0.07
BAKSAN     241122 300  005000-005500   00     109.14  832.5    112.76     1.46     1.46
BAKSAN     241122 300  005500-010000   00     108.00  832.6    111.61     0.43     0.43
BAKSAN     241122 300  010000-010500   00     107.57  832.7    111.30     0.15     0.15
BAKSAN     241122 300  010500-011000   00     106.17  832.6    109.74    -1.26    -1.26
BAKSAN     241122 300  011000-011500   00     106.75  832.6    110.38    -0.68    -0.68
BAKSAN     241122 300  011500-012000   00     108.03  833.0    111.96     0.74     0.74
BAKSAN     241122 300  012000-012500   00     107.23  832.9    111.05    -0.08    -0.08
BAKSAN     241122 300  012500-013000   00     106.14  833.0    110.07    -0.96    -0.96
BAKSAN     241122 300  013000-013500   00     106.93  833.1    110.90    -0.21    -0.21
BAKSAN     241122 300  013500-014000   00     107.33  833.2    111.46     0.30     0.30
BAKSAN     241122 300  014000-014500   00     106.93  833.2    111.00    -0.12    -0.12
BAKSAN     241122 300  014500-015000   00     105.45  833.2    109.51    -1.46    -1.46
BAKSAN     241122 300  015000-015500   00     107.46  833.4    111.69     0.50     0.50
BAKSAN     241122 300  015500-020000   00     107.09  833.0    111.03    -0.09    -0.09
BAKSAN     241122 3600 020000-030000   00     107.01  833.8    111.54     0.37    -9999
BAKSAN     241122 3600 030000-040000   00     106.50  834.4    111.52     0.35    -9999
BAKSAN     241122 3600 040000-050000   00     105.87  834.7    111.08    -0.05    -9999
BAKSAN     241122 3600 050000-060000   00     106.03  835.1    111.57     0.39    -9999
BAKSAN     241122 3600 060000-070000   00     105.77  835.4    111.57     0.40    -9999
BAKSAN     241122 3600 070000-080000   00     106.05  835.7    112.09     0.86    -9999
BAKSAN     241122 3600 080000-090000   00     105.49  835.8    111.57     0.39    -9999
BAKSAN     241122 3600 090000-100000   00     106.08  835.7    112.15     0.92    -9999
BAKSAN     241122 3600 100000-110000   00     105.18  835.6    111.11    -0.02    -9999
BAKSAN     241122 3600 110000-120000   00     105.77  835.5    111.67     0.49    -9999
BAKSAN     241122 3600 120000-130000   00     106.30  835.7    112.33     1.08    -9999
BAKSAN     241122 3600 130000-140000   00     106.72  835.8    112.90     1.59    -9999
BAKSAN     241122 3600 140000-150000   00     105.92  836.1    112.25     1.00    -9999
BAKSAN     241122 3600 150000-160000   00     105.12  836.5    111.77     0.57    -9999
BAKSAN     241122 3600 160000-170000   00     105.71  836.5    112.39     1.13    -9999
BAKSAN     241122 3600 170000-180000   00     105.50  836.6    112.27     1.03    -9999
BAKSAN     241122 3600 180000-190000   00     105.52  836.7    112.36     1.10    -9999
BAKSAN     241122 3600 190000-200000   00     104.81  836.9    111.71     0.52    -9999
BAKSAN     241122 3600 200000-210000   00     105.46  836.8    112.39     1.13    -9999
BAKSAN     241122 3600 210000-220000   00     104.79  836.7    111.55     0.38    -9999
BAKSAN     241122 3600 220000-230000   00     104.53  836.6    111.19     0.05    -9999
BAKSAN     241122 3600 230000-240000   00     105.09  836.5    111.74     0.54    -9999
*
COMMENT DATA SOURCE: NMDB | DOWNLOADED ON 27.11.2024
COMMENT DETRENDING DONE BY IU
COMMENT UNIVERISTY OF OULU: FILE GENERATED FROM DATABASE AND OBTAINED FROM
COMMENT https://gle.oulu.fi at 2025-01-11 16:21:29 +00:00
COMMENT FOR HISTORICAL/ORIGINAL TEXT FILES SEE https://gle.oulu.fi/txtarchive/
COMMENT ORIGINAL AT https://gle.oulu.fi/txtarchive/GLE76/C076BKSN_cor.DAT
COMMENT DETRENDED DATA SHOW -9999 IF EQUAL TO INC% COLUMN 