APATITY LATITUDE    67.55     LONGITUDE     33.33     ALTITUDE    177 M
APATITY INSTRUMENT   18NM64    NEUTRON MONITOR	
APATITY STANDARD PRESSURE    1010    MB     COEFFICIENT   -0.73     % / MB
APATITY PRE-INCREASE BASELINE TIME INTERVAL    240608    000000-020000   UT
APATITY PRE-INCREASE AVERAGE COUNTING RATE    158.86      COUNTS PER SECOND
APATITY TIME INTERVALS    300         3600     
APATITY SCALE FACTORS     1           1        
STATION    YYMMDD  SEC   TIME (UT)   CODE    UNCORR. PRESS.    CORR.    % INC.	DETRENDED
                         INTERVAL    TD      C/S     (MB)      C/S
APATITY 240607 3600 000000-010000   00     168.56  991.2    158.20    -0.41    -9999
APATITY 240607 3600 010000-020000   00     168.11  991.3    157.94    -0.58    -9999
APATITY 240607 3600 020000-030000   00     168.18  991.2    157.88    -0.61    -9999
APATITY 240607 3600 030000-040000   00     168.53  990.8    157.78    -0.68    -9999
APATITY 240607 3600 040000-050000   00     168.79  990.5    157.63    -0.77    -9999
APATITY 240607 3600 050000-060000   00     169.72  990.2    158.20    -0.41    -9999
APATITY 240607 3600 060000-070000   00     170.39  990.1    158.61    -0.15    -9999
APATITY 240607 3600 070000-080000   00     170.95  989.8    158.89     0.02    -9999
APATITY 240607 3600 080000-090000   00     171.04  989.6    158.75    -0.07    -9999
APATITY 240607 3600 090000-100000   00     171.36  989.4    158.75    -0.07    -9999
APATITY 240607 3600 100000-110000   00     171.78  989.1    158.84    -0.01    -9999
APATITY 240607 3600 110000-120000   00     171.98  988.8    158.67    -0.12    -9999
APATITY 240607 3600 120000-130000   00     171.58  988.7    158.21    -0.41    -9999
APATITY 240607 3600 130000-140000   00     172.10  988.5    158.44    -0.27    -9999
APATITY 240607 3600 140000-150000   00     171.86  988.3    158.02    -0.53    -9999
APATITY 240607 3600 150000-160000   00     171.34  988.3    157.51    -0.85    -9999
APATITY 240607 3600 160000-170000   00     171.03  988.5    157.48    -0.87    -9999
APATITY 240607 3600 170000-180000   00     172.03  988.4    158.26    -0.38    -9999
APATITY 240607 3600 180000-190000   00     172.83  988.1    158.63    -0.14    -9999
APATITY 240607 3600 190000-200000   00     172.89  987.8    158.34    -0.32    -9999
APATITY 240607 3600 200000-210000   00     173.63  987.9    159.10     0.15    -9999
APATITY 240607 3600 210000-220000   00     172.32  988.3    158.40    -0.29    -9999
APATITY 240607 3600 220000-230000   00     172.29  988.5    158.62    -0.15    -9999
APATITY 240607 3600 230000-240000   00     172.67  988.6    159.00     0.09    -9999
APATITY 240608 300  000000-000500   00     172.68  988.6    159.10     0.15     0.23
APATITY 240608 300  000500-001000   00     170.71  988.6    157.27    -1.00    -0.93
APATITY 240608 300  001000-001500   00     171.03  988.6    157.60    -0.79    -0.73
APATITY 240608 300  001500-002000   00     170.66  988.6    157.25    -1.01    -0.95
APATITY 240608 300  002000-002500   00     172.37  988.6    158.79    -0.05     0.01
APATITY 240608 300  002500-003000   00     172.81  988.6    159.15     0.18     0.23
APATITY 240608 300  003000-003500   00     172.79  988.5    159.10     0.15     0.19
APATITY 240608 300  003500-004000   00     171.87  988.5    158.18    -0.43    -0.39
APATITY 240608 300  004000-004500   00     172.59  988.4    158.76    -0.06    -0.03
APATITY 240608 300  004500-005000   00     174.48  988.3    160.43     0.99     1.01
APATITY 240608 300  005000-005500   00     173.95  988.3    159.91     0.66     0.68
APATITY 240608 300  005500-010000   00     172.10  988.4    158.27    -0.37    -0.36
APATITY 240608 300  010000-010500   00     172.24  988.4    158.39    -0.30    -0.29
APATITY 240608 300  010500-011000   00     173.61  988.3    159.60     0.47     0.47
APATITY 240608 300  011000-011500   00     174.47  988.2    160.29     0.90     0.89
APATITY 240608 300  011500-012000   00     175.47  988.3    161.24     1.50     1.49
APATITY 240608 300  012000-012500   00     171.77  988.3    157.86    -0.63    -0.65
APATITY 240608 300  012500-013000   00     173.84  988.2    159.71     0.54     0.51
APATITY 240608 300  013000-013500   00     172.71  988.2    158.62    -0.15    -0.18
APATITY 240608 300  013500-014000   00     171.37  988.1    157.33    -0.96    -1.00
APATITY 240608 300  014000-014500   00     172.40  988.1    158.27    -0.37    -0.42
APATITY 240608 300  014500-015000   00     173.78  988.2    159.62     0.48     0.43
APATITY 240608 300  015000-015500   00     171.84  988.2    157.87    -0.62    -0.68
APATITY 240608 300  015500-020000   00     174.08  988.3    159.98     0.71     0.64
APATITY 240608 300  020000-020500   00     175.26  988.3    161.10     1.41     1.34
APATITY 240608 300  020500-021000   00     174.85  988.3    160.73     1.18     1.10
APATITY 240608 300  021000-021500   00     172.62  988.3    158.66    -0.12    -0.21
APATITY 240608 300  021500-022000   00     173.57  988.3    159.54     0.43     0.34
APATITY 240608 300  022000-022500   00     173.75  988.3    159.68     0.52     0.43
APATITY 240608 300  022500-023000   00     175.72  988.3    161.48     1.65     1.55
APATITY 240608 300  023000-023500   00     173.89  988.3    159.80     0.59     0.49
APATITY 240608 300  023500-024000   00     173.69  988.2    159.60     0.47     0.35
APATITY 240608 300  024000-024500   00     174.56  988.2    160.39     0.97     0.85
APATITY 240608 300  024500-025000   00     175.26  988.3    161.05     1.38     1.25
APATITY 240608 300  025000-025500   00     173.61  988.3    159.58     0.45     0.32
APATITY 240608 300  025500-030000   00     174.36  988.3    160.28     0.90     0.76
APATITY 240608 300  030000-030500   00     174.40  988.3    160.26     0.88     0.74
APATITY 240608 300  030500-031000   00     172.46  988.2    158.44    -0.26    -0.41
APATITY 240608 300  031000-031500   00     172.76  988.2    158.69    -0.10    -0.26
APATITY 240608 300  031500-032000   00     172.96  988.2    158.85    -0.01    -0.17
APATITY 240608 300  032000-032500   00     174.30  988.1    159.98     0.71     0.54
APATITY 240608 300  032500-033000   00     172.24  988.1    158.09    -0.48    -0.66
APATITY 240608 300  033000-033500   00     172.37  988.2    158.30    -0.35    -0.53
APATITY 240608 300  033500-034000   00     172.00  988.2    158.01    -0.54    -0.72
APATITY 240608 300  034000-034500   00     173.42  988.3    159.38     0.33     0.14
APATITY 240608 300  034500-035000   00     172.88  988.3    158.89     0.02    -0.18
APATITY 240608 300  035000-035500   00     172.58  988.2    158.53    -0.21    -0.41
APATITY 240608 300  035500-040000   00     174.25  988.1    159.98     0.71     0.50
APATITY 240608 300  040000-040500   00     174.32  988.1    160.01     0.72     0.51
APATITY 240608 300  040500-041000   00     172.62  988.1    158.44    -0.26    -0.49
APATITY 240608 300  041000-041500   00     174.04  988.1    159.71     0.53     0.31
APATITY 240608 300  041500-042000   00     173.05  988.1    158.78    -0.05    -0.28
APATITY 240608 300  042000-042500   00     173.29  988.1    159.01     0.10    -0.14
APATITY 240608 300  042500-043000   00     174.36  988.0    159.98     0.71     0.46
APATITY 240608 300  043000-043500   00     174.95  988.1    160.55     1.06     0.81
APATITY 240608 300  043500-044000   00     175.00  988.1    160.59     1.09     0.83
APATITY 240608 300  044000-044500   00     174.22  988.0    159.84     0.62     0.35
APATITY 240608 300  044500-045000   00     173.43  988.0    159.11     0.16    -0.11
APATITY 240608 300  045000-045500   00     173.21  988.0    158.92     0.04    -0.24
APATITY 240608 300  045500-050000   00     173.94  988.1    159.60     0.47     0.19
APATITY 240608 300  050000-050500   00     172.25  988.1    158.10    -0.47    -0.76
APATITY 240608 300  050500-051000   00     173.91  988.1    159.66     0.51     0.21
APATITY 240608 300  051000-051500   00     174.15  988.1    159.90     0.66     0.36
APATITY 240608 300  051500-052000   00     173.87  988.1    159.64     0.49     0.18
APATITY 240608 300  052000-052500   00     172.75  988.1    158.60    -0.16    -0.48
APATITY 240608 300  052500-053000   00     173.85  988.1    159.58     0.45     0.13
APATITY 240608 300  053000-053500   00     174.50  988.1    160.15     0.81     0.49
APATITY 240608 300  053500-054000   00     174.38  988.1    160.05     0.75     0.42
APATITY 240608 300  054000-054500   00     173.16  988.0    158.84    -0.01    -0.35
APATITY 240608 300  054500-055000   00     172.25  988.0    157.97    -0.56    -0.90
APATITY 240608 300  055000-055500   00     173.29  988.0    158.92     0.04    -0.31
APATITY 240608 300  055500-060000   00     175.16  988.0    160.62     1.11     0.76
APATITY 240608 300  060000-060500   00     175.55  987.9    160.95     1.31     0.95
APATITY 240608 300  060500-061000   00     173.43  987.9    159.00     0.09    -0.28
APATITY 240608 300  061000-061500   00     173.77  987.9    159.27     0.26    -0.11
APATITY 240608 300  061500-062000   00     172.91  987.9    158.46    -0.25    -0.63
APATITY 240608 300  062000-062500   00     173.74  987.9    159.24     0.24    -0.14
APATITY 240608 300  062500-063000   00     175.28  987.9    160.68     1.14     0.75
APATITY 240608 300  063000-063500   00     175.81  987.9    161.15     1.44     1.04
APATITY 240608 300  063500-064000   00     173.58  987.9    159.09     0.15    -0.26
APATITY 240608 300  064000-064500   00     174.58  987.9    160.05     0.75     0.34
APATITY 240608 300  064500-065000   00     173.06  988.0    158.71    -0.09    -0.51
APATITY 240608 300  065000-065500   00     173.47  988.0    159.12     0.17    -0.26
APATITY 240608 300  065500-070000   00     173.54  988.0    159.21     0.22    -0.21
APATITY 240608 300  070000-070500   00     173.03  988.0    158.72    -0.09    -0.52
APATITY 240608 300  070500-071000   00     174.87  988.0    160.35     0.94     0.50
APATITY 240608 300  071000-071500   00     171.71  988.0    157.45    -0.88    -1.33
APATITY 240608 300  071500-072000   00     174.50  987.9    160.00     0.72     0.27
APATITY 240608 300  072000-072500   00     176.70  987.9    162.01     1.98     1.52
APATITY 240608 300  072500-073000   00     173.89  987.9    159.39     0.33    -0.13
APATITY 240608 300  073000-073500   00     173.71  987.9    159.22     0.23    -0.24
APATITY 240608 300  073500-074000   00     173.42  987.9    158.93     0.05    -0.43
APATITY 240608 300  074000-074500   00     172.80  987.9    158.33    -0.33    -0.82
APATITY 240608 300  074500-075000   00     175.26  987.9    160.61     1.10     0.61
APATITY 240608 300  075000-075500   00     173.25  987.9    158.75    -0.07    -0.56
APATITY 240608 300  075500-080000   00     174.38  987.8    159.77     0.57     0.07
APATITY 240608 300  080000-080500   00     173.71  987.8    159.16     0.19    -0.32
APATITY 240608 300  080500-081000   00     173.76  987.9    159.24     0.24    -0.28
APATITY 240608 300  081000-081500   00     173.43  987.9    159.00     0.09    -0.43
APATITY 240608 300  081500-082000   00     172.92  988.0    158.59    -0.17    -0.70
APATITY 240608 300  082000-082500   00     172.98  988.0    158.66    -0.12    -0.66
APATITY 240608 300  082500-083000   00     172.90  988.0    158.61    -0.16    -0.69
APATITY 240608 300  083000-083500   00     173.21  988.0    158.89     0.02    -0.53
APATITY 240608 300  083500-084000   00     172.04  988.0    157.78    -0.68    -1.23
APATITY 240608 300  084000-084500   00     173.45  988.0    159.05     0.12    -0.44
APATITY 240608 300  084500-085000   00     171.85  988.0    157.58    -0.80    -1.37
APATITY 240608 300  085000-085500   00     176.48  988.0    161.83     1.87     1.30
APATITY 240608 300  085500-090000   00     173.67  988.0    159.27     0.26    -0.32
APATITY 240608 300  090000-090500   00     172.47  988.0    158.20    -0.42    -1.00
APATITY 240608 300  090500-091000   00     173.96  988.0    159.57     0.45    -0.14
APATITY 240608 300  091000-091500   00     172.40  988.0    158.18    -0.43    -1.02
APATITY 240608 300  091500-092000   00     173.82  988.0    159.48     0.39    -0.21
APATITY 240608 300  092000-092500   00     175.19  988.0    160.72     1.17     0.57
APATITY 240608 300  092500-093000   00     172.48  988.0    158.23    -0.40    -1.01
APATITY 240608 300  093000-093500   00     173.12  988.0    158.77    -0.05    -0.67
APATITY 240608 300  093500-094000   00     175.68  987.9    161.06     1.38     0.76
APATITY 240608 300  094000-094500   00     173.76  987.9    159.29     0.27    -0.36
APATITY 240608 300  094500-095000   00     173.81  987.9    159.32     0.29    -0.34
APATITY 240608 300  095000-095500   00     172.76  987.9    158.35    -0.32    -0.96
APATITY 240608 300  095500-100000   00     172.18  987.9    157.85    -0.64    -1.28
APATITY 240608 300  100000-100500   00     175.38  987.9    160.75     1.19     0.54
APATITY 240608 300  100500-101000   00     173.86  987.9    159.33     0.30    -0.36
APATITY 240608 300  101000-101500   00     174.80  987.9    160.22     0.85     0.19
APATITY 240608 300  101500-102000   00     174.73  987.9    160.12     0.79     0.12
APATITY 240608 300  102000-102500   00     173.76  987.8    159.20     0.22    -0.46
APATITY 240608 300  102500-103000   00     175.87  987.8    161.07     1.39     0.71
APATITY 240608 300  103000-103500   00     173.19  987.7    158.56    -0.19    -0.88
APATITY 240608 300  103500-104000   00     175.22  987.7    160.38     0.96     0.26
APATITY 240608 300  104000-104500   00     174.88  987.7    160.01     0.73     0.02
APATITY 240608 300  104500-105000   00     174.71  987.6    159.83     0.61    -0.10
APATITY 240608 300  105000-105500   00     175.25  987.7    160.34     0.93     0.22
APATITY 240608 300  105500-110000   00     174.06  987.7    159.26     0.25    -0.47
APATITY 240608 300  110000-110500   00     174.13  987.7    159.32     0.29    -0.43
APATITY 240608 300  110500-111000   00     175.64  987.6    160.68     1.15     0.41
APATITY 240608 300  111000-111500   00     175.60  987.6    160.60     1.10     0.36
APATITY 240608 300  111500-112000   00     174.03  987.6    159.13     0.17    -0.58
APATITY 240608 300  112000-112500   00     173.05  987.5    158.21    -0.41    -9999
APATITY 240608 300  112500-113000   00     175.87  987.5    160.73     1.18    -9999
APATITY 240608 300  113000-113500   00     175.80  987.5    160.61     1.11    -9999
APATITY 240608 300  113500-114000   00     175.37  987.4    160.19     0.84    -9999
APATITY 240608 300  114000-114500   00     174.64  987.4    159.53     0.42    -9999
APATITY 240608 300  114500-115000   00     173.97  987.4    158.87     0.01    -9999
APATITY 240608 300  115000-115500   00     173.46  987.4    158.37    -0.31    -9999
APATITY 240608 300  115500-120000   00     175.58  987.3    160.28     0.90    -9999
APATITY 240608 3600 120000-130000   00     175.41  987.2    160.00     0.72    -9999
APATITY 240608 3600 130000-140000   00     175.60  986.8    159.73     0.55    -9999
APATITY 240608 3600 140000-150000   00     175.71  986.5    159.39     0.33    -9999
APATITY 240608 3600 150000-160000   00     176.91  986.1    160.06     0.75    -9999
APATITY 240608 3600 160000-170000   00     177.25  985.8    159.97     0.70    -9999
APATITY 240608 3600 170000-180000   00     177.85  985.7    160.40     0.97    -9999
APATITY 240608 3600 180000-190000   00     178.25  985.6    160.64     1.12    -9999
APATITY 240608 3600 190000-200000   00     177.56  985.7    160.14     0.81    -9999
APATITY 240608 3600 200000-210000   00     176.35  985.8    159.25     0.24    -9999
APATITY 240608 3600 210000-220000   00     175.62  986.2    159.03     0.11    -9999
APATITY 240608 3600 220000-230000   00     176.05  986.3    159.47     0.38    -9999
APATITY 240608 3600 230000-240000   00     176.73  986.1    159.93     0.68    -9999
*
COMMENT DATA SOURCE: NMDB | DOWNLOADED ON 08.12.2024
COMMENT DETRENDING DONE BY IU
COMMENT UNIVERISTY OF OULU: FILE GENERATED FROM DATABASE AND OBTAINED FROM
COMMENT https://gle.oulu.fi at 2025-01-11 16:23:44 +00:00
COMMENT FOR HISTORICAL/ORIGINAL TEXT FILES SEE https://gle.oulu.fi/txtarchive/
COMMENT ORIGINAL AT https://gle.oulu.fi/txtarchive/GLE75/C075APTY_cor.DAT
COMMENT DETRENDED DATA SHOW -9999 IF EQUAL TO INC% COLUMN 