Fort-SMITH LATITUDE    60        LONGITUDE     -112      ALTITUDE    0 M
Fort-SMITH INSTRUMENT   18NM64    NEUTRON MONITOR     	
Fort-SMITH STANDARD PRESSURE    1013    MB     COEFFICIENT   -0.75     % / MB
Fort-SMITH PRE-INCREASE BASELINE TIME INTERVAL    240608    000000-020000   UT
Fort-SMITH PRE-INCREASE AVERAGE COUNTING RATE    196.03      COUNTS PER SECOND
Fort-SMITH TIME INTERVALS    300         3600     
Fort-SMITH SCALE FACTORS     1           1        
STATION    YYMMDD  SEC   TIME (UT)   CODE    UNCORR. PRESS.    CORR.    % INC.	DETRENDED
                         INTERVAL    TD      C/S     (MB)      C/S
Fort-SMITH 240607 3600 000000-010000   00     235.83  988.2    195.89    -0.07    -9999
Fort-SMITH 240607 3600 010000-020000   00     234.75  988.3    195.21    -0.42    -9999
Fort-SMITH 240607 3600 020000-030000   00     234.62  988.2    194.97    -0.54    -9999
Fort-SMITH 240607 3600 030000-040000   00     234.75  988.3    195.13    -0.46    -9999
Fort-SMITH 240607 3600 040000-050000   00     235.09  988.2    195.34    -0.35    -9999
Fort-SMITH 240607 3600 050000-060000   00     236.12  987.9    195.74    -0.15    -9999
Fort-SMITH 240607 3600 060000-070000   00     237.04  987.3    195.66    -0.19    -9999
Fort-SMITH 240607 3600 070000-080000   00     237.68  986.8    195.42    -0.31    -9999
Fort-SMITH 240607 3600 080000-090000   00     238.92  986.3    195.64    -0.20    -9999
Fort-SMITH 240607 3600 090000-100000   00     238.73  986.1    195.24    -0.40    -9999
Fort-SMITH 240607 3600 100000-110000   00     240.38  985.5    195.75    -0.14    -9999
Fort-SMITH 240607 3600 110000-120000   00     241.34  985.0    195.84    -0.10    -9999
Fort-SMITH 240607 3600 120000-130000   00     242.14  984.7    196.00    -0.02    -9999
Fort-SMITH 240607 3600 130000-140000   00     242.68  984.5    196.09     0.03    -9999
Fort-SMITH 240607 3600 140000-150000   00     243.39  984.3    196.47     0.22    -9999
Fort-SMITH 240607 3600 150000-160000   00     241.65  984.6    195.45    -0.30    -9999
Fort-SMITH 240607 3600 160000-170000   00     241.94  985.0    196.23     0.10    -9999
Fort-SMITH 240607 3600 170000-180000   00     240.62  985.2    195.58    -0.23    -9999
Fort-SMITH 240607 3600 180000-190000   00     240.48  985.8    196.27     0.13    -9999
Fort-SMITH 240607 3600 190000-200000   00     239.15  986.2    195.83    -0.10    -9999
Fort-SMITH 240607 3600 200000-210000   00     238.05  987.0    196.07     0.02    -9999
Fort-SMITH 240607 3600 210000-220000   00     236.48  987.8    195.90    -0.07    -9999
Fort-SMITH 240607 3600 220000-230000   00     236.12  988.5    196.62     0.30    -9999
Fort-SMITH 240607 3600 230000-240000   00     234.34  989.2    196.21     0.09    -9999
Fort-SMITH 240608 300  000000-000500   00     232.69  989.3    195.01    -0.52    -0.53
Fort-SMITH 240608 300  000500-001000   00     230.40  989.5    193.29    -1.40    -1.41
Fort-SMITH 240608 300  001000-001500   00     233.02  989.6    195.65    -0.19    -0.21
Fort-SMITH 240608 300  001500-002000   00     233.85  989.7    196.62     0.30     0.29
Fort-SMITH 240608 300  002000-002500   00     233.40  989.9    196.40     0.19     0.18
Fort-SMITH 240608 300  002500-003000   00     233.48  989.9    196.55     0.27     0.26
Fort-SMITH 240608 300  003000-003500   00     232.82  990.0    196.07     0.02     0.01
Fort-SMITH 240608 300  003500-004000   00     232.43  990.0    195.78    -0.13    -0.13
Fort-SMITH 240608 300  004000-004500   00     231.10  990.1    194.79    -0.63    -0.64
Fort-SMITH 240608 300  004500-005000   00     232.19  990.2    195.85    -0.09    -0.10
Fort-SMITH 240608 300  005000-005500   00     234.22  990.3    197.73     0.87     0.86
Fort-SMITH 240608 300  005500-010000   00     232.84  990.4    196.75     0.37     0.37
Fort-SMITH 240608 300  010000-010500   00     233.54  990.6    197.60     0.80     0.80
Fort-SMITH 240608 300  010500-011000   00     232.96  990.7    197.23     0.62     0.62
Fort-SMITH 240608 300  011000-011500   00     233.59  990.8    197.98     1.00     1.00
Fort-SMITH 240608 300  011500-012000   00     233.87  990.9    198.35     1.19     1.19
Fort-SMITH 240608 300  012000-012500   00     230.26  991.1    195.55    -0.25    -0.24
Fort-SMITH 240608 300  012500-013000   00     231.38  991.1    196.57     0.28     0.28
Fort-SMITH 240608 300  013000-013500   00     230.51  991.0    195.67    -0.18    -0.17
Fort-SMITH 240608 300  013500-014000   00     228.18  991.1    193.77    -1.15    -1.14
Fort-SMITH 240608 300  014000-014500   00     229.96  991.1    195.28    -0.38    -0.37
Fort-SMITH 240608 300  014500-015000   00     230.17  991.2    195.57    -0.23    -0.22
Fort-SMITH 240608 300  015000-015500   00     229.91  991.2    195.49    -0.28    -0.26
Fort-SMITH 240608 300  015500-020000   00     229.35  991.3    195.14    -0.45    -0.43
Fort-SMITH 240608 300  020000-020500   00     231.83  991.4    197.34     0.67     0.69
Fort-SMITH 240608 300  020500-021000   00     229.29  991.4    195.21    -0.42    -0.39
Fort-SMITH 240608 300  021000-021500   00     231.74  991.5    197.32     0.66     0.69
Fort-SMITH 240608 300  021500-022000   00     228.87  991.4    194.83    -0.61    -0.58
Fort-SMITH 240608 300  022000-022500   00     230.56  991.4    196.26     0.12     0.15
Fort-SMITH 240608 300  022500-023000   00     227.19  991.5    193.47    -1.30    -1.27
Fort-SMITH 240608 300  023000-023500   00     230.31  991.5    196.17     0.07     0.11
Fort-SMITH 240608 300  023500-024000   00     226.87  991.6    193.32    -1.38    -1.34
Fort-SMITH 240608 300  024000-024500   00     230.73  991.6    196.67     0.33     0.37
Fort-SMITH 240608 300  024500-025000   00     229.40  991.6    195.58    -0.23    -0.19
Fort-SMITH 240608 300  025000-025500   00     230.51  991.7    196.59     0.29     0.33
Fort-SMITH 240608 300  025500-030000   00     231.72  991.7    197.60     0.80     0.85
Fort-SMITH 240608 300  030000-030500   00     230.08  991.7    196.26     0.12     0.17
Fort-SMITH 240608 300  030500-031000   00     230.28  991.7    196.50     0.24     0.29
Fort-SMITH 240608 300  031000-031500   00     230.31  991.7    196.58     0.28     0.33
Fort-SMITH 240608 300  031500-032000   00     230.00  991.7    196.31     0.14     0.20
Fort-SMITH 240608 300  032000-032500   00     228.92  991.8    195.46    -0.29    -0.23
Fort-SMITH 240608 300  032500-033000   00     228.49  991.8    195.17    -0.44    -0.38
Fort-SMITH 240608 300  033000-033500   00     228.12  991.8    194.85    -0.60    -0.54
Fort-SMITH 240608 300  033500-034000   00     230.50  992.0    197.08     0.53     0.60
Fort-SMITH 240608 300  034000-034500   00     231.12  992.0    197.65     0.83     0.90
Fort-SMITH 240608 300  034500-035000   00     226.83  992.1    194.06    -1.01    -0.93
Fort-SMITH 240608 300  035000-035500   00     228.68  992.1    195.71    -0.16    -0.09
Fort-SMITH 240608 300  035500-040000   00     230.61  992.1    197.40     0.70     0.78
Fort-SMITH 240608 300  040000-040500   00     229.94  992.2    196.94     0.47     0.55
Fort-SMITH 240608 300  040500-041000   00     225.21  992.2    192.95    -1.57    -1.49
Fort-SMITH 240608 300  041000-041500   00     227.93  992.3    195.32    -0.36    -0.27
Fort-SMITH 240608 300  041500-042000   00     227.75  992.4    195.29    -0.38    -0.29
Fort-SMITH 240608 300  042000-042500   00     228.46  992.4    195.99    -0.02     0.07
Fort-SMITH 240608 300  042500-043000   00     227.60  992.5    195.38    -0.33    -0.24
Fort-SMITH 240608 300  043000-043500   00     229.72  992.5    197.19     0.59     0.69
Fort-SMITH 240608 300  043500-044000   00     226.52  992.5    194.45    -0.81    -0.70
Fort-SMITH 240608 300  044000-044500   00     231.15  992.5    198.48     1.25     1.36
Fort-SMITH 240608 300  044500-045000   00     230.12  992.5    197.59     0.80     0.91
Fort-SMITH 240608 300  045000-045500   00     226.14  992.5    194.18    -0.94    -0.83
Fort-SMITH 240608 300  045500-050000   00     226.19  992.6    194.28    -0.89    -0.77
Fort-SMITH 240608 300  050000-050500   00     230.47  992.6    197.95     0.98     1.10
Fort-SMITH 240608 300  050500-051000   00     226.93  992.6    194.88    -0.58    -0.46
Fort-SMITH 240608 300  051000-051500   00     226.67  992.6    194.69    -0.68    -0.56
Fort-SMITH 240608 300  051500-052000   00     229.57  992.6    197.22     0.61     0.74
Fort-SMITH 240608 300  052000-052500   00     226.95  992.6    194.93    -0.56    -0.43
Fort-SMITH 240608 300  052500-053000   00     227.81  992.5    195.61    -0.21    -0.07
Fort-SMITH 240608 300  053000-053500   00     229.60  992.5    197.14     0.57     0.71
Fort-SMITH 240608 300  053500-054000   00     226.83  992.6    194.81    -0.62    -0.48
Fort-SMITH 240608 300  054000-054500   00     229.41  992.6    197.00     0.50     0.64
Fort-SMITH 240608 300  054500-055000   00     226.41  992.6    194.46    -0.80    -0.65
Fort-SMITH 240608 300  055000-055500   00     226.70  992.6    194.71    -0.67    -0.52
Fort-SMITH 240608 300  055500-060000   00     228.67  992.6    196.42     0.20     0.36
Fort-SMITH 240608 300  060000-060500   00     228.50  992.6    196.27     0.12     0.28
Fort-SMITH 240608 300  060500-061000   00     227.94  992.6    195.82    -0.11     0.06
Fort-SMITH 240608 300  061000-061500   00     223.76  992.6    192.26    -1.92    -1.75
Fort-SMITH 240608 300  061500-062000   00     225.69  992.7    193.98    -1.05    -0.87
Fort-SMITH 240608 300  062000-062500   00     227.29  992.7    195.39    -0.33    -0.15
Fort-SMITH 240608 300  062500-063000   00     226.01  992.7    194.27    -0.90    -0.72
Fort-SMITH 240608 300  063000-063500   00     228.00  992.7    195.98    -0.03     0.16
Fort-SMITH 240608 300  063500-064000   00     227.43  992.7    195.51    -0.26    -0.07
Fort-SMITH 240608 300  064000-064500   00     228.45  992.6    196.29     0.13     0.33
Fort-SMITH 240608 300  064500-065000   00     225.67  992.7    193.92    -1.07    -0.88
Fort-SMITH 240608 300  065000-065500   00     228.25  992.7    196.20     0.09     0.29
Fort-SMITH 240608 300  065500-070000   00     226.68  992.7    194.88    -0.59    -0.38
Fort-SMITH 240608 300  070000-070500   00     225.35  992.8    193.85    -1.11    -0.90
Fort-SMITH 240608 300  070500-071000   00     227.82  992.8    196.03     0.00     0.21
Fort-SMITH 240608 300  071000-071500   00     227.01  992.8    195.32    -0.36    -0.14
Fort-SMITH 240608 300  071500-072000   00     226.74  992.8    195.12    -0.46    -0.24
Fort-SMITH 240608 300  072000-072500   00     227.82  992.9    196.08     0.02     0.25
Fort-SMITH 240608 300  072500-073000   00     226.27  992.9    194.82    -0.61    -0.38
Fort-SMITH 240608 300  073000-073500   00     224.31  993.0    193.24    -1.42    -1.19
Fort-SMITH 240608 300  073500-074000   00     226.79  993.1    195.64    -0.20     0.04
Fort-SMITH 240608 300  074000-074500   00     226.79  993.2    195.71    -0.16     0.08
Fort-SMITH 240608 300  074500-075000   00     227.71  993.2    196.50     0.24     0.49
Fort-SMITH 240608 300  075000-075500   00     225.27  993.2    194.41    -0.82    -0.57
Fort-SMITH 240608 300  075500-080000   00     227.12  993.3    196.09     0.03     0.29
Fort-SMITH 240608 300  080000-080500   00     226.17  993.3    195.34    -0.35    -0.09
Fort-SMITH 240608 300  080500-081000   00     227.17  993.3    196.23     0.10     0.37
Fort-SMITH 240608 300  081000-081500   00     226.72  993.4    195.92    -0.06     0.22
Fort-SMITH 240608 300  081500-082000   00     225.18  993.4    194.65    -0.70    -0.42
Fort-SMITH 240608 300  082000-082500   00     228.08  993.5    197.20     0.60     0.88
Fort-SMITH 240608 300  082500-083000   00     227.81  993.5    196.97     0.48     0.77
Fort-SMITH 240608 300  083000-083500   00     227.21  993.5    196.50     0.24     0.53
Fort-SMITH 240608 300  083500-084000   00     225.47  993.6    195.09    -0.48    -0.18
Fort-SMITH 240608 300  084000-084500   00     225.48  993.6    195.22    -0.41    -0.11
Fort-SMITH 240608 300  084500-085000   00     224.58  993.7    194.49    -0.79    -0.48
Fort-SMITH 240608 300  085000-085500   00     227.05  993.7    196.70     0.34     0.65
Fort-SMITH 240608 300  085500-090000   00     223.95  993.8    194.09    -0.99    -0.67
Fort-SMITH 240608 300  090000-090500   00     223.45  993.8    193.73    -1.17    -0.85
Fort-SMITH 240608 300  090500-091000   00     226.39  993.8    196.30     0.14     0.47
Fort-SMITH 240608 300  091000-091500   00     226.48  993.9    196.41     0.19     0.53
Fort-SMITH 240608 300  091500-092000   00     224.07  993.9    194.37    -0.84    -0.50
Fort-SMITH 240608 300  092000-092500   00     224.36  993.9    194.66    -0.70    -0.35
Fort-SMITH 240608 300  092500-093000   00     223.21  994.0    193.75    -1.16    -0.81
Fort-SMITH 240608 300  093000-093500   00     224.91  994.0    195.25    -0.40    -0.04
Fort-SMITH 240608 300  093500-094000   00     225.15  994.1    195.53    -0.25     0.11
Fort-SMITH 240608 300  094000-094500   00     222.62  994.1    193.37    -1.36    -0.99
Fort-SMITH 240608 300  094500-095000   00     224.29  994.1    194.91    -0.57    -0.20
Fort-SMITH 240608 300  095000-095500   00     225.68  994.2    196.24     0.11     0.49
Fort-SMITH 240608 300  095500-100000   00     225.06  994.3    195.87    -0.08     0.30
Fort-SMITH 240608 300  100000-100500   00     222.65  994.4    193.93    -1.07    -0.68
Fort-SMITH 240608 300  100500-101000   00     224.33  994.5    195.50    -0.27     0.13
Fort-SMITH 240608 300  101000-101500   00     221.60  994.5    193.14    -1.48    -1.08
Fort-SMITH 240608 300  101500-102000   00     223.08  994.6    194.48    -0.79    -0.38
Fort-SMITH 240608 300  102000-102500   00     223.29  994.6    194.74    -0.66    -0.25
Fort-SMITH 240608 300  102500-103000   00     225.04  994.6    196.26     0.12     0.53
Fort-SMITH 240608 300  103000-103500   00     222.79  994.6    194.27    -0.90    -0.48
Fort-SMITH 240608 300  103500-104000   00     223.30  994.7    194.86    -0.59    -0.17
Fort-SMITH 240608 300  104000-104500   00     221.96  994.7    193.70    -1.19    -0.76
Fort-SMITH 240608 300  104500-105000   00     221.61  994.8    193.50    -1.29    -0.85
Fort-SMITH 240608 300  105000-105500   00     222.76  994.9    194.62    -0.72    -0.27
Fort-SMITH 240608 300  105500-110000   00     221.69  994.9    193.79    -1.14    -0.69
Fort-SMITH 240608 300  110000-110500   00     221.48  995.0    193.75    -1.16    -0.70
Fort-SMITH 240608 300  110500-111000   00     220.34  995.1    192.88    -1.61    -1.14
Fort-SMITH 240608 300  111000-111500   00     221.25  995.2    193.76    -1.16    -0.69
Fort-SMITH 240608 300  111500-112000   00     221.19  995.3    193.92    -1.08    -0.60
Fort-SMITH 240608 300  112000-112500   00     222.46  995.4    195.17    -0.44    -9999
Fort-SMITH 240608 300  112500-113000   00     222.46  995.5    195.26    -0.39    -9999
Fort-SMITH 240608 300  113000-113500   00     222.85  995.5    195.70    -0.17    -9999
Fort-SMITH 240608 300  113500-114000   00     221.33  995.6    194.46    -0.80    -9999
Fort-SMITH 240608 300  114000-114500   00     220.80  995.7    194.14    -0.96    -9999
Fort-SMITH 240608 300  114500-115000   00     221.43  995.7    194.72    -0.67    -9999
Fort-SMITH 240608 300  115000-115500   00     221.25  995.7    194.54    -0.76    -9999
Fort-SMITH 240608 300  115500-120000   00     221.11  995.8    194.56    -0.75    -9999
Fort-SMITH 240608 3600 120000-130000   00     221.19  996.1    195.07    -0.49    -9999
Fort-SMITH 240608 3600 130000-140000   00     220.73  996.6    195.42    -0.31    -9999
Fort-SMITH 240608 3600 140000-150000   00     219.81  997.1    195.23    -0.41    -9999
Fort-SMITH 240608 3600 150000-160000   00     219.84  997.3    195.58    -0.23    -9999
Fort-SMITH 240608 3600 160000-170000   00     219.09  998.0    196.00    -0.02    -9999
Fort-SMITH 240608 3600 170000-180000   00     218.90  998.5    196.55     0.26    -9999
Fort-SMITH 240608 3600 180000-190000   00     218.80  999.0    197.15     0.57    -9999
Fort-SMITH 240608 3600 190000-200000   00     218.44  999.4    197.38     0.69    -9999
Fort-SMITH 240608 3600 200000-210000   00     217.31  999.8    196.96     0.48    -9999
Fort-SMITH 240608 3600 210000-220000   00     216.81 1000.3    197.29     0.64    -9999
Fort-SMITH 240608 3600 220000-230000   00     217.48 1000.5    198.19     1.10    -9999
Fort-SMITH 240608 3600 230000-240000   00     217.96 1000.5    198.65     1.34    -9999
*
COMMENT DATA SOURCE: NMDB | DOWNLOADED ON 08.12.2024
COMMENT DETRENDING DONE BY IU
COMMENT UNIVERISTY OF OULU: FILE GENERATED FROM DATABASE AND OBTAINED FROM
COMMENT https://gle.oulu.fi at 2025-01-11 16:23:44 +00:00
COMMENT FOR HISTORICAL/ORIGINAL TEXT FILES SEE https://gle.oulu.fi/txtarchive/
COMMENT ORIGINAL AT https://gle.oulu.fi/txtarchive/GLE75/C075FSMT_cor.DAT
COMMENT DETRENDED DATA SHOW -9999 IF EQUAL TO INC% COLUMN 