NEWARK     LATITUDE    39.68     LONGITUDE     -75.75    ALTITUDE    50 M
NEWARK     INSTRUMENT   9NM64    NEUTRON MONITOR
NEWARK     STANDARD PRESSURE    1013    MB     COEFFICIENT   -0.735    % / MB
NEWARK     PRE-INCREASE BASELINE TIME INTERVAL    240608    000000-020000   UT
NEWARK     PRE-INCREASE AVERAGE COUNTING RATE     87.67      COUNTS PER SECOND
NEWARK     TIME INTERVALS    300         3600     
NEWARK     SCALE FACTORS     1           1        
STATION    YYMMDD  SEC   TIME (UT)   CODE    UNCORR. PRESS.    CORR.    % INC.	DETRENDED
                         INTERVAL    TD      C/S     (MB)      C/S
NEWARK     240607 3600 000000-010000   00     100.02  994.9     87.07    -0.68    -9999
NEWARK     240607 3600 010000-020000   00      99.97  995.5     87.41    -0.30    -9999
NEWARK     240607 3600 020000-030000   00      99.59  995.9     87.34    -0.38    -9999
NEWARK     240607 3600 030000-040000   00      98.54  996.5     86.79    -1.00    -9999
NEWARK     240607 3600 040000-050000   00      98.18  996.8     86.66    -1.15    -9999
NEWARK     240607 3600 050000-060000   00      98.60  996.8     87.09    -0.66    -9999
NEWARK     240607 3600 060000-070000   00      98.54  997.0     87.12    -0.63    -9999
NEWARK     240607 3600 070000-080000   00      98.61  996.8     87.05    -0.71    -9999
NEWARK     240607 3600 080000-090000   00      99.48  996.7     87.75     0.09    -9999
NEWARK     240607 3600 090000-100000   00      98.80  997.0     87.34    -0.37    -9999
NEWARK     240607 3600 100000-110000   00      98.55  997.1     87.17    -0.57    -9999
NEWARK     240607 3600 110000-120000   00      98.21  997.4     87.07    -0.68    -9999
NEWARK     240607 3600 120000-130000   00      98.33  997.8     87.43    -0.28    -9999
NEWARK     240607 3600 130000-140000   00      98.04  997.8     87.24    -0.49    -9999
NEWARK     240607 3600 140000-150000   00      98.60  997.9     87.77     0.11    -9999
NEWARK     240607 3600 150000-160000   00      98.37  997.7     87.45    -0.25    -9999
NEWARK     240607 3600 160000-170000   00      98.25  997.6     87.25    -0.47    -9999
NEWARK     240607 3600 170000-180000   00      98.43  997.4     87.29    -0.43    -9999
NEWARK     240607 3600 180000-190000   00      98.48  997.4     87.35    -0.36    -9999
NEWARK     240607 3600 190000-200000   00      98.57  997.6     87.52    -0.17    -9999
NEWARK     240607 3600 200000-210000   00      98.07  997.7     87.17    -0.57    -9999
NEWARK     240607 3600 210000-220000   00      98.06  998.0     87.32    -0.39    -9999
NEWARK     240607 3600 220000-230000   00      97.97  998.6     87.64    -0.03    -9999
NEWARK     240607 3600 230000-240000   00      97.50  999.3     87.67     0.01    -9999
NEWARK     240608 300  000000-000500   00      96.70  999.7     87.24    -0.49    -0.49
NEWARK     240608 300  000500-001000   00      96.79  999.8     87.37    -0.35    -0.35
NEWARK     240608 300  001000-001500   00      97.96  999.9     88.49     0.94     0.94
NEWARK     240608 300  001500-002000   00      97.54 1000.0     88.16     0.56     0.56
NEWARK     240608 300  002000-002500   00      97.68 1000.1     88.34     0.77     0.77
NEWARK     240608 300  002500-003000   00      95.81 1000.2     86.71    -1.09    -1.09
NEWARK     240608 300  003000-003500   00      96.51 1000.3     87.40    -0.31    -0.31
NEWARK     240608 300  003500-004000   00      96.90 1000.3     87.81     0.17     0.17
NEWARK     240608 300  004000-004500   00      96.44 1000.5     87.48    -0.22    -0.22
NEWARK     240608 300  004500-005000   00      96.94 1000.5     87.98     0.35     0.35
NEWARK     240608 300  005000-005500   00      96.64 1000.7     87.79     0.13     0.13
NEWARK     240608 300  005500-010000   00      95.00 1000.7     86.34    -1.52    -1.52
NEWARK     240608 300  010000-010500   00      95.64 1000.9     87.03    -0.72    -0.72
NEWARK     240608 300  010500-011000   00      96.36 1001.1     87.80     0.15     0.15
NEWARK     240608 300  011000-011500   00      95.67 1001.2     87.28    -0.45    -0.45
NEWARK     240608 300  011500-012000   00      97.23 1001.4     88.78     1.27     1.27
NEWARK     240608 300  012000-012500   00      96.37 1001.5     88.06     0.44     0.44
NEWARK     240608 300  012500-013000   00      95.67 1001.6     87.50    -0.20    -0.20
NEWARK     240608 300  013000-013500   00      95.86 1001.7     87.75     0.09     0.09
NEWARK     240608 300  013500-014000   00      95.00 1001.8     87.03    -0.72    -0.72
NEWARK     240608 300  014000-014500   00      96.52 1002.0     88.51     0.95     0.95
NEWARK     240608 300  014500-015000   00      96.38 1002.0     88.43     0.87     0.87
NEWARK     240608 300  015000-015500   00      95.03 1002.2     87.28    -0.45    -0.45
NEWARK     240608 300  015500-020000   00      95.30 1002.2     87.52    -0.17    -0.17
NEWARK     240608 300  020000-020500   00      96.54 1002.2     88.70     1.18     1.18
NEWARK     240608 300  020500-021000   00      95.54 1002.2     87.80     0.15     0.15
NEWARK     240608 300  021000-021500   00      94.58 1002.2     86.91    -0.86    -0.86
NEWARK     240608 300  021500-022000   00      96.34 1002.3     88.59     1.05     1.05
NEWARK     240608 300  022000-022500   00      94.28 1002.4     86.74    -1.06    -1.06
NEWARK     240608 300  022500-023000   00      96.16 1002.5     88.55     1.00     1.00
NEWARK     240608 300  023000-023500   00      95.96 1002.7     88.45     0.89     0.89
NEWARK     240608 300  023500-024000   00      94.67 1002.7     87.27    -0.45    -0.45
NEWARK     240608 300  024000-024500   00      95.68 1002.7     88.22     0.63     0.63
NEWARK     240608 300  024500-025000   00      95.01 1002.7     87.63    -0.04    -0.04
NEWARK     240608 300  025000-025500   00      94.78 1002.8     87.48    -0.22    -0.22
NEWARK     240608 300  025500-030000   00      95.27 1002.8     88.02     0.40     0.40
NEWARK     240608 300  030000-030500   00      94.85 1002.9     87.56    -0.12    -0.12
NEWARK     240608 300  030500-031000   00      96.16 1002.9     88.80     1.29     1.29
NEWARK     240608 300  031000-031500   00      95.67 1002.9     88.34     0.77     0.77
NEWARK     240608 300  031500-032000   00      94.64 1002.9     87.40    -0.30    -0.30
NEWARK     240608 300  032000-032500   00      96.53 1002.9     89.13     1.67     1.67
NEWARK     240608 300  032500-033000   00      95.88 1003.0     88.57     1.02     1.02
NEWARK     240608 300  033000-033500   00      93.95 1003.0     86.79    -1.00    -1.00
NEWARK     240608 300  033500-034000   00      95.58 1003.0     88.31     0.73     0.73
NEWARK     240608 300  034000-034500   00      94.69 1003.0     87.51    -0.18    -0.18
NEWARK     240608 300  034500-035000   00      95.07 1003.1     87.89     0.25     0.25
NEWARK     240608 300  035000-035500   00      94.85 1003.1     87.70     0.04     0.04
NEWARK     240608 300  035500-040000   00      93.98 1003.0     86.86    -0.93    -0.93
NEWARK     240608 300  040000-040500   00      96.97 1002.9     89.57     2.16     2.16
NEWARK     240608 300  040500-041000   00      94.19 1002.9     87.00    -0.77    -0.77
NEWARK     240608 300  041000-041500   00      94.51 1002.8     87.23    -0.50    -0.50
NEWARK     240608 300  041500-042000   00      96.05 1002.8     88.63     1.10     1.10
NEWARK     240608 300  042000-042500   00      93.46 1002.8     86.22    -1.65    -1.65
NEWARK     240608 300  042500-043000   00      94.81 1002.8     87.51    -0.18    -0.18
NEWARK     240608 300  043000-043500   00      95.12 1002.8     87.77     0.11     0.11
NEWARK     240608 300  043500-044000   00      94.53 1002.7     87.18    -0.55    -0.55
NEWARK     240608 300  044000-044500   00      95.56 1002.7     88.12     0.51     0.51
NEWARK     240608 300  044500-045000   00      96.14 1002.7     88.66     1.13     1.13
NEWARK     240608 300  045000-045500   00      94.56 1002.7     87.19    -0.54    -0.54
NEWARK     240608 300  045500-050000   00      96.24 1002.7     88.72     1.20     1.20
NEWARK     240608 300  050000-050500   00      94.27 1002.6     86.89    -0.89    -0.89
NEWARK     240608 300  050500-051000   00      93.99 1002.7     86.64    -1.18    -1.18
NEWARK     240608 300  051000-051500   00      94.98 1002.6     87.54    -0.15    -0.15
NEWARK     240608 300  051500-052000   00      95.21 1002.6     87.72     0.06     0.06
NEWARK     240608 300  052000-052500   00      96.05 1002.6     88.49     0.93     0.93
NEWARK     240608 300  052500-053000   00      94.99 1002.6     87.51    -0.18    -0.18
NEWARK     240608 300  053000-053500   00      96.11 1002.6     88.55     1.00     1.00
NEWARK     240608 300  053500-054000   00      95.32 1002.6     87.84     0.19     0.19
NEWARK     240608 300  054000-054500   00      95.03 1002.6     87.57    -0.11    -0.11
NEWARK     240608 300  054500-055000   00      94.16 1002.5     86.72    -1.08    -1.08
NEWARK     240608 300  055000-055500   00      94.75 1002.5     87.26    -0.47    -0.47
NEWARK     240608 300  055500-060000   00      95.50 1002.5     87.94     0.31     0.31
NEWARK     240608 300  060000-060500   00      94.84 1002.5     87.35    -0.37    -0.37
NEWARK     240608 300  060500-061000   00      95.34 1002.6     87.83     0.18     0.18
NEWARK     240608 300  061000-061500   00      95.19 1002.6     87.67     0.00     0.00
NEWARK     240608 300  061500-062000   00      93.73 1002.6     86.33    -1.53    -1.53
NEWARK     240608 300  062000-062500   00      94.78 1002.5     87.29    -0.43    -0.43
NEWARK     240608 300  062500-063000   00      95.66 1002.5     88.08     0.47     0.47
NEWARK     240608 300  063000-063500   00      94.62 1002.5     87.09    -0.66    -0.66
NEWARK     240608 300  063500-064000   00      95.88 1002.4     88.22     0.63     0.63
NEWARK     240608 300  064000-064500   00      95.76 1002.4     88.10     0.49     0.49
NEWARK     240608 300  064500-065000   00      94.26 1002.4     86.74    -1.06    -1.06
NEWARK     240608 300  065000-065500   00      93.43 1002.4     85.98    -1.93    -1.93
NEWARK     240608 300  065500-070000   00      94.80 1002.4     87.23    -0.50    -0.50
NEWARK     240608 300  070000-070500   00      95.07 1002.4     87.48    -0.22    -0.22
NEWARK     240608 300  070500-071000   00      95.79 1002.4     88.10     0.49     0.49
NEWARK     240608 300  071000-071500   00      93.72 1002.3     86.14    -1.75    -1.75
NEWARK     240608 300  071500-072000   00      96.90 1002.3     89.06     1.59     1.59
NEWARK     240608 300  072000-072500   00      95.24 1002.2     87.51    -0.18    -0.18
NEWARK     240608 300  072500-073000   00      96.59 1002.2     88.76     1.25     1.25
NEWARK     240608 300  073000-073500   00      95.11 1002.2     87.40    -0.31    -0.31
NEWARK     240608 300  073500-074000   00      95.39 1002.2     87.66    -0.01    -0.01
NEWARK     240608 300  074000-074500   00      96.89 1002.2     89.01     1.53     1.53
NEWARK     240608 300  074500-075000   00      94.46 1002.2     86.77    -1.02    -1.02
NEWARK     240608 300  075000-075500   00      96.01 1002.2     88.17     0.57     0.57
NEWARK     240608 300  075500-080000   00      95.13 1002.1     87.34    -0.38    -0.38
NEWARK     240608 300  080000-080500   00      95.58 1002.1     87.75     0.09     0.09
NEWARK     240608 300  080500-081000   00      95.73 1002.1     87.87     0.23     0.23
NEWARK     240608 300  081000-081500   00      96.40 1002.1     88.49     0.94     0.94
NEWARK     240608 300  081500-082000   00      96.51 1002.1     88.61     1.07     1.07
NEWARK     240608 300  082000-082500   00      95.36 1002.2     87.58    -0.10    -0.10
NEWARK     240608 300  082500-083000   00      95.66 1002.2     87.89     0.25     0.25
NEWARK     240608 300  083000-083500   00      95.90 1002.2     88.13     0.53     0.53
NEWARK     240608 300  083500-084000   00      96.09 1002.3     88.35     0.77     0.77
NEWARK     240608 300  084000-084500   00      95.42 1002.3     87.71     0.05     0.05
NEWARK     240608 300  084500-085000   00      95.35 1002.3     87.67     0.00     0.00
NEWARK     240608 300  085000-085500   00      94.81 1002.3     87.17    -0.57    -0.57
NEWARK     240608 300  085500-090000   00      95.71 1002.3     88.00     0.38     0.38
NEWARK     240608 300  090000-090500   00      97.29 1002.3     89.46     2.05     2.05
NEWARK     240608 300  090500-091000   00      95.66 1002.3     87.98     0.35     0.35
NEWARK     240608 300  091000-091500   00      94.29 1002.4     86.76    -1.04    -1.04
NEWARK     240608 300  091500-092000   00      96.01 1002.4     88.34     0.77     0.77
NEWARK     240608 300  092000-092500   00      95.73 1002.4     88.08     0.47     0.47
NEWARK     240608 300  092500-093000   00      96.03 1002.5     88.40     0.84     0.84
NEWARK     240608 300  093000-093500   00      94.05 1002.5     86.60    -1.22    -1.22
NEWARK     240608 300  093500-094000   00      95.38 1002.6     87.89     0.25     0.25
NEWARK     240608 300  094000-094500   00      96.14 1002.7     88.65     1.12     1.12
NEWARK     240608 300  094500-095000   00      94.08 1002.8     86.79    -1.00    -1.00
NEWARK     240608 300  095000-095500   00      96.42 1002.8     88.99     1.51     1.51
NEWARK     240608 300  095500-100000   00      95.21 1002.8     87.86     0.22     0.22
NEWARK     240608 300  100000-100500   00      94.89 1002.8     87.55    -0.14    -0.14
NEWARK     240608 300  100500-101000   00      95.39 1002.7     87.99     0.36     0.36
NEWARK     240608 300  101000-101500   00      93.95 1002.8     86.67    -1.14    -1.14
NEWARK     240608 300  101500-102000   00      94.06 1002.9     86.84    -0.95    -0.95
NEWARK     240608 300  102000-102500   00      93.91 1002.9     86.75    -1.05    -1.05
NEWARK     240608 300  102500-103000   00      94.21 1002.9     87.03    -0.73    -0.73
NEWARK     240608 300  103000-103500   00      94.57 1003.1     87.44    -0.26    -0.26
NEWARK     240608 300  103500-104000   00      94.92 1003.2     87.86     0.22     0.22
NEWARK     240608 300  104000-104500   00      94.24 1003.3     87.26    -0.46    -0.46
NEWARK     240608 300  104500-105000   00      96.16 1003.4     89.11     1.64     1.64
NEWARK     240608 300  105000-105500   00      95.41 1003.5     88.47     0.91     0.91
NEWARK     240608 300  105500-110000   00      94.89 1003.5     88.00     0.37     0.37
NEWARK     240608 300  110000-110500   00      94.91 1003.5     88.06     0.44     0.44
NEWARK     240608 300  110500-111000   00      94.19 1003.6     87.42    -0.29    -0.29
NEWARK     240608 300  111000-111500   00      95.92 1003.6     89.05     1.58     1.58
NEWARK     240608 300  111500-112000   00      92.64 1003.6     86.02    -1.88    -1.88
NEWARK     240608 300  112000-112500   00      94.78 1003.7     88.05     0.43    -9999
NEWARK     240608 300  112500-113000   00      94.26 1003.8     87.60    -0.08    -9999
NEWARK     240608 300  113000-113500   00      93.67 1003.8     87.09    -0.66    -9999
NEWARK     240608 300  113500-114000   00      94.59 1003.8     87.96     0.33    -9999
NEWARK     240608 300  114000-114500   00      95.06 1003.9     88.45     0.89    -9999
NEWARK     240608 300  114500-115000   00      93.66 1004.0     87.17    -0.57    -9999
NEWARK     240608 300  115000-115500   00      95.03 1004.0     88.46     0.90    -9999
NEWARK     240608 300  115500-120000   00      93.70 1004.1     87.27    -0.45    -9999
NEWARK     240608 3600 120000-130000   00      94.30 1004.2     87.94     0.30    -9999
NEWARK     240608 3600 130000-140000   00      94.08 1004.5     87.90     0.27    -9999
NEWARK     240608 3600 140000-150000   00      93.98 1004.6     87.84     0.19    -9999
NEWARK     240608 3600 150000-160000   00      94.12 1004.5     87.91     0.27    -9999
NEWARK     240608 3600 160000-170000   00      94.24 1004.5     88.01     0.39    -9999
NEWARK     240608 3600 170000-180000   00      94.32 1004.3     87.96     0.33    -9999
NEWARK     240608 3600 180000-190000   00      94.56 1004.2     88.14     0.54    -9999
NEWARK     240608 3600 190000-200000   00      95.02 1003.7     88.28     0.69    -9999
NEWARK     240608 3600 200000-210000   00      94.52 1003.7     87.75     0.10    -9999
NEWARK     240608 3600 210000-220000   00      95.08 1003.6     88.24     0.65    -9999
NEWARK     240608 3600 220000-230000   00      95.02 1003.6     88.17     0.58    -9999
NEWARK     240608 3600 230000-240000   00      94.88 1003.4     87.92     0.29    -9999
*
COMMENT DATA SOURCE: NMDB | DOWNLOADED ON 08.12.2024
COMMENT DETRENDING DONE BY IU
COMMENT UNIVERISTY OF OULU: FILE GENERATED FROM DATABASE AND OBTAINED FROM
COMMENT https://gle.oulu.fi at 2025-01-11 16:23:44 +00:00
COMMENT FOR HISTORICAL/ORIGINAL TEXT FILES SEE https://gle.oulu.fi/txtarchive/
COMMENT ORIGINAL AT https://gle.oulu.fi/txtarchive/GLE75/C075NEWK_cor.DAT
COMMENT DETRENDED DATA SHOW -9999 IF EQUAL TO INC% COLUMN 