THULE      LATITUDE    76.6      LONGITUDE     -68.8     ALTITUDE    260 M
THULE      INSTRUMENT   9NM64    NEUTRON MONITOR     	
THULE      STANDARD PRESSURE    1005    MB     COEFFICIENT   -0.742    % / MB
THULE      PRE-INCREASE BASELINE TIME INTERVAL    240608    000000-020000   UT
THULE      PRE-INCREASE AVERAGE COUNTING RATE    112.22      COUNTS PER SECOND
THULE      TIME INTERVALS    300         3600     
THULE      SCALE FACTORS     1           1        
STATION    YYMMDD  SEC   TIME (UT)   CODE    UNCORR. PRESS.    CORR.    % INC.	DETRENDED
                         INTERVAL    TD      C/S     (MB)      C/S
THULE      240607 3600 000000-010000   00     110.05 1007.5    112.23     0.01    -9999
THULE      240607 3600 010000-020000   00     110.18 1007.0    111.92    -0.27    -9999
THULE      240607 3600 020000-030000   00     110.33 1006.4    111.55    -0.60    -9999
THULE      240607 3600 030000-040000   00     111.17 1005.9    112.02    -0.18    -9999
THULE      240607 3600 040000-050000   00     111.60 1005.4    111.99    -0.21    -9999
THULE      240607 3600 050000-060000   00     111.58 1004.9    111.61    -0.55    -9999
THULE      240607 3600 060000-070000   00     112.33 1004.8    112.24     0.02    -9999
THULE      240607 3600 070000-080000   00     111.88 1005.1    112.03    -0.17    -9999
THULE      240607 3600 080000-090000   00     111.68 1005.2    111.92    -0.27    -9999
THULE      240607 3600 090000-100000   00     111.26 1005.4    111.67    -0.49    -9999
THULE      240607 3600 100000-110000   00     111.32 1005.6    111.92    -0.27    -9999
THULE      240607 3600 110000-120000   00     111.92 1005.9    112.76     0.48    -9999
THULE      240607 3600 120000-130000   00     111.54 1006.3    112.67     0.40    -9999
THULE      240607 3600 130000-140000   00     110.76 1006.5    112.11    -0.10    -9999
THULE      240607 3600 140000-150000   00     110.74 1006.8    112.35     0.11    -9999
THULE      240607 3600 150000-160000   00     109.93 1007.3    111.92    -0.27    -9999
THULE      240607 3600 160000-170000   00     109.72 1007.6    111.97    -0.23    -9999
THULE      240607 3600 170000-180000   00     109.72 1008.0    112.31     0.08    -9999
THULE      240607 3600 180000-190000   00     109.16 1008.5    112.15    -0.07    -9999
THULE      240607 3600 190000-200000   00     108.38 1009.2    111.93    -0.26    -9999
THULE      240607 3600 200000-210000   00     108.33 1009.7    112.27     0.05    -9999
THULE      240607 3600 210000-220000   00     107.62 1010.1    111.89    -0.30    -9999
THULE      240607 3600 220000-230000   00     107.55 1010.4    112.06    -0.14    -9999
THULE      240607 3600 230000-240000   00     107.40 1010.8    112.19    -0.03    -9999
THULE      240608 300  000000-000500   00     107.60 1010.9    112.53     0.27     0.29
THULE      240608 300  000500-001000   00     108.09 1010.9    113.05     0.74     0.75
THULE      240608 300  001000-001500   00     107.43 1011.0    112.38     0.14     0.15
THULE      240608 300  001500-002000   00     107.13 1010.9    112.05    -0.16    -0.15
THULE      240608 300  002000-002500   00     107.45 1011.0    112.41     0.17     0.18
THULE      240608 300  002500-003000   00     108.36 1011.0    113.37     1.02     1.03
THULE      240608 300  003000-003500   00     107.78 1011.0    112.75     0.47     0.48
THULE      240608 300  003500-004000   00     107.03 1011.0    111.98    -0.21    -0.21
THULE      240608 300  004000-004500   00     106.92 1011.0    111.91    -0.28    -0.28
THULE      240608 300  004500-005000   00     106.88 1011.1    111.89    -0.29    -0.29
THULE      240608 300  005000-005500   00     105.84 1011.1    110.84    -1.23    -1.23
THULE      240608 300  005500-010000   00     106.74 1011.1    111.79    -0.38    -0.39
THULE      240608 300  010000-010500   00     107.67 1011.1    112.76     0.48     0.47
THULE      240608 300  010500-011000   00     107.12 1011.1    112.15    -0.07    -0.07
THULE      240608 300  011000-011500   00     106.95 1011.0    111.93    -0.26    -0.26
THULE      240608 300  011500-012000   00     108.66 1011.1    113.75     1.36     1.35
THULE      240608 300  012000-012500   00     106.42 1011.1    111.43    -0.71    -0.72
THULE      240608 300  012500-013000   00     108.32 1011.1    113.44     1.09     1.08
THULE      240608 300  013000-013500   00     106.71 1011.2    111.80    -0.38    -0.39
THULE      240608 300  013500-014000   00     106.21 1011.2    111.29    -0.84    -0.84
THULE      240608 300  014000-014500   00     107.27 1011.2    112.42     0.17     0.16
THULE      240608 300  014500-015000   00     105.38 1011.2    110.44    -1.59    -1.59
THULE      240608 300  015000-015500   00     106.90 1011.2    112.03    -0.17    -0.18
THULE      240608 300  015500-020000   00     107.78 1011.2    112.96     0.66     0.65
THULE      240608 300  020000-020500   00     107.01 1011.2    112.11    -0.10    -0.11
THULE      240608 300  020500-021000   00     108.18 1011.1    113.30     0.96     0.95
THULE      240608 300  021000-021500   00     107.41 1011.1    112.51     0.26     0.25
THULE      240608 300  021500-022000   00     108.15 1011.2    113.31     0.97     0.96
THULE      240608 300  022000-022500   00     107.14 1011.2    112.24     0.01     0.00
THULE      240608 300  022500-023000   00     107.88 1011.2    113.05     0.74     0.73
THULE      240608 300  023000-023500   00     108.49 1011.2    113.73     1.35     1.34
THULE      240608 300  023500-024000   00     107.59 1011.2    112.79     0.50     0.50
THULE      240608 300  024000-024500   00     108.04 1011.2    113.25     0.91     0.91
THULE      240608 300  024500-025000   00     107.62 1011.3    112.82     0.53     0.53
THULE      240608 300  025000-025500   00     107.16 1011.2    112.34     0.10     0.10
THULE      240608 300  025500-030000   00     107.68 1011.2    112.89     0.59     0.59
THULE      240608 300  030000-030500   00     106.41 1011.3    111.61    -0.55    -0.55
THULE      240608 300  030500-031000   00     106.50 1011.3    111.71    -0.45    -0.45
THULE      240608 300  031000-031500   00     107.29 1011.3    112.53     0.27     0.27
THULE      240608 300  031500-032000   00     107.69 1011.3    112.94     0.64     0.64
THULE      240608 300  032000-032500   00     107.38 1011.3    112.60     0.34     0.34
THULE      240608 300  032500-033000   00     108.37 1011.3    113.61     1.24     1.24
THULE      240608 300  033000-033500   00     108.30 1011.3    113.53     1.17     1.17
THULE      240608 300  033500-034000   00     107.69 1011.2    112.87     0.58     0.59
THULE      240608 300  034000-034500   00     106.99 1011.2    112.13    -0.09    -0.07
THULE      240608 300  034500-035000   00     106.98 1011.2    112.12    -0.09    -0.08
THULE      240608 300  035000-035500   00     107.36 1011.3    112.58     0.32     0.33
THULE      240608 300  035500-040000   00     106.63 1011.3    111.82    -0.36    -0.34
THULE      240608 300  040000-040500   00     107.84 1011.3    113.10     0.78     0.80
THULE      240608 300  040500-041000   00     107.00 1011.3    112.23     0.01     0.03
THULE      240608 300  041000-041500   00     106.64 1011.3    111.83    -0.35    -0.33
THULE      240608 300  041500-042000   00     105.24 1011.3    110.39    -1.64    -1.61
THULE      240608 300  042000-042500   00     105.92 1011.4    111.14    -0.97    -0.93
THULE      240608 300  042500-043000   00     107.69 1011.4    113.03     0.72     0.76
THULE      240608 300  043000-043500   00     107.19 1011.4    112.46     0.21     0.25
THULE      240608 300  043500-044000   00     108.36 1011.3    113.68     1.30     1.34
THULE      240608 300  044000-044500   00     106.69 1011.3    111.93    -0.26    -0.22
THULE      240608 300  044500-045000   00     106.73 1011.3    111.90    -0.29    -0.24
THULE      240608 300  045000-045500   00     107.09 1011.2    112.26     0.03     0.09
THULE      240608 300  045500-050000   00     107.63 1011.3    112.85     0.56     0.62
THULE      240608 300  050000-050500   00     107.35 1011.3    112.58     0.31     0.37
THULE      240608 300  050500-051000   00     107.13 1011.3    112.33     0.09     0.15
THULE      240608 300  051000-051500   00     106.94 1011.3    112.14    -0.07    -0.01
THULE      240608 300  051500-052000   00     107.74 1011.3    113.00     0.69     0.76
THULE      240608 300  052000-052500   00     106.70 1011.3    111.90    -0.28    -0.21
THULE      240608 300  052500-053000   00     107.11 1011.4    112.37     0.13     0.21
THULE      240608 300  053000-053500   00     106.23 1011.4    111.46    -0.68    -0.60
THULE      240608 300  053500-054000   00     105.66 1011.4    110.85    -1.22    -1.13
THULE      240608 300  054000-054500   00     107.15 1011.4    112.43     0.18     0.28
THULE      240608 300  054500-055000   00     106.54 1011.4    111.79    -0.39    -0.29
THULE      240608 300  055000-055500   00     106.71 1011.4    111.96    -0.23    -0.13
THULE      240608 300  055500-060000   00     107.00 1011.4    112.26     0.03     0.13
THULE      240608 300  060000-060500   00     107.71 1011.4    113.03     0.72     0.83
THULE      240608 300  060500-061000   00     107.66 1011.4    112.98     0.67     0.79
THULE      240608 300  061000-061500   00     106.46 1011.4    111.75    -0.42    -0.30
THULE      240608 300  061500-062000   00     105.27 1011.5    110.53    -1.51    -1.38
THULE      240608 300  062000-062500   00     106.74 1011.5    112.09    -0.12     0.02
THULE      240608 300  062500-063000   00     107.85 1011.4    113.22     0.89     1.03
THULE      240608 300  063000-063500   00     106.23 1011.4    111.51    -0.64    -0.49
THULE      240608 300  063500-064000   00     106.25 1011.5    111.56    -0.59    -0.45
THULE      240608 300  064000-064500   00     106.72 1011.4    112.04    -0.16    -0.01
THULE      240608 300  064500-065000   00     106.38 1011.5    111.69    -0.48    -0.32
THULE      240608 300  065000-065500   00     106.84 1011.4    112.17    -0.05     0.12
THULE      240608 300  065500-070000   00     107.96 1011.4    113.30     0.96     1.13
THULE      240608 300  070000-070500   00     105.68 1011.4    110.90    -1.18    -1.00
THULE      240608 300  070500-071000   00     107.25 1011.4    112.56     0.30     0.48
THULE      240608 300  071000-071500   00     106.94 1011.4    112.25     0.03     0.22
THULE      240608 300  071500-072000   00     106.88 1011.5    112.21    -0.01     0.18
THULE      240608 300  072000-072500   00     105.91 1011.4    111.18    -0.93    -0.72
THULE      240608 300  072500-073000   00     106.97 1011.4    112.31     0.08     0.28
THULE      240608 300  073000-073500   00     107.02 1011.5    112.44     0.20     0.41
THULE      240608 300  073500-074000   00     105.32 1011.6    110.67    -1.39    -1.17
THULE      240608 300  074000-074500   00     106.09 1011.6    111.47    -0.67    -0.44
THULE      240608 300  074500-075000   00     107.14 1011.5    112.56     0.30     0.54
THULE      240608 300  075000-075500   00     107.05 1011.6    112.48     0.23     0.47
THULE      240608 300  075500-080000   00     106.88 1011.6    112.30     0.06     0.31
THULE      240608 300  080000-080500   00     106.58 1011.6    112.00    -0.20     0.05
THULE      240608 300  080500-081000   00     106.01 1011.6    111.42    -0.72    -0.46
THULE      240608 300  081000-081500   00     106.84 1011.6    112.31     0.08     0.35
THULE      240608 300  081500-082000   00     106.64 1011.6    112.13    -0.08     0.20
THULE      240608 300  082000-082500   00     106.90 1011.6    112.39     0.15     0.44
THULE      240608 300  082500-083000   00     106.31 1011.6    111.77    -0.40    -0.11
THULE      240608 300  083000-083500   00     106.37 1011.6    111.84    -0.34    -0.04
THULE      240608 300  083500-084000   00     107.02 1011.6    112.48     0.23     0.54
THULE      240608 300  084000-084500   00     106.31 1011.6    111.76    -0.41    -0.09
THULE      240608 300  084500-085000   00     105.82 1011.7    111.31    -0.81    -0.48
THULE      240608 300  085000-085500   00     106.58 1011.8    112.18    -0.04     0.29
THULE      240608 300  085500-090000   00     105.34 1011.7    110.84    -1.23    -0.89
THULE      240608 300  090000-090500   00     105.30 1011.8    110.81    -1.26    -0.91
THULE      240608 300  090500-091000   00     105.51 1011.8    111.04    -1.05    -0.69
THULE      240608 300  091000-091500   00     105.69 1011.8    111.26    -0.86    -0.49
THULE      240608 300  091500-092000   00     106.19 1011.9    111.81    -0.37     0.01
THULE      240608 300  092000-092500   00     106.48 1011.9    112.19    -0.03     0.36
THULE      240608 300  092500-093000   00     106.28 1011.9    111.96    -0.24     0.16
THULE      240608 300  093000-093500   00     106.43 1011.9    112.10    -0.11     0.29
THULE      240608 300  093500-094000   00     106.38 1011.9    112.07    -0.14     0.27
THULE      240608 300  094000-094500   00     106.39 1011.9    112.10    -0.11     0.31
THULE      240608 300  094500-095000   00     106.40 1012.0    112.19    -0.03     0.40
THULE      240608 300  095000-095500   00     107.16 1012.0    112.98     0.68     1.12
THULE      240608 300  095500-100000   00     105.02 1012.0    110.73    -1.33    -0.88
THULE      240608 300  100000-100500   00     107.86 1012.0    113.74     1.35     1.81
THULE      240608 300  100500-101000   00     106.40 1012.1    112.22    -0.01     0.46
THULE      240608 300  101000-101500   00     106.81 1012.0    112.63     0.36     0.84
THULE      240608 300  101500-102000   00     106.71 1012.0    112.50     0.25     0.74
THULE      240608 300  102000-102500   00     106.94 1012.0    112.74     0.46     0.96
THULE      240608 300  102500-103000   00     106.56 1011.9    112.27     0.04     0.55
THULE      240608 300  103000-103500   00     105.81 1011.9    111.43    -0.71    -0.19
THULE      240608 300  103500-104000   00     105.83 1011.8    111.41    -0.72    -0.19
THULE      240608 300  104000-104500   00     106.29 1011.8    111.89    -0.30     0.24
THULE      240608 300  104500-105000   00     106.10 1011.8    111.68    -0.49     0.06
THULE      240608 300  105000-105500   00     106.71 1011.8    112.32     0.09     0.65
THULE      240608 300  105500-110000   00     107.17 1011.8    112.80     0.51     1.09
THULE      240608 300  110000-110500   00     106.69 1011.7    112.23     0.01     0.59
THULE      240608 300  110500-111000   00     107.62 1011.7    113.20     0.87     1.46
THULE      240608 300  111000-111500   00     107.30 1011.7    112.88     0.59     1.19
THULE      240608 300  111500-112000   00     105.96 1011.6    111.41    -0.72    -0.11
THULE      240608 300  112000-112500   00     106.39 1011.6    111.85    -0.33    -9999
THULE      240608 300  112500-113000   00     106.86 1011.6    112.34     0.11    -9999
THULE      240608 300  113000-113500   00     106.93 1011.7    112.43     0.19    -9999
THULE      240608 300  113500-114000   00     107.81 1011.7    113.38     1.03    -9999
THULE      240608 300  114000-114500   00     106.30 1011.6    111.76    -0.41    -9999
THULE      240608 300  114500-115000   00     106.54 1011.6    112.01    -0.19    -9999
THULE      240608 300  115000-115500   00     106.30 1011.6    111.73    -0.44    -9999
THULE      240608 300  115500-120000   00     107.60 1011.6    113.09     0.77    -9999
THULE      240608 3600 120000-130000   00     107.27 1011.4    112.54     0.29    -9999
THULE      240608 3600 130000-140000   00     107.26 1011.1    112.32     0.09    -9999
THULE      240608 3600 140000-150000   00     107.94 1010.7    112.72     0.44    -9999
THULE      240608 3600 150000-160000   00     107.86 1010.3    112.32     0.09    -9999
THULE      240608 3600 160000-170000   00     107.96 1010.0    112.10    -0.11    -9999
THULE      240608 3600 170000-180000   00     108.82 1009.6    112.66     0.39    -9999
THULE      240608 3600 180000-190000   00     109.50 1009.2    113.04     0.73    -9999
THULE      240608 3600 190000-200000   00     109.94 1008.7    113.10     0.78    -9999
THULE      240608 3600 200000-210000   00     110.02 1008.5    112.99     0.69    -9999
THULE      240608 3600 210000-220000   00     110.09 1008.1    112.71     0.43    -9999
THULE      240608 3600 220000-230000   00     110.77 1007.4    112.88     0.59    -9999
THULE      240608 3600 230000-240000   00     110.68 1007.1    112.48     0.23    -9999
*
COMMENT DATA SOURCE: NMDB | DOWNLOADED ON 08.12.2024
COMMENT DETRENDING DONE BY IU
COMMENT UNIVERISTY OF OULU: FILE GENERATED FROM DATABASE AND OBTAINED FROM
COMMENT https://gle.oulu.fi at 2025-01-11 16:23:44 +00:00
COMMENT FOR HISTORICAL/ORIGINAL TEXT FILES SEE https://gle.oulu.fi/txtarchive/
COMMENT ORIGINAL AT https://gle.oulu.fi/txtarchive/GLE75/C075THUL_cor.DAT
COMMENT DETRENDED DATA SHOW -9999 IF EQUAL TO INC% COLUMN 