LOMNICKY   LATITUDE    49.2      LONGITUDE     20.22     ALTITUDE    2634 M
LOMNICKY   INSTRUMENT   8-NM-64  NEUTRON MONITOR	
LOMNICKY   STANDARD PRESSURE    747     MB     COEFFICIENT   -0.72     % / MB
LOMNICKY   PRE-INCREASE BASELINE TIME INTERVAL    240510    233000-013000   UT
LOMNICKY   PRE-INCREASE AVERAGE COUNTING RATE    383.91      COUNTS PER SECOND
LOMNICKY   TIME INTERVALS    300         3600     
LOMNICKY   SCALE FACTORS     1           1        
STATION    YYMMDD  SEC   TIME (UT)   CODE    UNCORR. PRESS.    CORR.    % INC.	DETRENDED
                         INTERVAL    TD      C/S     (MB)      C/S
LOMNICKY   240510 3600 000000-010000   00     396.12  742.2    422.21     9.98    -9999
LOMNICKY   240510 3600 010000-020000   00     397.31  741.8    422.38    10.02    -9999
LOMNICKY   240510 3600 020000-030000   00     398.81  741.5    422.98    10.18    -9999
LOMNICKY   240510 3600 030000-040000   00     398.42  741.5    422.59    10.08    -9999
LOMNICKY   240510 3600 040000-050000   00     399.54  741.7    424.21    10.50    -9999
LOMNICKY   240510 3600 050000-060000   00     397.84  741.9    423.06    10.20    -9999
LOMNICKY   240510 3600 060000-070000   00     396.86  742.0    422.40    10.03    -9999
LOMNICKY   240510 3600 070000-080000   00     397.23  742.2    423.39    10.28    -9999
LOMNICKY   240510 3600 080000-090000   00     400.36  742.6    427.86    11.45    -9999
LOMNICKY   240510 3600 090000-100000   00     401.23  742.7    429.02    11.75    -9999
LOMNICKY   240510 3600 100000-110000   00     400.90  742.8    429.15    11.79    -9999
LOMNICKY   240510 3600 110000-120000   00     401.24  742.9    429.89    11.98    -9999
LOMNICKY   240510 3600 120000-130000   00     400.73  742.9    429.18    11.79    -9999
LOMNICKY   240510 3600 130000-140000   00     400.98  742.7    429.02    11.75    -9999
LOMNICKY   240510 3600 140000-150000   00     399.16  742.6    426.70    11.15    -9999
LOMNICKY   240510 3600 150000-160000   00     400.42  742.4    427.29    11.30    -9999
LOMNICKY   240510 3600 160000-170000   00     399.86  742.2    426.17    11.01    -9999
LOMNICKY   240510 3600 170000-180000   00     398.87  742.1    424.79    10.65    -9999
LOMNICKY   240510 3600 180000-190000   00     404.02  742.2    430.56    12.15    -9999
LOMNICKY   240510 3600 190000-200000   00     400.14  742.4    427.05    11.24    -9999
LOMNICKY   240510 3600 200000-210000   00     398.14  742.4    424.88    10.67    -9999
LOMNICKY   240510 300  210000-210500   00     397.09  742.4    423.84    10.40    -9999
LOMNICKY   240510 300  210500-211000   00     395.90  742.4    422.62    10.08    -9999
LOMNICKY   240510 300  211000-211500   00     394.32  742.4    420.92     9.64    -9999
LOMNICKY   240510 300  211500-212000   00     394.65  742.4    421.27     9.73    -9999
LOMNICKY   240510 300  212000-212500   00     390.99  742.4    417.45     8.74    -9999
LOMNICKY   240510 300  212500-213000   00     386.94  742.4    413.14     7.61    -9999
LOMNICKY   240510 300  213000-213500   00     383.62  742.4    409.50     6.67    -9999
LOMNICKY   240510 300  213500-214000   00     378.86  742.4    404.45     5.35    -9999
LOMNICKY   240510 300  214000-214500   00     378.37  742.4    403.94     5.22    -9999
LOMNICKY   240510 300  214500-215000   00     382.17  742.4    407.95     6.26    -9999
LOMNICKY   240510 300  215000-215500   00     382.40  742.4    408.15     6.31    -9999
LOMNICKY   240510 300  215500-220000   00     384.10  742.4    409.96     6.79    -9999
LOMNICKY   240510 300  220000-220500   00     380.39  742.4    405.98     5.75    -9999
LOMNICKY   240510 300  220500-221000   00     376.03  742.4    401.21     4.51    -9999
LOMNICKY   240510 300  221000-221500   00     380.29  742.3    405.71     5.68    -9999
LOMNICKY   240510 300  221500-222000   00     376.88  742.3    401.93     4.70    -9999
LOMNICKY   240510 300  222000-222500   00     372.40  742.3    397.11     3.44    -9999
LOMNICKY   240510 300  222500-223000   00     373.19  742.3    397.95     3.66    -9999
LOMNICKY   240510 300  223000-223500   00     372.35  742.3    397.09     3.43    -9999
LOMNICKY   240510 300  223500-224000   00     369.56  742.3    394.10     2.66    -9999
LOMNICKY   240510 300  224000-224500   00     365.44  742.2    389.55     1.47    -9999
LOMNICKY   240510 300  224500-225000   00     363.26  742.2    387.11     0.83    -9999
LOMNICKY   240510 300  225000-225500   00     360.78  742.1    384.36     0.12    -9999
LOMNICKY   240510 300  225500-230000   00     364.15  742.1    387.91     1.04    -9999
LOMNICKY   240510 300  230000-230500   00     362.79  742.1    386.39     0.65    -9999
LOMNICKY   240510 300  230500-231000   00     361.60  742.1    385.07     0.30    -9999
LOMNICKY   240510 300  231000-231500   00     362.25  742.1    385.72     0.47    -9999
LOMNICKY   240510 300  231500-232000   00     358.55  742.1    381.81    -0.55    -9999
LOMNICKY   240510 300  232000-232500   00     359.31  742.0    382.47    -0.37    -9999
LOMNICKY   240510 300  232500-233000   00     358.86  742.0    381.91    -0.52    -9999
LOMNICKY   240510 300  233000-233500   00     360.36  742.0    383.45    -0.12    -9999
LOMNICKY   240510 300  233500-234000   00     359.59  742.0    382.59    -0.34    -9999
LOMNICKY   240510 300  234000-234500   00     361.66  741.9    384.77     0.22    -9999
LOMNICKY   240510 300  234500-235000   00     358.74  741.9    381.62    -0.60    -9999
LOMNICKY   240510 300  235000-235500   00     359.52  741.9    382.42    -0.39    -9999
LOMNICKY   240510 300  235500-240000   00     359.13  741.9    381.92    -0.52    -9999
LOMNICKY   240511 300  000000-000500   00     358.44  741.9    381.10    -0.73    -9999
LOMNICKY   240511 300  000500-001000   00     357.35  741.8    379.87    -1.05    -9999
LOMNICKY   240511 300  001000-001500   00     355.70  741.8    378.13    -1.51    -9999
LOMNICKY   240511 300  001500-002000   00     360.26  741.8    382.87    -0.27    -9999
LOMNICKY   240511 300  002000-002500   00     358.93  741.8    381.35    -0.67    -9999
LOMNICKY   240511 300  002500-003000   00     361.61  741.7    384.10     0.05    -9999
LOMNICKY   240511 300  003000-003500   00     363.09  741.7    385.59     0.44    -9999
LOMNICKY   240511 300  003500-004000   00     360.01  741.7    382.22    -0.44    -9999
LOMNICKY   240511 300  004000-004500   00     362.44  741.6    384.74     0.22    -9999
LOMNICKY   240511 300  004500-005000   00     363.58  741.6    385.94     0.53    -9999
LOMNICKY   240511 300  005000-005500   00     360.64  741.6    382.71    -0.31    -9999
LOMNICKY   240511 300  005500-010000   00     361.93  741.6    384.00     0.02    -9999
LOMNICKY   240511 300  010000-010500   00     363.15  741.5    385.12     0.31    -9999
LOMNICKY   240511 300  010500-011000   00     366.40  741.5    388.53     1.20    -9999
LOMNICKY   240511 300  011000-011500   00     363.72  741.5    385.60     0.44    -9999
LOMNICKY   240511 300  011500-012000   00     364.72  741.4    386.55     0.69    -9999
LOMNICKY   240511 300  012000-012500   00     366.28  741.4    388.19     1.11    -9999
LOMNICKY   240511 300  012500-013000   00     368.40  741.4    390.44     1.70    -9999
LOMNICKY   240511 300  013000-013500   00     368.22  741.4    390.19     1.64    -9999
LOMNICKY   240511 300  013500-014000   00     366.98  741.3    388.73     1.25    -9999
LOMNICKY   240511 300  014000-014500   00     372.13  741.3    394.20     2.68    -9999
LOMNICKY   240511 300  014500-015000   00     370.52  741.3    392.50     2.24    -9999
LOMNICKY   240511 300  015000-015500   00     369.67  741.3    391.56     1.99    -9999
LOMNICKY   240511 300  015500-020000   00     369.55  741.3    391.36     1.94    -9999
LOMNICKY   240511 300  020000-020500   00     372.90  741.3    394.82     2.84    -9999
LOMNICKY   240511 300  020500-021000   00     377.21  741.3    399.36     4.03    -9999
LOMNICKY   240511 300  021000-021500   00     366.31  741.3    387.80     1.01    -9999
LOMNICKY   240511 300  021500-022000   00     374.71  741.3    396.71     3.33    -9999
LOMNICKY   240511 300  022000-022500   00     372.25  741.3    394.10     2.66    -9999
LOMNICKY   240511 300  022500-023000   00     372.36  741.3    394.25     2.69    -9999
LOMNICKY   240511 300  023000-023500   00     374.64  741.2    396.56     3.29    -9999
LOMNICKY   240511 300  023500-024000   00     377.02  741.2    399.09     3.95    -9999
LOMNICKY   240511 300  024000-024500   00     377.00  741.2    399.03     3.94    -9999
LOMNICKY   240511 300  024500-025000   00     376.02  741.2    397.92     3.65    -9999
LOMNICKY   240511 300  025000-025500   00     379.57  741.2    401.69     4.63    -9999
LOMNICKY   240511 300  025500-030000   00     380.69  741.2    402.92     4.95    -9999
LOMNICKY   240511 300  030000-030500   00     376.96  741.2    399.05     3.94    -9999
LOMNICKY   240511 300  030500-031000   00     377.72  741.3    399.97     4.18    -9999
LOMNICKY   240511 300  031000-031500   00     375.54  741.2    397.55     3.55    -9999
LOMNICKY   240511 300  031500-032000   00     377.40  741.2    399.51     4.06    -9999
LOMNICKY   240511 300  032000-032500   00     377.85  741.2    399.85     4.15    -9999
LOMNICKY   240511 300  032500-033000   00     375.53  741.2    397.32     3.49    -9999
LOMNICKY   240511 300  033000-033500   00     376.25  741.1    397.95     3.66    -9999
LOMNICKY   240511 300  033500-034000   00     373.43  741.1    394.98     2.88    -9999
LOMNICKY   240511 300  034000-034500   00     372.78  741.2    394.42     2.74    -9999
LOMNICKY   240511 300  034500-035000   00     368.80  741.2    390.14     1.62    -9999
LOMNICKY   240511 300  035000-035500   00     373.19  741.2    394.81     2.84    -9999
LOMNICKY   240511 300  035500-040000   00     371.42  741.1    392.87     2.33    -9999
LOMNICKY   240511 300  040000-040500   00     375.68  741.2    397.42     3.52    -9999
LOMNICKY   240511 300  040500-041000   00     376.15  741.2    398.05     3.68    -9999
LOMNICKY   240511 300  041000-041500   00     371.18  741.2    392.77     2.31    -9999
LOMNICKY   240511 300  041500-042000   00     373.94  741.2    395.69     3.07    -9999
LOMNICKY   240511 300  042000-042500   00     372.07  741.2    393.73     2.56    -9999
LOMNICKY   240511 300  042500-043000   00     376.07  741.2    397.94     3.65    -9999
LOMNICKY   240511 300  043000-043500   00     370.80  741.2    392.41     2.21    -9999
LOMNICKY   240511 300  043500-044000   00     374.91  741.2    396.80     3.36    -9999
LOMNICKY   240511 300  044000-044500   00     373.11  741.2    394.86     2.85    -9999
LOMNICKY   240511 300  044500-045000   00     372.95  741.2    394.72     2.82    -9999
LOMNICKY   240511 300  045000-045500   00     373.97  741.2    395.79     3.09    -9999
LOMNICKY   240511 300  045500-050000   00     373.77  741.2    395.60     3.05    -9999
LOMNICKY   240511 300  050000-050500   00     375.62  741.2    397.55     3.55    -9999
LOMNICKY   240511 300  050500-051000   00     370.11  741.2    391.79     2.05    -9999
LOMNICKY   240511 300  051000-051500   00     370.16  741.3    391.92     2.09    -9999
LOMNICKY   240511 300  051500-052000   00     371.87  741.3    393.74     2.56    -9999
LOMNICKY   240511 300  052000-052500   00     369.01  741.3    390.67     1.76    -9999
LOMNICKY   240511 300  052500-053000   00     370.20  741.3    391.97     2.10    -9999
LOMNICKY   240511 300  053000-053500   00     372.18  741.3    394.07     2.65    -9999
LOMNICKY   240511 300  053500-054000   00     371.02  741.3    392.77     2.31    -9999
LOMNICKY   240511 300  054000-054500   00     370.79  741.3    392.54     2.25    -9999
LOMNICKY   240511 300  054500-055000   00     367.70  741.3    389.34     1.42    -9999
LOMNICKY   240511 300  055000-055500   00     369.83  741.3    391.67     2.02    -9999
LOMNICKY   240511 300  055500-060000   00     367.19  741.3    388.95     1.31    -9999
LOMNICKY   240511 300  060000-060500   00     366.05  741.4    387.82     1.02    -9999
LOMNICKY   240511 300  060500-061000   00     366.96  741.4    388.82     1.28    -9999
LOMNICKY   240511 300  061000-061500   00     363.07  741.4    384.81     0.23    -9999
LOMNICKY   240511 300  061500-062000   00     364.92  741.4    386.79     0.75    -9999
LOMNICKY   240511 300  062000-062500   00     363.82  741.5    385.71     0.47    -9999
LOMNICKY   240511 300  062500-063000   00     366.52  741.5    388.65     1.24    -9999
LOMNICKY   240511 300  063000-063500   00     366.76  741.5    388.95     1.31    -9999
LOMNICKY   240511 300  063500-064000   00     365.05  741.5    387.16     0.85    -9999
LOMNICKY   240511 300  064000-064500   00     365.66  741.5    387.77     1.01    -9999
LOMNICKY   240511 300  064500-065000   00     366.40  741.5    388.59     1.22    -9999
LOMNICKY   240511 300  065000-065500   00     367.34  741.5    389.65     1.49    -9999
LOMNICKY   240511 300  065500-070000   00     365.69  741.5    387.87     1.03    -9999
LOMNICKY   240511 300  070000-070500   00     364.88  741.5    387.02     0.81    -9999
LOMNICKY   240511 300  070500-071000   00     366.31  741.6    388.64     1.23    -9999
LOMNICKY   240511 300  071000-071500   00     363.42  741.6    385.70     0.47    -9999
LOMNICKY   240511 300  071500-072000   00     364.71  741.6    387.14     0.84    -9999
LOMNICKY   240511 300  072000-072500   00     363.76  741.7    386.23     0.61    -9999
LOMNICKY   240511 300  072500-073000   00     365.98  741.7    388.59     1.22    -9999
LOMNICKY   240511 300  073000-073500   00     363.88  741.7    386.49     0.67    -9999
LOMNICKY   240511 300  073500-074000   00     365.44  741.7    388.20     1.12    -9999
LOMNICKY   240511 300  074000-074500   00     367.71  741.7    390.55     1.73    -9999
LOMNICKY   240511 300  074500-075000   00     367.13  741.7    390.01     1.59    -9999
LOMNICKY   240511 300  075000-075500   00     369.43  741.7    392.44     2.22    -9999
LOMNICKY   240511 300  075500-080000   00     365.18  741.7    387.96     1.06    -9999
LOMNICKY   240511 300  080000-080500   00     371.12  741.8    394.31     2.71    -9999
LOMNICKY   240511 300  080500-081000   00     368.31  741.8    391.49     1.97    -9999
LOMNICKY   240511 300  081000-081500   00     366.50  741.8    389.40     1.43    -9999
LOMNICKY   240511 300  081500-082000   00     367.85  741.8    390.81     1.80    -9999
LOMNICKY   240511 300  082000-082500   00     365.83  741.8    388.86     1.29    -9999
LOMNICKY   240511 300  082500-083000   00     368.22  741.8    391.39     1.95    -9999
LOMNICKY   240511 300  083000-083500   00     366.78  741.8    389.80     1.53    -9999
LOMNICKY   240511 300  083500-084000   00     365.87  741.8    388.83     1.28    -9999
LOMNICKY   240511 300  084000-084500   00     365.52  741.8    388.44     1.18    -9999
LOMNICKY   240511 300  084500-085000   00     367.13  741.8    390.17     1.63    -9999
LOMNICKY   240511 300  085000-085500   00     367.13  741.8    390.31     1.67    -9999
LOMNICKY   240511 300  085500-090000   00     364.46  741.9    387.55     0.95    -9999
LOMNICKY   240511 300  090000-090500   00     362.97  741.9    385.95     0.53    -9999
LOMNICKY   240511 300  090500-091000   00     361.50  741.8    384.30     0.10    -9999
LOMNICKY   240511 300  091000-091500   00     361.74  741.8    384.52     0.16    -9999
LOMNICKY   240511 300  091500-092000   00     364.60  741.8    387.56     0.95    -9999
LOMNICKY   240511 300  092000-092500   00     363.44  741.8    386.26     0.61    -9999
LOMNICKY   240511 300  092500-093000   00     359.58  741.8    382.19    -0.45    -9999
LOMNICKY   240511 300  093000-093500   00     361.81  741.8    384.62     0.18    -9999
LOMNICKY   240511 300  093500-094000   00     362.72  741.8    385.61     0.44    -9999
LOMNICKY   240511 300  094000-094500   00     362.79  741.9    385.71     0.47    -9999
LOMNICKY   240511 300  094500-095000   00     365.31  741.9    388.41     1.17    -9999
LOMNICKY   240511 300  095000-095500   00     365.48  741.9    388.57     1.21    -9999
LOMNICKY   240511 300  095500-100000   00     368.51  741.9    391.86     2.07    -9999
LOMNICKY   240511 300  100000-100500   00     368.26  741.9    391.59     2.00    -9999
LOMNICKY   240511 300  100500-101000   00     367.09  741.9    390.29     1.66    -9999
LOMNICKY   240511 300  101000-101500   00     368.42  741.9    391.70     2.03    -9999
LOMNICKY   240511 300  101500-102000   00     365.29  741.9    388.41     1.17    -9999
LOMNICKY   240511 300  102000-102500   00     367.38  741.9    390.60     1.74    -9999
LOMNICKY   240511 300  102500-103000   00     363.32  741.9    386.29     0.62    -9999
LOMNICKY   240511 300  103000-103500   00     365.50  741.9    388.74     1.26    -9999
LOMNICKY   240511 300  103500-104000   00     364.44  741.9    387.64     0.97    -9999
LOMNICKY   240511 300  104000-104500   00     367.62  741.9    390.89     1.82    -9999
LOMNICKY   240511 300  104500-105000   00     366.88  741.8    390.03     1.60    -9999
LOMNICKY   240511 300  105000-105500   00     365.22  741.8    388.19     1.12    -9999
LOMNICKY   240511 300  105500-110000   00     367.50  741.9    390.73     1.78    -9999
LOMNICKY   240511 300  110000-110500   00     366.84  741.9    390.02     1.59    -9999
LOMNICKY   240511 300  110500-111000   00     369.00  741.8    392.28     2.18    -9999
LOMNICKY   240511 300  111000-111500   00     368.76  741.9    392.08     2.13    -9999
LOMNICKY   240511 300  111500-112000   00     367.28  741.8    390.48     1.71    -9999
LOMNICKY   240511 300  112000-112500   00     372.21  741.8    395.61     3.05    -9999
LOMNICKY   240511 300  112500-113000   00     370.67  741.8    394.04     2.64    -9999
LOMNICKY   240511 300  113000-113500   00     366.85  741.8    389.95     1.57    -9999
LOMNICKY   240511 300  113500-114000   00     365.64  741.8    388.64     1.23    -9999
LOMNICKY   240511 300  114000-114500   00     366.45  741.8    389.55     1.47    -9999
LOMNICKY   240511 300  114500-115000   00     363.46  741.8    386.41     0.65    -9999
LOMNICKY   240511 300  115000-115500   00     366.52  741.8    389.62     1.49    -9999
LOMNICKY   240511 300  115500-120000   00     369.20  741.8    392.44     2.22    -9999
LOMNICKY   240511 300  120000-120500   00     367.08  741.8    390.12     1.62    -9999
LOMNICKY   240511 300  120500-121000   00     365.35  741.8    388.20     1.12    -9999
LOMNICKY   240511 300  121000-121500   00     362.98  741.7    385.47     0.41    -9999
LOMNICKY   240511 300  121500-122000   00     358.86  741.7    381.18    -0.71    -9999
LOMNICKY   240511 300  122000-122500   00     363.35  741.8    386.10     0.57    -9999
LOMNICKY   240511 300  122500-123000   00     363.27  741.7    385.91     0.52    -9999
LOMNICKY   240511 300  123000-123500   00     363.13  741.7    385.70     0.47    -9999
LOMNICKY   240511 300  123500-124000   00     361.19  741.7    383.61    -0.08    -9999
LOMNICKY   240511 300  124000-124500   00     363.05  741.7    385.64     0.45    -9999
LOMNICKY   240511 300  124500-125000   00     365.94  741.7    388.72     1.25    -9999
LOMNICKY   240511 300  125000-125500   00     361.57  741.7    384.09     0.05    -9999
LOMNICKY   240511 300  125500-130000   00     363.02  741.7    385.59     0.44    -9999
LOMNICKY   240511 300  130000-130500   00     360.54  741.7    382.96    -0.25    -9999
LOMNICKY   240511 300  130500-131000   00     364.44  741.7    387.04     0.82    -9999
LOMNICKY   240511 300  131000-131500   00     361.34  741.7    383.71    -0.05    -9999
LOMNICKY   240511 300  131500-132000   00     362.50  741.7    384.98     0.28    -9999
LOMNICKY   240511 300  132000-132500   00     359.86  741.7    382.25    -0.43    -9999
LOMNICKY   240511 300  132500-133000   00     363.08  741.7    385.61     0.44    -9999
LOMNICKY   240511 300  133000-133500   00     361.82  741.6    384.09     0.05    -9999
LOMNICKY   240511 300  133500-134000   00     365.59  741.7    388.14     1.10    -9999
LOMNICKY   240511 300  134000-134500   00     367.11  741.7    389.78     1.53    -9999
LOMNICKY   240511 300  134500-135000   00     364.51  741.6    386.80     0.75    -9999
LOMNICKY   240511 300  135000-135500   00     366.63  741.6    388.99     1.32    -9999
LOMNICKY   240511 300  135500-140000   00     364.56  741.5    386.71     0.73    -9999
LOMNICKY   240511 300  140000-140500   00     366.48  741.5    388.58     1.22    -9999
LOMNICKY   240511 300  140500-141000   00     364.60  741.5    386.60     0.70    -9999
LOMNICKY   240511 300  141000-141500   00     362.76  741.4    384.58     0.17    -9999
LOMNICKY   240511 300  141500-142000   00     365.46  741.4    387.25     0.87    -9999
LOMNICKY   240511 300  142000-142500   00     362.95  741.4    384.57     0.17    -9999
LOMNICKY   240511 300  142500-143000   00     367.22  741.4    389.14     1.36    -9999
LOMNICKY   240511 300  143000-143500   00     363.85  741.3    385.45     0.40    -9999
LOMNICKY   240511 300  143500-144000   00     365.04  741.3    386.50     0.68    -9999
LOMNICKY   240511 300  144000-144500   00     365.36  741.3    386.80     0.75    -9999
LOMNICKY   240511 300  144500-145000   00     363.48  741.2    384.74     0.22    -9999
LOMNICKY   240511 300  145000-145500   00     366.30  741.2    387.66     0.98    -9999
LOMNICKY   240511 300  145500-150000   00     364.97  741.2    386.17     0.59    -9999
LOMNICKY   240511 300  150000-150500   00     362.56  741.2    383.69    -0.06    -9999
LOMNICKY   240511 300  150500-151000   00     364.66  741.2    385.86     0.51    -9999
LOMNICKY   240511 300  151000-151500   00     366.37  741.1    387.48     0.93    -9999
LOMNICKY   240511 300  151500-152000   00     365.39  741.1    386.38     0.64    -9999
LOMNICKY   240511 300  152000-152500   00     367.86  741.1    388.90     1.30    -9999
LOMNICKY   240511 300  152500-153000   00     367.64  741.0    388.53     1.20    -9999
LOMNICKY   240511 300  153000-153500   00     365.86  740.9    386.29     0.62    -9999
LOMNICKY   240511 300  153500-154000   00     364.60  740.8    384.73     0.21    -9999
LOMNICKY   240511 300  154000-154500   00     364.59  740.7    384.35     0.12    -9999
LOMNICKY   240511 300  154500-155000   00     367.96  740.6    387.61     0.97    -9999
LOMNICKY   240511 300  155000-155500   00     369.38  740.4    388.56     1.21    -9999
LOMNICKY   240511 300  155500-160000   00     369.03  740.2    387.87     1.03    -9999
LOMNICKY   240511 3600 160000-170000   00     367.30  740.1    385.71     0.47    -9999
LOMNICKY   240511 3600 170000-180000   00     365.89  740.4    384.88     0.25    -9999
LOMNICKY   240511 3600 180000-190000   00     363.22  740.6    382.67    -0.32    -9999
LOMNICKY   240511 3600 190000-200000   00     362.40  740.6    382.00    -0.50    -9999
LOMNICKY   240511 3600 200000-210000   00     362.69  740.5    381.90    -0.52    -9999
LOMNICKY   240511 3600 210000-220000   00     364.26  740.4    383.32    -0.15    -9999
LOMNICKY   240511 3600 220000-230000   00     362.35  740.2    380.61    -0.86    -9999
LOMNICKY   240511 3600 230000-240000   00     363.28  739.9    380.95    -0.77    -9999
LOMNICKY   240512 3600 000000-010000   00     362.12  739.8    379.43    -1.17    -9999
LOMNICKY   240512 3600 010000-020000   00     365.06  739.7    382.17    -0.45    -9999
LOMNICKY   240512 3600 020000-030000   00     367.92  739.6    384.82     0.24    -9999
LOMNICKY   240512 3600 030000-040000   00     369.30  739.7    386.62     0.71    -9999
LOMNICKY   240512 3600 040000-050000   00     370.29  739.7    387.74     1.00    -9999
LOMNICKY   240512 3600 050000-060000   00     370.24  739.9    388.10     1.09    -9999
LOMNICKY   240512 3600 060000-070000   00     371.75  740.1    390.26     1.65    -9999
LOMNICKY   240512 3600 070000-080000   00     370.80  740.3    389.77     1.53    -9999
LOMNICKY   240512 3600 080000-090000   00     370.65  740.5    390.35     1.68    -9999
LOMNICKY   240512 3600 090000-100000   00     371.88  740.9    392.56     2.25    -9999
LOMNICKY   240512 3600 100000-110000   00     372.37  741.1    393.77     2.57    -9999
LOMNICKY   240512 3600 110000-120000   00     372.68  741.1    394.15     2.67    -9999
LOMNICKY   240512 3600 120000-130000   00     371.26  741.1    392.57     2.26    -9999
LOMNICKY   240512 3600 130000-140000   00     371.17  741.0    392.14     2.14    -9999
LOMNICKY   240512 3600 140000-150000   00     371.52  740.9    392.25     2.17    -9999
LOMNICKY   240512 3600 150000-160000   00     372.07  740.7    392.22     2.16    -9999
LOMNICKY   240512 3600 160000-170000   00     370.72  740.6    390.70     1.77    -9999
LOMNICKY   240512 3600 170000-180000   00     371.23  740.8    391.64     2.01    -9999
LOMNICKY   240512 3600 180000-190000   00     369.03  740.8    389.49     1.45    -9999
LOMNICKY   240512 3600 190000-200000   00     368.13  740.9    388.83     1.28    -9999
LOMNICKY   240512 3600 200000-210000   00     369.03  740.9    389.58     1.48    -9999
LOMNICKY   240512 3600 210000-220000   00     369.65  740.8    390.00     1.59    -9999
LOMNICKY   240512 3600 220000-230000   00     372.35  740.7    392.71     2.29    -9999
LOMNICKY   240512 3600 230000-240000   00     377.95  740.7    398.46     3.79    -9999
*
COMMENT NM DATA DOWNLOADED FROM NMDB ON 14.5.2024
COMMENT DETRENDING CANNOT BE ROBUSTLY DONE
COMMENT UNIVERISTY OF OULU: FILE GENERATED FROM DATABASE AND OBTAINED FROM
COMMENT https://gle.oulu.fi at 2025-01-03 09:23:40 +00:00
COMMENT FOR HISTORICAL/ORIGINAL TEXT FILES SEE https://gle.oulu.fi/txtarchive/
COMMENT ORIGINAL AT https://gle.oulu.fi/txtarchive/GLE74/C074LMSK.DAT
COMMENT DETRENDED DATA SHOW -9999 IF EQUAL TO INC% COLUMN 