BARENSBURG LATITUDE    78.12     LONGITUDE     14.42     ALTITUDE    0 M
BARENSBURG INSTRUMENT   6NM64    NEUTRON MONITOR     	
BARENSBURG STANDARD PRESSURE    -9999   MB     COEFFICIENT   -9999     % / MB
BARENSBURG PRE-INCREASE BASELINE TIME INTERVAL    240510    230000-010000   UT
BARENSBURG PRE-INCREASE AVERAGE COUNTING RATE  8,149.50      COUNTS PER SECOND
BARENSBURG TIME INTERVALS    3600     
BARENSBURG SCALE FACTORS     1        
STATION    YYMMDD  SEC   TIME (UT)   CODE    UNCORR. PRESS.    CORR.    % INC.	DETRENDED
                         INTERVAL    TD      C/S     (MB)      C/S
BARENSBURG 240510 3600 000000-010000   00    8720.00 1005.0   9079.00    11.41    -9999
BARENSBURG 240510 3600 010000-020000   00    8656.00 1005.0   9036.00    10.88    -9999
BARENSBURG 240510 3600 020000-030000   00    8692.00 1006.0   9080.00    11.42    -9999
BARENSBURG 240510 3600 030000-040000   00    8685.00 1006.0   9076.00    11.37    -9999
BARENSBURG 240510 3600 040000-050000   00    8697.00 1006.0   9095.00    11.60    -9999
BARENSBURG 240510 3600 050000-060000   00    8674.00 1006.0   9080.00    11.42    -9999
BARENSBURG 240510 3600 060000-070000   00    8708.00 1006.0   9121.00    11.92    -9999
BARENSBURG 240510 3600 070000-080000   00    8683.00 1006.0   9106.00    11.74    -9999
BARENSBURG 240510 3600 080000-090000   00    8651.00 1006.0   9094.00    11.59    -9999
BARENSBURG 240510 3600 090000-100000   00    8668.00 1007.0   9133.00    12.07    -9999
BARENSBURG 240510 3600 100000-110000   00    8653.00 1007.0   9135.00    12.09    -9999
BARENSBURG 240510 3600 110000-120000   00    8653.00 1007.0   9146.00    12.23    -9999
BARENSBURG 240510 3600 120000-130000   00    8598.00 1007.0   9095.00    11.60    -9999
BARENSBURG 240510 3600 130000-140000   00    8685.00 1007.0   9183.00    12.68    -9999
BARENSBURG 240510 3600 140000-150000   00    8717.00 1007.0   9208.00    12.99    -9999
BARENSBURG 240510 3600 150000-160000   00    8776.00 1007.0   9256.00    13.58    -9999
BARENSBURG 240510 3600 160000-170000   00    8691.00 1007.0   9159.00    12.39    -9999
BARENSBURG 240510 3600 170000-180000   00    8722.00 1007.0   9178.00    12.62    -9999
BARENSBURG 240510 3600 180000-190000   00    8687.00 1006.0   9116.00    11.86    -9999
BARENSBURG 240510 3600 190000-200000   00    8634.00 1006.0   9037.00    10.89    -9999
BARENSBURG 240510 3600 200000-210000   00    8541.00 1006.0   8935.00     9.64    -9999
BARENSBURG 240510 3600 210000-220000   00    8331.00 1006.0   8705.00     6.82    -9999
BARENSBURG 240510 3600 220000-230000   00    8011.00 1005.0   8347.00     2.42    -9999
BARENSBURG 240510 3600 230000-240000   00    7821.00 1005.0   8121.00    -0.35    -9999
BARENSBURG 240511 3600 000000-010000   00    7890.00 1004.0   8178.00     0.35    -9999
BARENSBURG 240511 3600 010000-020000   00    7970.00 1004.0   8241.00     1.12    -9999
BARENSBURG 240511 3600 020000-030000   00    8145.00 1004.0   8401.00     3.09    -9999
BARENSBURG 240511 3600 030000-040000   00    8266.00 1003.0   8497.00     4.26    -9999
BARENSBURG 240511 3600 040000-050000   00    8273.00 1003.0   8476.00     4.01    -9999
BARENSBURG 240511 3600 050000-060000   00    8259.00 1002.0   8434.00     3.49    -9999
BARENSBURG 240511 3600 060000-070000   00    8274.00 1002.0   8420.00     3.32    -9999
BARENSBURG 240511 3600 070000-080000   00    8281.00 1001.0   8398.00     3.05    -9999
BARENSBURG 240511 3600 080000-090000   00    8260.00 1001.0   8348.00     2.44    -9999
BARENSBURG 240511 3600 090000-100000   00    8223.00 1001.0   8293.00     1.76    -9999
BARENSBURG 240511 3600 100000-110000   00    8272.00 1000.0   8316.00     2.04    -9999
BARENSBURG 240511 3600 110000-120000   00    8304.00 1000.0   8322.00     2.12    -9999
BARENSBURG 240511 3600 120000-130000   00    8171.00  999.0   8166.00     0.20    -9999
BARENSBURG 240511 3600 130000-140000   00    8239.00  999.0   8214.00     0.79    -9999
BARENSBURG 240511 3600 140000-150000   00    8250.00  999.0   8202.00     0.64    -9999
BARENSBURG 240511 3600 150000-160000   00    8255.00  998.0   8176.00     0.33    -9999
BARENSBURG 240511 3600 160000-170000   00    8318.00  998.0   8221.00     0.88    -9999
BARENSBURG 240511 3600 170000-180000   00    8391.00  997.0   8270.00     1.48    -9999
BARENSBURG 240511 3600 180000-190000   00    8386.00  997.0   8254.00     1.28    -9999
BARENSBURG 240511 3600 190000-200000   00    8434.00  997.0   8308.00     1.94    -9999
BARENSBURG 240511 3600 200000-210000   00    8428.00  997.0   8305.00     1.91    -9999
BARENSBURG 240511 3600 210000-220000   00    8435.00  998.0   8320.00     2.09    -9999
BARENSBURG 240511 3600 220000-230000   00    8425.00  998.0   8327.00     2.18    -9999
BARENSBURG 240511 3600 230000-240000   00    8343.00  998.0   8271.00     1.49    -9999
BARENSBURG 240512 3600 000000-010000   00    8334.00  999.0   8278.00     1.58    -9999
BARENSBURG 240512 3600 010000-020000   00    8369.00  999.0   8329.00     2.20    -9999
BARENSBURG 240512 3600 020000-030000   00    8365.00  999.0   8347.00     2.42    -9999
BARENSBURG 240512 3600 030000-040000   00    8385.00 1000.0   8388.00     2.93    -9999
BARENSBURG 240512 3600 040000-050000   00    8368.00 1000.0   8393.00     2.99    -9999
BARENSBURG 240512 3600 050000-060000   00    8392.00 1000.0   8439.00     3.55    -9999
BARENSBURG 240512 3600 060000-070000   00    8388.00 1000.0   8448.00     3.66    -9999
BARENSBURG 240512 3600 070000-080000   00    8420.00 1001.0   8503.00     4.34    -9999
BARENSBURG 240512 3600 080000-090000   00    8381.00 1001.0   8490.00     4.18    -9999
BARENSBURG 240512 3600 090000-100000   00    8345.00 1002.0   8468.00     3.91    -9999
BARENSBURG 240512 3600 100000-110000   00    8296.00 1002.0   8433.00     3.48    -9999
BARENSBURG 240512 3600 110000-120000   00    8286.00 1002.0   8438.00     3.54    -9999
BARENSBURG 240512 3600 120000-130000   00    8280.00 1002.0   8431.00     3.45    -9999
BARENSBURG 240512 3600 130000-140000   00    8238.00 1002.0   8391.00     2.96    -9999
BARENSBURG 240512 3600 140000-150000   00    8254.00 1002.0   8406.00     3.15    -9999
BARENSBURG 240512 3600 150000-160000   00    8292.00 1002.0   8445.00     3.63    -9999
BARENSBURG 240512 3600 160000-170000   00    8276.00 1002.0   8418.00     3.29    -9999
BARENSBURG 240512 3600 170000-180000   00    8235.00 1002.0   8373.00     2.74    -9999
BARENSBURG 240512 3600 180000-190000   00    8262.00 1002.0   8405.00     3.14    -9999
BARENSBURG 240512 3600 190000-200000   00    8236.00 1002.0   8379.00     2.82    -9999
BARENSBURG 240512 3600 200000-210000   00    8237.00 1002.0   8390.00     2.95    -9999
BARENSBURG 240512 3600 210000-220000   00    8286.00 1002.0   8446.00     3.64    -9999
BARENSBURG 240512 3600 220000-230000   00    8366.00 1002.0   8523.00     4.58    -9999
BARENSBURG 240512 3600 230000-240000   00    8356.00 1002.0   8518.00     4.52    -9999
*
COMMENT NM DATA DOWNLOADED FROM IZMIRAN DB ON 04.06.2024
COMMENT UNIVERISTY OF OULU: FILE GENERATED FROM DATABASE AND OBTAINED FROM
COMMENT https://gle.oulu.fi at 2025-01-03 09:23:40 +00:00
COMMENT FOR HISTORICAL/ORIGINAL TEXT FILES SEE https://gle.oulu.fi/txtarchive/
COMMENT ORIGINAL AT https://gle.oulu.fi/txtarchive/GLE74/C074BRBG.DAT
COMMENT DETRENDED DATA SHOW -9999 IF EQUAL TO INC% COLUMN 