ROME       LATITUDE    41.86     LONGITUDE     12.47     ALTITUDE    0 M
ROME       INSTRUMENT   17-NM-64  NEUTRON MONITOR
ROME       STANDARD PRESSURE    1009    MB     COEFFICIENT   -0.705    % / MB
ROME       PRE-INCREASE BASELINE TIME INTERVAL    240510    230000-010000   UT
ROME       PRE-INCREASE AVERAGE COUNTING RATE    113.82      COUNTS PER SECOND
ROME       TIME INTERVALS    300         3600     
ROME       SCALE FACTORS     1           1        
STATION    YYMMDD  SEC   TIME (UT)   CODE    UNCORR. PRESS.    CORR.    % INC.	DETRENDED
                         INTERVAL    TD      C/S     (MB)      C/S
ROME       240510 3600 000000-010000   00     116.80 1013.8    120.58     5.94    -9999
ROME       240510 3600 010000-020000   00     116.95 1013.8    120.74     6.08    -9999
ROME       240510 3600 020000-030000   00     117.20 1013.6    120.84     6.17    -9999
ROME       240510 3600 030000-040000   00     117.18 1013.5    120.74     6.08    -9999
ROME       240510 3600 040000-050000   00     117.27 1013.7    120.98     6.29    -9999
ROME       240510 3600 050000-060000   00     117.15 1013.9    121.02     6.33    -9999
ROME       240510 3600 060000-070000   00     117.22 1014.0    121.19     6.47    -9999
ROME       240510 3600 070000-080000   00     117.35 1014.1    121.38     6.64    -9999
ROME       240510 3600 080000-090000   00     118.09 1014.1    122.13     7.30    -9999
ROME       240510 3600 090000-100000   00     118.81 1013.8    122.69     7.79    -9999
ROME       240510 3600 100000-110000   00     118.74 1013.7    122.51     7.63    -9999
ROME       240510 3600 110000-120000   00     118.29 1013.5    121.83     7.04    -9999
ROME       240510 3600 120000-130000   00     119.37 1013.3    122.75     7.85    -9999
ROME       240510 3600 130000-140000   00     118.90 1013.2    122.19     7.35    -9999
ROME       240510 3600 140000-150000   00     119.28 1012.9    122.38     7.52    -9999
ROME       240510 3600 150000-160000   00     118.95 1012.7    121.87     7.08    -9999
ROME       240510 3600 160000-170000   00     118.87 1012.5    121.60     6.84    -9999
ROME       240510 3600 170000-180000   00     118.55 1012.4    121.20     6.48    -9999
ROME       240510 3600 180000-190000   00     119.61 1012.6    122.47     7.60    -9999
ROME       240510 3600 190000-200000   00     118.79 1013.3    122.20     7.36    -9999
ROME       240510 3600 200000-210000   00     118.59 1013.9    122.45     7.59    -9999
ROME       240510 300  210000-210500   00     119.46 1014.0    123.51     8.51    -9999
ROME       240510 300  210500-211000   00     119.14 1014.1    123.21     8.25    -9999
ROME       240510 300  211000-211500   00     116.39 1014.1    120.40     5.78    -9999
ROME       240510 300  211500-212000   00     120.04 1014.1    124.20     9.12    -9999
ROME       240510 300  212000-212500   00     116.99 1014.2    121.07     6.37    -9999
ROME       240510 300  212500-213000   00     115.90 1014.2    119.96     5.39    -9999
ROME       240510 300  213000-213500   00     115.77 1014.2    119.84     5.29    -9999
ROME       240510 300  213500-214000   00     116.22 1014.2    120.31     5.71    -9999
ROME       240510 300  214000-214500   00     114.59 1014.3    118.65     4.24    -9999
ROME       240510 300  214500-215000   00     114.65 1014.3    118.74     4.32    -9999
ROME       240510 300  215000-215500   00     115.92 1014.3    120.05     5.48    -9999
ROME       240510 300  215500-220000   00     116.31 1014.3    120.47     5.84    -9999
ROME       240510 300  220000-220500   00     115.23 1014.3    119.36     4.87    -9999
ROME       240510 300  220500-221000   00     116.69 1014.3    120.90     6.22    -9999
ROME       240510 300  221000-221500   00     116.52 1014.4    120.75     6.09    -9999
ROME       240510 300  221500-222000   00     114.49 1014.4    118.65     4.24    -9999
ROME       240510 300  222000-222500   00     115.49 1014.4    119.68     5.15    -9999
ROME       240510 300  222500-223000   00     113.26 1014.4    117.40     3.14    -9999
ROME       240510 300  223000-223500   00     112.43 1014.5    116.58     2.43    -9999
ROME       240510 300  223500-224000   00     112.95 1014.5    117.14     2.92    -9999
ROME       240510 300  224000-224500   00     112.50 1014.5    116.67     2.51    -9999
ROME       240510 300  224500-225000   00     112.05 1014.5    116.19     2.09    -9999
ROME       240510 300  225000-225500   00     109.91 1014.4    113.94     0.11    -9999
ROME       240510 300  225500-230000   00     110.76 1014.4    114.80     0.86    -9999
ROME       240510 300  230000-230500   00     109.03 1014.4    113.00    -0.72    -9999
ROME       240510 300  230500-231000   00     110.62 1014.4    114.65     0.73    -9999
ROME       240510 300  231000-231500   00     109.81 1014.4    113.81    -0.01    -9999
ROME       240510 300  231500-232000   00     109.97 1014.4    113.97     0.13    -9999
ROME       240510 300  232000-232500   00     109.46 1014.4    113.45    -0.32    -9999
ROME       240510 300  232500-233000   00     110.49 1014.4    114.52     0.62    -9999
ROME       240510 300  233000-233500   00     109.47 1014.4    113.45    -0.32    -9999
ROME       240510 300  233500-234000   00     111.43 1014.4    115.49     1.47    -9999
ROME       240510 300  234000-234500   00     109.85 1014.4    113.86     0.04    -9999
ROME       240510 300  234500-235000   00     110.97 1014.4    115.03     1.07    -9999
ROME       240510 300  235000-235500   00     109.67 1014.4    113.70    -0.11    -9999
ROME       240510 300  235500-240000   00     109.24 1014.4    113.23    -0.51    -9999
ROME       240511 300  000000-000500   00     108.16 1014.4    112.13    -1.49    -9999
ROME       240511 300  000500-001000   00     109.10 1014.4    113.10    -0.63    -9999
ROME       240511 300  001000-001500   00     107.91 1014.4    111.85    -1.73    -9999
ROME       240511 300  001500-002000   00     110.60 1014.4    114.62     0.71    -9999
ROME       240511 300  002000-002500   00     107.24 1014.4    111.13    -2.36    -9999
ROME       240511 300  002500-003000   00     110.45 1014.3    114.43     0.54    -9999
ROME       240511 300  003000-003500   00     110.09 1014.3    114.05     0.20    -9999
ROME       240511 300  003500-004000   00     108.45 1014.3    112.37    -1.28    -9999
ROME       240511 300  004000-004500   00     110.37 1014.3    114.33     0.45    -9999
ROME       240511 300  004500-005000   00     111.59 1014.3    115.59     1.56    -9999
ROME       240511 300  005000-005500   00     111.62 1014.3    115.65     1.61    -9999
ROME       240511 300  005500-010000   00     110.23 1014.4    114.23     0.36    -9999
ROME       240511 300  010000-010500   00     111.76 1014.4    115.81     1.75    -9999
ROME       240511 300  010500-011000   00     110.46 1014.4    114.47     0.58    -9999
ROME       240511 300  011000-011500   00     111.30 1014.4    115.34     1.34    -9999
ROME       240511 300  011500-012000   00     110.30 1014.4    114.31     0.43    -9999
ROME       240511 300  012000-012500   00     111.04 1014.4    115.10     1.13    -9999
ROME       240511 300  012500-013000   00     109.66 1014.4    113.68    -0.12    -9999
ROME       240511 300  013000-013500   00     111.50 1014.4    115.61     1.57    -9999
ROME       240511 300  013500-014000   00     111.53 1014.4    115.63     1.59    -9999
ROME       240511 300  014000-014500   00     111.89 1014.4    115.99     1.91    -9999
ROME       240511 300  014500-015000   00     109.69 1014.4    113.71    -0.09    -9999
ROME       240511 300  015000-015500   00     111.83 1014.4    115.92     1.85    -9999
ROME       240511 300  015500-020000   00     111.23 1014.4    115.31     1.31    -9999
ROME       240511 300  020000-020500   00     112.03 1014.4    116.16     2.06    -9999
ROME       240511 300  020500-021000   00     110.58 1014.5    114.68     0.76    -9999
ROME       240511 300  021000-021500   00     111.88 1014.5    116.03     1.94    -9999
ROME       240511 300  021500-022000   00     112.59 1014.5    116.78     2.60    -9999
ROME       240511 300  022000-022500   00     112.29 1014.5    116.48     2.34    -9999
ROME       240511 300  022500-023000   00     111.98 1014.5    116.16     2.06    -9999
ROME       240511 300  023000-023500   00     113.35 1014.5    117.56     3.29    -9999
ROME       240511 300  023500-024000   00     113.86 1014.4    118.05     3.72    -9999
ROME       240511 300  024000-024500   00     113.97 1014.4    118.17     3.82    -9999
ROME       240511 300  024500-025000   00     114.78 1014.5    119.05     4.60    -9999
ROME       240511 300  025000-025500   00     112.64 1014.5    116.82     2.63    -9999
ROME       240511 300  025500-030000   00     112.51 1014.4    116.64     2.48    -9999
ROME       240511 300  030000-030500   00     113.27 1014.4    117.39     3.14    -9999
ROME       240511 300  030500-031000   00     110.54 1014.3    114.54     0.64    -9999
ROME       240511 300  031000-031500   00     112.71 1014.4    116.81     2.63    -9999
ROME       240511 300  031500-032000   00     112.47 1014.4    116.62     2.46    -9999
ROME       240511 300  032000-032500   00     113.17 1014.5    117.40     3.15    -9999
ROME       240511 300  032500-033000   00     113.00 1014.5    117.25     3.02    -9999
ROME       240511 300  033000-033500   00     112.55 1014.5    116.78     2.60    -9999
ROME       240511 300  033500-034000   00     112.64 1014.5    116.82     2.63    -9999
ROME       240511 300  034000-034500   00     110.74 1014.5    114.85     0.91    -9999
ROME       240511 300  034500-035000   00     110.54 1014.5    114.66     0.74    -9999
ROME       240511 300  035000-035500   00     111.68 1014.5    115.89     1.82    -9999
ROME       240511 300  035500-040000   00     111.92 1014.6    116.17     2.06    -9999
ROME       240511 300  040000-040500   00     111.57 1014.6    115.84     1.77    -9999
ROME       240511 300  040500-041000   00     112.32 1014.6    116.63     2.47    -9999
ROME       240511 300  041000-041500   00     111.86 1014.6    116.15     2.05    -9999
ROME       240511 300  041500-042000   00     110.92 1014.7    115.21     1.23    -9999
ROME       240511 300  042000-042500   00     110.68 1014.8    115.03     1.06    -9999
ROME       240511 300  042500-043000   00     110.97 1014.8    115.36     1.35    -9999
ROME       240511 300  043000-043500   00     111.18 1014.9    115.61     1.57    -9999
ROME       240511 300  043500-044000   00     112.04 1014.9    116.56     2.41    -9999
ROME       240511 300  044000-044500   00     111.81 1015.0    116.35     2.23    -9999
ROME       240511 300  044500-045000   00     113.06 1015.0    117.66     3.37    -9999
ROME       240511 300  045000-045500   00     110.68 1015.0    115.20     1.21    -9999
ROME       240511 300  045500-050000   00     110.23 1015.0    114.75     0.82    -9999
ROME       240511 300  050000-050500   00     110.48 1015.1    115.05     1.08    -9999
ROME       240511 300  050500-051000   00     112.59 1015.1    117.26     3.02    -9999
ROME       240511 300  051000-051500   00     109.57 1015.1    114.10     0.25    -9999
ROME       240511 300  051500-052000   00     110.17 1015.1    114.76     0.83    -9999
ROME       240511 300  052000-052500   00     110.75 1015.1    115.39     1.38    -9999
ROME       240511 300  052500-053000   00     112.16 1015.2    116.89     2.70    -9999
ROME       240511 300  053000-053500   00     111.19 1015.2    115.92     1.84    -9999
ROME       240511 300  053500-054000   00     111.33 1015.2    116.07     1.97    -9999
ROME       240511 300  054000-054500   00     111.07 1015.2    115.81     1.75    -9999
ROME       240511 300  054500-055000   00     111.60 1015.3    116.39     2.26    -9999
ROME       240511 300  055000-055500   00     110.36 1015.3    115.12     1.14    -9999
ROME       240511 300  055500-060000   00     109.48 1015.3    114.23     0.36    -9999
ROME       240511 300  060000-060500   00     109.21 1015.4    113.96     0.13    -9999
ROME       240511 300  060500-061000   00     109.00 1015.4    113.74    -0.07    -9999
ROME       240511 300  061000-061500   00     108.64 1015.4    113.37    -0.39    -9999
ROME       240511 300  061500-062000   00     109.00 1015.4    113.79    -0.03    -9999
ROME       240511 300  062000-062500   00     107.71 1015.5    112.48    -1.18    -9999
ROME       240511 300  062500-063000   00     110.20 1015.5    115.08     1.11    -9999
ROME       240511 300  063000-063500   00     111.01 1015.5    115.92     1.85    -9999
ROME       240511 300  063500-064000   00     110.17 1015.5    115.05     1.08    -9999
ROME       240511 300  064000-064500   00     109.34 1015.4    114.17     0.31    -9999
ROME       240511 300  064500-065000   00     109.54 1015.4    114.37     0.48    -9999
ROME       240511 300  065000-065500   00     109.38 1015.4    114.21     0.34    -9999
ROME       240511 300  065500-070000   00     108.11 1015.5    112.90    -0.80    -9999
ROME       240511 300  070000-070500   00     109.50 1015.5    114.36     0.48    -9999
ROME       240511 300  070500-071000   00     107.87 1015.5    112.67    -1.01    -9999
ROME       240511 300  071000-071500   00     109.27 1015.5    114.14     0.29    -9999
ROME       240511 300  071500-072000   00     109.23 1015.5    114.12     0.26    -9999
ROME       240511 300  072000-072500   00     108.86 1015.5    113.72    -0.09    -9999
ROME       240511 300  072500-073000   00     110.62 1015.5    115.55     1.52    -9999
ROME       240511 300  073000-073500   00     109.64 1015.5    114.53     0.62    -9999
ROME       240511 300  073500-074000   00     109.90 1015.5    114.80     0.86    -9999
ROME       240511 300  074000-074500   00     109.25 1015.5    114.14     0.28    -9999
ROME       240511 300  074500-075000   00     108.72 1015.5    113.60    -0.19    -9999
ROME       240511 300  075000-075500   00     111.17 1015.6    116.20     2.09    -9999
ROME       240511 300  075500-080000   00     109.51 1015.6    114.45     0.55    -9999
ROME       240511 300  080000-080500   00     110.03 1015.5    114.95     0.99    -9999
ROME       240511 300  080500-081000   00     110.12 1015.5    115.02     1.06    -9999
ROME       240511 300  081000-081500   00     111.75 1015.5    116.72     2.55    -9999
ROME       240511 300  081500-082000   00     109.27 1015.5    114.12     0.27    -9999
ROME       240511 300  082000-082500   00     111.00 1015.5    115.92     1.84    -9999
ROME       240511 300  082500-083000   00     110.52 1015.5    115.43     1.42    -9999
ROME       240511 300  083000-083500   00     108.83 1015.5    113.67    -0.13    -9999
ROME       240511 300  083500-084000   00     108.82 1015.5    113.67    -0.13    -9999
ROME       240511 300  084000-084500   00     109.77 1015.5    114.66     0.74    -9999
ROME       240511 300  084500-085000   00     109.58 1015.5    114.46     0.56    -9999
ROME       240511 300  085000-085500   00     109.89 1015.5    114.80     0.87    -9999
ROME       240511 300  085500-090000   00     109.89 1015.5    114.79     0.85    -9999
ROME       240511 300  090000-090500   00     110.32 1015.5    115.20     1.22    -9999
ROME       240511 300  090500-091000   00     110.39 1015.4    115.26     1.27    -9999
ROME       240511 300  091000-091500   00     109.74 1015.4    114.56     0.65    -9999
ROME       240511 300  091500-092000   00     109.28 1015.4    114.07     0.22    -9999
ROME       240511 300  092000-092500   00     109.27 1015.4    114.04     0.20    -9999
ROME       240511 300  092500-093000   00     110.52 1015.4    115.34     1.33    -9999
ROME       240511 300  093000-093500   00     107.53 1015.3    112.20    -1.42    -9999
ROME       240511 300  093500-094000   00     109.61 1015.3    114.35     0.46    -9999
ROME       240511 300  094000-094500   00     110.09 1015.3    114.86     0.91    -9999
ROME       240511 300  094500-095000   00     110.88 1015.3    115.67     1.63    -9999
ROME       240511 300  095000-095500   00     111.39 1015.3    116.17     2.07    -9999
ROME       240511 300  095500-100000   00     109.81 1015.3    114.51     0.61    -9999
ROME       240511 300  100000-100500   00     109.83 1015.3    114.55     0.64    -9999
ROME       240511 300  100500-101000   00     110.83 1015.3    115.59     1.55    -9999
ROME       240511 300  101000-101500   00     113.39 1015.3    118.25     3.90    -9999
ROME       240511 300  101500-102000   00     112.15 1015.2    116.92     2.72    -9999
ROME       240511 300  102000-102500   00     111.77 1015.2    116.52     2.37    -9999
ROME       240511 300  102500-103000   00     110.18 1015.3    114.89     0.94    -9999
ROME       240511 300  103000-103500   00     109.94 1015.3    114.64     0.72    -9999
ROME       240511 300  103500-104000   00     111.11 1015.2    115.81     1.75    -9999
ROME       240511 300  104000-104500   00     110.60 1015.2    115.25     1.26    -9999
ROME       240511 300  104500-105000   00     112.64 1015.1    117.34     3.10    -9999
ROME       240511 300  105000-105500   00     111.71 1015.1    116.36     2.23    -9999
ROME       240511 300  105500-110000   00     112.44 1015.1    117.11     2.89    -9999
ROME       240511 300  110000-110500   00     109.14 1015.1    113.67    -0.13    -9999
ROME       240511 300  110500-111000   00     110.56 1015.1    115.14     1.16    -9999
ROME       240511 300  111000-111500   00     109.04 1015.0    113.52    -0.26    -9999
ROME       240511 300  111500-112000   00     112.61 1015.0    117.22     2.99    -9999
ROME       240511 300  112000-112500   00     111.62 1015.0    116.19     2.08    -9999
ROME       240511 300  112500-113000   00     110.35 1015.0    114.85     0.91    -9999
ROME       240511 300  113000-113500   00     111.92 1015.0    116.47     2.33    -9999
ROME       240511 300  113500-114000   00     110.48 1015.0    114.98     1.02    -9999
ROME       240511 300  114000-114500   00     109.59 1015.0    114.05     0.20    -9999
ROME       240511 300  114500-115000   00     110.91 1014.9    115.39     1.38    -9999
ROME       240511 300  115000-115500   00     112.79 1014.9    117.35     3.11    -9999
ROME       240511 300  115500-120000   00     110.63 1014.9    115.10     1.13    -9999
ROME       240511 300  120000-120500   00     114.02 1015.0    118.67     4.26    -9999
ROME       240511 300  120500-121000   00     110.72 1015.0    115.25     1.25    -9999
ROME       240511 300  121000-121500   00     109.75 1015.0    114.24     0.37    -9999
ROME       240511 300  121500-122000   00     109.55 1015.0    114.04     0.19    -9999
ROME       240511 300  122000-122500   00     111.70 1015.0    116.27     2.16    -9999
ROME       240511 300  122500-123000   00     110.11 1015.0    114.64     0.72    -9999
ROME       240511 300  123000-123500   00     109.00 1015.0    113.49    -0.29    -9999
ROME       240511 300  123500-124000   00     108.88 1015.0    113.35    -0.41    -9999
ROME       240511 300  124000-124500   00     110.03 1015.0    114.54     0.64    -9999
ROME       240511 300  124500-125000   00     110.07 1015.0    114.58     0.67    -9999
ROME       240511 300  125000-125500   00     110.36 1015.0    114.88     0.94    -9999
ROME       240511 300  125500-130000   00     109.81 1015.0    114.29     0.42    -9999
ROME       240511 300  130000-130500   00     110.77 1015.0    115.27     1.28    -9999
ROME       240511 300  130500-131000   00     109.28 1015.0    113.73    -0.08    -9999
ROME       240511 300  131000-131500   00     110.19 1015.0    114.67     0.75    -9999
ROME       240511 300  131500-132000   00     110.13 1014.9    114.58     0.67    -9999
ROME       240511 300  132000-132500   00     109.41 1014.9    113.81    -0.01    -9999
ROME       240511 300  132500-133000   00     108.92 1014.9    113.32    -0.44    -9999
ROME       240511 300  133000-133500   00     110.64 1014.9    115.08     1.11    -9999
ROME       240511 300  133500-134000   00     111.15 1014.8    115.56     1.53    -9999
ROME       240511 300  134000-134500   00     110.86 1014.8    115.26     1.26    -9999
ROME       240511 300  134500-135000   00     110.74 1014.8    115.13     1.15    -9999
ROME       240511 300  135000-135500   00     111.02 1014.8    115.40     1.39    -9999
ROME       240511 300  135500-140000   00     111.21 1014.8    115.59     1.56    -9999
ROME       240511 300  140000-140500   00     110.55 1014.8    114.93     0.98    -9999
ROME       240511 300  140500-141000   00     110.48 1014.9    114.88     0.94    -9999
ROME       240511 300  141000-141500   00     112.24 1014.8    116.71     2.54    -9999
ROME       240511 300  141500-142000   00     110.94 1014.9    115.37     1.36    -9999
ROME       240511 300  142000-142500   00     112.09 1014.9    116.56     2.41    -9999
ROME       240511 300  142500-143000   00     109.88 1014.9    114.26     0.39    -9999
ROME       240511 300  143000-143500   00     110.98 1014.9    115.45     1.43    -9999
ROME       240511 300  143500-144000   00     111.54 1014.9    116.03     1.94    -9999
ROME       240511 300  144000-144500   00     110.67 1014.9    115.11     1.13    -9999
ROME       240511 300  144500-145000   00     110.98 1014.9    115.41     1.40    -9999
ROME       240511 300  145000-145500   00     110.87 1014.9    115.30     1.30    -9999
ROME       240511 300  145500-150000   00     112.07 1014.9    116.55     2.40    -9999
ROME       240511 300  150000-150500   00     108.78 1014.9    113.11    -0.62    -9999
ROME       240511 300  150500-151000   00     112.07 1014.9    116.55     2.40    -9999
ROME       240511 300  151000-151500   00     111.57 1014.8    116.01     1.92    -9999
ROME       240511 300  151500-152000   00     111.94 1014.8    116.38     2.25    -9999
ROME       240511 300  152000-152500   00     111.22 1014.8    115.61     1.57    -9999
ROME       240511 300  152500-153000   00     111.01 1014.8    115.38     1.37    -9999
ROME       240511 300  153000-153500   00     111.77 1014.8    116.15     2.05    -9999
ROME       240511 300  153500-154000   00     110.72 1014.7    115.05     1.08    -9999
ROME       240511 300  154000-154500   00     112.04 1014.8    116.43     2.30    -9999
ROME       240511 300  154500-155000   00     111.58 1014.7    115.94     1.86    -9999
ROME       240511 300  155000-155500   00     109.06 1014.7    113.30    -0.46    -9999
ROME       240511 300  155500-160000   00     112.81 1014.7    117.20     2.97    -9999
ROME       240511 3600 160000-170000   00     111.54 1014.7    115.90     1.83    -9999
ROME       240511 3600 170000-180000   00     110.84 1015.0    115.39     1.38    -9999
ROME       240511 3600 180000-190000   00     109.75 1015.1    114.33     0.45    -9999
ROME       240511 3600 190000-200000   00     109.29 1015.5    114.19     0.32    -9999
ROME       240511 3600 200000-210000   00     108.92 1015.9    114.09     0.24    -9999
ROME       240511 3600 210000-220000   00     108.64 1016.0    113.86     0.03    -9999
ROME       240511 3600 220000-230000   00     108.67 1016.1    113.97     0.14    -9999
ROME       240511 3600 230000-240000   00     108.22 1016.1    113.48    -0.30    -9999
ROME       240512 3600 000000-010000   00     108.63 1016.0    113.88     0.05    -9999
ROME       240512 3600 010000-020000   00     108.63 1016.2    113.99     0.15    -9999
ROME       240512 3600 020000-030000   00     108.55 1016.2    113.97     0.13    -9999
ROME       240512 3600 030000-040000   00     108.55 1016.4    114.13     0.27    -9999
ROME       240512 3600 040000-050000   00     109.43 1016.7    115.25     1.26    -9999
ROME       240512 3600 050000-060000   00     109.92 1016.7    115.77     1.71    -9999
ROME       240512 3600 060000-070000   00     109.60 1016.8    115.55     1.52    -9999
ROME       240512 3600 070000-080000   00     109.51 1016.8    115.46     1.44    -9999
ROME       240512 3600 080000-090000   00     110.40 1016.7    116.28     2.17    -9999
ROME       240512 3600 090000-100000   00     110.60 1016.6    116.42     2.29    -9999
ROME       240512 3600 100000-110000   00     109.74 1016.6    115.52     1.49    -9999
ROME       240512 3600 110000-120000   00     110.28 1016.5    116.00     1.92    -9999
ROME       240512 3600 120000-130000   00     110.13 1016.3    115.68     1.64    -9999
ROME       240512 3600 130000-140000   00     110.27 1015.9    115.50     1.48    -9999
ROME       240512 3600 140000-150000   00     109.91 1015.7    115.00     1.04    -9999
ROME       240512 3600 150000-160000   00     110.14 1015.5    115.07     1.10    -9999
ROME       240512 3600 160000-170000   00     109.96 1015.4    114.79     0.85    -9999
ROME       240512 3600 170000-180000   00     109.73 1015.7    114.80     0.86    -9999
ROME       240512 3600 180000-190000   00     109.38 1016.1    114.70     0.77    -9999
ROME       240512 3600 190000-200000   00     109.56 1016.2    115.01     1.05    -9999
ROME       240512 3600 200000-210000   00     109.63 1016.2    115.09     1.12    -9999
ROME       240512 3600 210000-220000   00     109.57 1016.3    115.08     1.10    -9999
ROME       240512 3600 220000-230000   00     109.78 1016.2    115.25     1.25    -9999
ROME       240512 3600 230000-240000   00     111.58 1015.8    116.77     2.60    -9999
*
COMMENT NM DATA DOWNLOADED FROM NMDB ON 14.5.2024
COMMENT DETRENDING CANNOT BE ROBUSTLY DONE
COMMENT UNIVERISTY OF OULU: FILE GENERATED FROM DATABASE AND OBTAINED FROM
COMMENT https://gle.oulu.fi at 2025-01-03 09:23:40 +00:00
COMMENT FOR HISTORICAL/ORIGINAL TEXT FILES SEE https://gle.oulu.fi/txtarchive/
COMMENT ORIGINAL AT https://gle.oulu.fi/txtarchive/GLE74/C074ROME.DAT
COMMENT DETRENDED DATA SHOW -9999 IF EQUAL TO INC% COLUMN 