THULE      LATITUDE    76.6      LONGITUDE     -68.8     ALTITUDE    260 M
THULE      INSTRUMENT   9NM64    NEUTRON MONITOR     	
THULE      STANDARD PRESSURE    996.4   MB     COEFFICIENT   -0.56     % / MB
THULE      PRE-INCREASE BASELINE TIME INTERVAL    240510    230000-010000   UT
THULE      PRE-INCREASE AVERAGE COUNTING RATE    100.72      COUNTS PER SECOND
THULE      TIME INTERVALS    300         3600     
THULE      SCALE FACTORS     1           1        
STATION    YYMMDD  SEC   TIME (UT)   CODE    UNCORR. PRESS.    CORR.    % INC.	DETRENDED
                         INTERVAL    TD      C/S     (MB)      C/S
THULE      240510 3600 000000-010000   00     108.46 1010.2    112.88    12.08    -9999
THULE      240510 3600 010000-020000   00     108.82 1009.8    112.95    12.14    -9999
THULE      240510 3600 020000-030000   00     108.77 1009.4    112.58    11.77    -9999
THULE      240510 3600 030000-040000   00     109.49 1008.9    112.93    12.12    -9999
THULE      240510 3600 040000-050000   00     110.13 1008.4    113.15    12.35    -9999
THULE      240510 3600 050000-060000   00     110.25 1007.9    112.83    12.03    -9999
THULE      240510 3600 060000-070000   00     110.89 1007.3    112.97    12.16    -9999
THULE      240510 3600 070000-080000   00     111.17 1006.8    112.87    12.06    -9999
THULE      240510 3600 080000-090000   00     111.44 1006.3    112.73    11.92    -9999
THULE      240510 3600 090000-100000   00     111.83 1006.0    112.83    12.03    -9999
THULE      240510 3600 100000-110000   00     112.31 1005.6    113.01    12.20    -9999
THULE      240510 3600 110000-120000   00     113.01 1005.2    113.33    12.53    -9999
THULE      240510 3600 120000-130000   00     113.56 1004.8    113.63    12.82    -9999
THULE      240510 3600 130000-140000   00     114.71 1004.5    114.48    13.67    -9999
THULE      240510 3600 140000-150000   00     114.46 1004.2    113.95    13.14    -9999
THULE      240510 3600 150000-160000   00     114.98 1003.9    114.22    13.40    -9999
THULE      240510 3600 160000-170000   00     115.14 1003.6    114.13    13.32    -9999
THULE      240510 3600 170000-180000   00     115.52 1003.2    114.19    13.38    -9999
THULE      240510 3600 180000-190000   00     115.49 1003.0    113.97    13.15    -9999
THULE      240510 3600 190000-200000   00     113.83 1003.0    112.31    11.51    -9999
THULE      240510 3600 200000-210000   00     112.21 1003.0    110.73     9.94    -9999
THULE      240510 300  210000-210500   00     112.38 1003.1    110.95    10.16    -9999
THULE      240510 300  210500-211000   00     112.45 1003.1    111.02    10.23    -9999
THULE      240510 300  211000-211500   00     111.43 1003.1    110.03     9.24    -9999
THULE      240510 300  211500-212000   00     112.32 1003.0    110.89    10.10    -9999
THULE      240510 300  212000-212500   00     111.46 1003.0    110.02     9.24    -9999
THULE      240510 300  212500-213000   00     110.85 1003.0    109.40     8.62    -9999
THULE      240510 300  213000-213500   00     110.07 1003.0    108.63     7.85    -9999
THULE      240510 300  213500-214000   00     109.07 1003.0    107.63     6.86    -9999
THULE      240510 300  214000-214500   00     108.32 1003.0    106.92     6.16    -9999
THULE      240510 300  214500-215000   00     111.30 1003.0    109.86     9.08    -9999
THULE      240510 300  215000-215500   00     110.13 1003.0    108.71     7.94    -9999
THULE      240510 300  215500-220000   00     109.13 1003.0    107.73     6.97    -9999
THULE      240510 300  220000-220500   00     107.57 1003.1    106.21     5.45    -9999
THULE      240510 300  220500-221000   00     105.25 1003.1    103.92     3.18    -9999
THULE      240510 300  221000-221500   00     104.37 1003.1    103.06     2.33    -9999
THULE      240510 300  221500-222000   00     105.60 1003.1    104.28     3.53    -9999
THULE      240510 300  222000-222500   00     103.81 1003.1    102.50     1.77    -9999
THULE      240510 300  222500-223000   00     104.62 1003.1    103.33     2.59    -9999
THULE      240510 300  223000-223500   00     103.99 1003.1    102.72     1.98    -9999
THULE      240510 300  223500-224000   00     104.44 1003.1    103.16     2.42    -9999
THULE      240510 300  224000-224500   00     102.81 1003.1    101.58     0.85    -9999
THULE      240510 300  224500-225000   00     102.48 1003.2    101.29     0.57    -9999
THULE      240510 300  225000-225500   00     101.74 1003.2    100.59    -0.13    -9999
THULE      240510 300  225500-230000   00     101.71 1003.2    100.55    -0.16    -9999
THULE      240510 300  230000-230500   00     100.64 1003.3     99.55    -1.16    -9999
THULE      240510 300  230500-231000   00     100.69 1003.4     99.65    -1.06    -9999
THULE      240510 300  231000-231500   00     101.64 1003.4    100.61    -0.11    -9999
THULE      240510 300  231500-232000   00     101.87 1003.4    100.85     0.13    -9999
THULE      240510 300  232000-232500   00     101.23 1003.4    100.23    -0.49    -9999
THULE      240510 300  232500-233000   00     102.46 1003.5    101.49     0.77    -9999
THULE      240510 300  233000-233500   00     101.94 1003.5    101.00     0.28    -9999
THULE      240510 300  233500-234000   00     101.63 1003.6    100.72     0.00    -9999
THULE      240510 300  234000-234500   00     101.25 1003.6    100.35    -0.36    -9999
THULE      240510 300  234500-235000   00     102.04 1003.6    101.15     0.43    -9999
THULE      240510 300  235000-235500   00     101.08 1003.6    100.22    -0.49    -9999
THULE      240510 300  235500-240000   00     101.91 1003.6    101.06     0.34    -9999
THULE      240511 300  000000-000500   00     100.86 1003.7    100.03    -0.69    -9999
THULE      240511 300  000500-001000   00     100.97 1003.7    100.15    -0.57    -9999
THULE      240511 300  001000-001500   00     102.14 1003.7    101.35     0.62    -9999
THULE      240511 300  001500-002000   00     101.76 1003.8    101.03     0.31    -9999
THULE      240511 300  002000-002500   00     101.60 1003.9    100.93     0.21    -9999
THULE      240511 300  002500-003000   00     100.30 1004.0     99.70    -1.01    -9999
THULE      240511 300  003000-003500   00     101.28 1004.0    100.71    -0.01    -9999
THULE      240511 300  003500-004000   00     101.90 1004.1    101.36     0.64    -9999
THULE      240511 300  004000-004500   00     101.80 1004.1    101.32     0.59    -9999
THULE      240511 300  004500-005000   00     101.32 1004.1    100.83     0.11    -9999
THULE      240511 300  005000-005500   00     101.86 1004.1    101.37     0.65    -9999
THULE      240511 300  005500-010000   00     102.03 1004.2    101.59     0.87    -9999
THULE      240511 300  010000-010500   00     101.84 1004.2    101.41     0.69     0.66
THULE      240511 300  010500-011000   00     100.15 1004.2     99.76    -0.95    -0.99
THULE      240511 300  011000-011500   00     101.21 1004.3    100.83     0.11     0.07
THULE      240511 300  011500-012000   00     102.03 1004.3    101.69     0.96     0.92
THULE      240511 300  012000-012500   00     103.49 1004.4    103.17     2.43     2.38
THULE      240511 300  012500-013000   00     102.83 1004.4    102.54     1.81     1.76
THULE      240511 300  013000-013500   00     102.97 1004.4    102.69     1.95     1.90
THULE      240511 300  013500-014000   00     103.22 1004.4    102.90     2.16     2.10
THULE      240511 300  014000-014500   00     101.92 1004.3    101.59     0.86     0.80
THULE      240511 300  014500-015000   00     103.29 1004.4    102.98     2.24     2.17
THULE      240511 300  015000-015500   00     102.76 1004.4    102.43     1.70     1.63
THULE      240511 300  015500-020000   00     103.69 1004.4    103.37     2.63     2.55
THULE      240511 300  020000-020500   00     103.27 1004.3    102.89     2.16     2.08
THULE      240511 300  020500-021000   00     103.64 1004.3    103.30     2.57     2.48
THULE      240511 300  021000-021500   00     102.42 1004.3    102.08     1.35     1.27
THULE      240511 300  021500-022000   00     102.67 1004.3    102.32     1.59     1.50
THULE      240511 300  022000-022500   00     103.12 1004.4    102.79     2.06     1.96
THULE      240511 300  022500-023000   00     104.98 1004.3    104.64     3.90     3.80
THULE      240511 300  023000-023500   00     103.76 1004.4    103.43     2.69     2.59
THULE      240511 300  023500-024000   00     103.90 1004.4    103.62     2.88     2.77
THULE      240511 300  024000-024500   00     104.35 1004.5    104.11     3.36     3.25
THULE      240511 300  024500-025000   00     105.21 1004.5    104.97     4.22     4.10
THULE      240511 300  025000-025500   00     104.28 1004.5    104.04     3.30     3.17
THULE      240511 300  025500-030000   00     105.06 1004.5    104.84     4.09     3.97
THULE      240511 300  030000-030500   00     107.37 1004.5    107.14     6.38     6.25
THULE      240511 300  030500-031000   00     106.49 1004.5    106.28     5.52     5.39
THULE      240511 300  031000-031500   00     104.89 1004.4    104.64     3.89     3.75
THULE      240511 300  031500-032000   00     106.66 1004.5    106.43     5.67     5.53
THULE      240511 300  032000-032500   00     107.93 1004.5    107.71     6.94     6.79
THULE      240511 300  032500-033000   00     105.52 1004.5    105.28     4.53     4.38
THULE      240511 300  033000-033500   00     105.69 1004.5    105.46     4.71     4.55
THULE      240511 300  033500-034000   00     106.21 1004.5    106.02     5.26     5.10
THULE      240511 300  034000-034500   00     106.07 1004.6    105.90     5.14     4.98
THULE      240511 300  034500-035000   00     106.44 1004.5    106.24     5.49     5.32
THULE      240511 300  035000-035500   00     105.59 1004.6    105.41     4.66     4.49
THULE      240511 300  035500-040000   00     105.27 1004.5    105.07     4.32     4.15
THULE      240511 300  040000-040500   00     105.96 1004.6    105.80     5.05     4.87
THULE      240511 300  040500-041000   00     104.84 1004.6    104.70     3.96     3.77
THULE      240511 300  041000-041500   00     103.19 1004.7    103.11     2.38     2.19
THULE      240511 300  041500-042000   00     105.05 1004.7    105.00     4.25     4.06
THULE      240511 300  042000-042500   00     105.18 1004.7    105.14     4.39     4.20
THULE      240511 300  042500-043000   00     103.89 1004.8    103.91     3.16     2.97
THULE      240511 300  043000-043500   00     104.52 1004.8    104.57     3.82     3.62
THULE      240511 300  043500-044000   00     104.92 1004.8    104.96     4.21     4.00
THULE      240511 300  044000-044500   00     104.18 1004.8    104.21     3.47     3.26
THULE      240511 300  044500-045000   00     104.37 1004.8    104.42     3.68     3.46
THULE      240511 300  045000-045500   00     105.43 1004.9    105.51     4.76     4.54
THULE      240511 300  045500-050000   00     103.19 1004.9    103.29     2.56     2.33
THULE      240511 300  050000-050500   00     104.40 1005.0    104.56     3.81     3.59
THULE      240511 300  050500-051000   00     102.57 1005.1    102.78     2.05     1.82
THULE      240511 300  051000-051500   00     103.16 1005.2    103.45     2.71     2.48
THULE      240511 300  051500-052000   00     104.23 1005.2    104.54     3.80     3.56
THULE      240511 300  052000-052500   00     102.30 1005.2    102.62     1.89     1.65
THULE      240511 300  052500-053000   00     102.73 1005.2    103.08     2.35     2.10
THULE      240511 300  053000-053500   00     102.58 1005.3    102.96     2.23     1.98
THULE      240511 300  053500-054000   00     103.17 1005.3    103.56     2.82     2.57
THULE      240511 300  054000-054500   00     103.35 1005.3    103.77     3.03     2.77
THULE      240511 300  054500-055000   00     104.14 1005.4    104.59     3.85     3.58
THULE      240511 300  055000-055500   00     103.96 1005.4    104.43     3.68     3.41
THULE      240511 300  055500-060000   00     103.79 1005.4    104.25     3.51     3.23
THULE      240511 300  060000-060500   00     104.18 1005.3    104.62     3.87     3.60
THULE      240511 300  060500-061000   00     103.56 1005.3    103.98     3.24     2.96
THULE      240511 300  061000-061500   00     104.02 1005.3    104.43     3.69     3.40
THULE      240511 300  061500-062000   00     103.29 1005.3    103.70     2.96     2.67
THULE      240511 300  062000-062500   00     102.56 1005.3    102.94     2.20     1.91
THULE      240511 300  062500-063000   00     103.10 1005.3    103.49     2.76     2.46
THULE      240511 300  063000-063500   00     104.24 1005.3    104.65     3.91     3.61
THULE      240511 300  063500-064000   00     102.68 1005.3    103.08     2.34     2.04
THULE      240511 300  064000-064500   00     102.75 1005.3    103.15     2.41     2.11
THULE      240511 300  064500-065000   00     104.09 1005.3    104.49     3.74     3.43
THULE      240511 300  065000-065500   00     104.54 1005.3    104.98     4.23     3.91
THULE      240511 300  065500-070000   00     103.92 1005.3    104.35     3.61     3.29
THULE      240511 300  070000-070500   00     105.02 1005.3    105.45     4.70     4.37
THULE      240511 300  070500-071000   00     104.75 1005.3    105.19     4.44     4.12
THULE      240511 300  071000-071500   00     103.38 1005.4    103.83     3.09     2.76
THULE      240511 300  071500-072000   00     103.40 1005.4    103.87     3.13     2.79
THULE      240511 300  072000-072500   00     104.59 1005.4    105.12     4.37     4.03
THULE      240511 300  072500-073000   00     102.67 1005.5    103.23     2.49     2.15
THULE      240511 300  073000-073500   00     103.14 1005.5    103.70     2.96     2.61
THULE      240511 300  073500-074000   00     102.55 1005.5    103.14     2.40     2.05
THULE      240511 300  074000-074500   00     103.27 1005.6    103.89     3.14     2.79
THULE      240511 300  074500-075000   00     102.54 1005.6    103.16     2.42     2.06
THULE      240511 300  075000-075500   00     103.61 1005.6    104.28     3.54     3.17
THULE      240511 300  075500-080000   00     103.25 1005.6    103.91     3.17     2.80
THULE      240511 300  080000-080500   00     104.25 1005.7    104.95     4.20     3.83
THULE      240511 300  080500-081000   00     102.58 1005.7    103.28     2.55     2.17
THULE      240511 300  081000-081500   00     102.66 1005.7    103.34     2.61     2.23
THULE      240511 300  081500-082000   00     102.79 1005.7    103.48     2.74     2.36
THULE      240511 300  082000-082500   00     103.27 1005.7    104.01     3.26     2.87
THULE      240511 300  082500-083000   00     103.38 1005.8    104.13     3.39     3.00
THULE      240511 300  083000-083500   00     101.67 1005.8    102.44     1.71     1.31
THULE      240511 300  083500-084000   00     102.52 1005.8    103.34     2.60     2.20
THULE      240511 300  084000-084500   00     101.38 1005.9    102.24     1.51     1.10
THULE      240511 300  084500-085000   00     100.80 1006.0    101.69     0.96     0.55
THULE      240511 300  085000-085500   00     102.09 1006.0    103.00     2.27     1.85
THULE      240511 300  085500-090000   00      99.94 1006.0    100.84     0.12    -0.30
THULE      240511 300  090000-090500   00      99.86 1006.0    100.80     0.08    -0.34
THULE      240511 300  090500-091000   00     101.94 1006.0    102.90     2.17     1.74
THULE      240511 300  091000-091500   00     101.50 1006.0    102.45     1.72     1.29
THULE      240511 300  091500-092000   00     100.55 1006.0    101.45     0.73     0.29
THULE      240511 300  092000-092500   00     101.12 1006.0    102.04     1.32     0.88
THULE      240511 300  092500-093000   00     101.96 1006.0    102.90     2.17     1.73
THULE      240511 300  093000-093500   00     101.90 1006.0    102.86     2.12     1.68
THULE      240511 300  093500-094000   00     101.56 1006.1    102.55     1.82     1.37
THULE      240511 300  094000-094500   00     102.21 1006.1    103.23     2.49     2.04
THULE      240511 300  094500-095000   00     101.33 1006.1    102.33     1.60     1.14
THULE      240511 300  095000-095500   00     102.42 1006.1    103.44     2.70     2.24
THULE      240511 300  095500-100000   00     102.11 1006.1    103.12     2.38     1.92
THULE      240511 300  100000-100500   00     101.57 1006.1    102.55     1.82     1.35
THULE      240511 300  100500-101000   00     102.19 1006.1    103.21     2.48     2.00
THULE      240511 300  101000-101500   00     101.63 1006.1    102.65     1.92     1.44
THULE      240511 300  101500-102000   00     102.43 1006.1    103.45     2.72     2.23
THULE      240511 300  102000-102500   00     102.98 1006.1    104.01     3.27     2.78
THULE      240511 300  102500-103000   00     101.70 1006.1    102.74     2.01     1.52
THULE      240511 300  103000-103500   00     101.39 1006.1    102.40     1.67     1.17
THULE      240511 300  103500-104000   00     102.43 1006.1    103.45     2.72     2.22
THULE      240511 300  104000-104500   00     102.54 1006.2    103.63     2.89     2.38
THULE      240511 300  104500-105000   00     102.30 1006.1    103.34     2.60     2.10
THULE      240511 300  105000-105500   00     102.26 1006.1    103.24     2.51     1.99
THULE      240511 300  105500-110000   00     102.53 1006.1    103.54     2.80     2.29
THULE      240511 300  110000-110500   00     101.08 1006.2    102.13     1.40     0.88
THULE      240511 300  110500-111000   00     101.60 1006.2    102.65     1.92     1.40
THULE      240511 300  111000-111500   00     101.66 1006.2    102.71     1.97     1.45
THULE      240511 300  111500-112000   00     103.15 1006.1    104.20     3.45     2.92
THULE      240511 300  112000-112500   00     102.84 1006.1    103.85     3.11     2.57
THULE      240511 300  112500-113000   00     101.61 1006.1    102.61     1.87     1.33
THULE      240511 300  113000-113500   00     100.65 1006.1    101.66     0.93     0.39
THULE      240511 300  113500-114000   00     102.78 1006.1    103.81     3.07     2.52
THULE      240511 300  114000-114500   00     101.33 1006.1    102.34     1.61     1.06
THULE      240511 300  114500-115000   00     102.86 1006.1    103.88     3.14     2.58
THULE      240511 300  115000-115500   00      99.86 1006.1    100.82     0.10    -0.46
THULE      240511 300  115500-120000   00     101.52 1006.1    102.51     1.78     1.21
THULE      240511 300  120000-120500   00     100.39 1006.1    101.36     0.64     0.07
THULE      240511 300  120500-121000   00     100.14 1006.0    101.10     0.38    -0.20
THULE      240511 300  121000-121500   00     100.22 1006.1    101.20     0.48    -0.10
THULE      240511 300  121500-122000   00     100.73 1006.1    101.73     1.00     0.42
THULE      240511 300  122000-122500   00     100.52 1006.1    101.52     0.79     0.21
THULE      240511 300  122500-123000   00     100.83 1006.1    101.83     1.11     0.52
THULE      240511 300  123000-123500   00      99.93 1006.1    100.92     0.20    -0.39
THULE      240511 300  123500-124000   00      99.27 1006.1    100.23    -0.49    -1.08
THULE      240511 300  124000-124500   00     100.90 1006.0    101.85     1.12     0.52
THULE      240511 300  124500-125000   00     101.53 1006.1    102.51     1.77     1.17
THULE      240511 300  125000-125500   00      99.85 1006.1    100.81     0.09    -0.52
THULE      240511 300  125500-130000   00      99.52 1006.0    100.46    -0.26    -0.87
THULE      240511 300  130000-130500   00     101.00 1006.0    101.94     1.21     0.59
THULE      240511 300  130500-131000   00     101.16 1006.0    102.10     1.37     0.75
THULE      240511 300  131000-131500   00     100.48 1006.0    101.40     0.67     0.05
THULE      240511 300  131500-132000   00      99.42 1006.0    100.34    -0.37    -1.00
THULE      240511 300  132000-132500   00      99.54 1006.0    100.46    -0.26    -0.89
THULE      240511 300  132500-133000   00     100.15 1006.0    101.07     0.35    -0.29
THULE      240511 300  133000-133500   00     100.41 1006.0    101.35     0.63    -0.01
THULE      240511 300  133500-134000   00      99.71 1006.0    100.62    -0.09    -0.74
THULE      240511 300  134000-134500   00     100.30 1006.0    101.20     0.48    -0.17
THULE      240511 300  134500-135000   00      99.65 1006.0    100.54    -0.18    -0.83
THULE      240511 300  135000-135500   00     100.26 1005.9    101.12     0.40    -0.26
THULE      240511 300  135500-140000   00     100.98 1005.9    101.83     1.11     0.45
THULE      240511 300  140000-140500   00     101.46 1005.9    102.31     1.58    -9999
THULE      240511 300  140500-141000   00     101.20 1005.9    102.03     1.31    -9999
THULE      240511 300  141000-141500   00     100.39 1005.9    101.20     0.48    -9999
THULE      240511 300  141500-142000   00     100.66 1005.8    101.46     0.73    -9999
THULE      240511 300  142000-142500   00     102.02 1005.8    102.82     2.09    -9999
THULE      240511 300  142500-143000   00     100.92 1005.8    101.68     0.96    -9999
THULE      240511 300  143000-143500   00     100.10 1005.8    100.84     0.12    -9999
THULE      240511 300  143500-144000   00     100.40 1005.7    101.13     0.41    -9999
THULE      240511 300  144000-144500   00     100.59 1005.8    101.35     0.63    -9999
THULE      240511 300  144500-145000   00     100.94 1005.8    101.72     1.00    -9999
THULE      240511 300  145000-145500   00     101.13 1005.8    101.91     1.18    -9999
THULE      240511 300  145500-150000   00     100.23 1005.7    100.96     0.24    -9999
THULE      240511 300  150000-150500   00     101.54 1005.8    102.28     1.55    -9999
THULE      240511 300  150500-151000   00     100.32 1005.8    101.09     0.37    -9999
THULE      240511 300  151000-151500   00     102.11 1005.8    102.87     2.13    -9999
THULE      240511 300  151500-152000   00     100.75 1005.8    101.53     0.81    -9999
THULE      240511 300  152000-152500   00     102.50 1005.8    103.28     2.54    -9999
THULE      240511 300  152500-153000   00     101.75 1005.8    102.51     1.78    -9999
THULE      240511 300  153000-153500   00     101.76 1005.7    102.50     1.77    -9999
THULE      240511 300  153500-154000   00     102.89 1005.7    103.62     2.88    -9999
THULE      240511 300  154000-154500   00     102.87 1005.7    103.58     2.84    -9999
THULE      240511 300  154500-155000   00     100.43 1005.7    101.13     0.41    -9999
THULE      240511 300  155000-155500   00     102.05 1005.7    102.72     1.99    -9999
THULE      240511 300  155500-160000   00     101.01 1005.7    101.68     0.95    -9999
THULE      240511 3600 160000-170000   00     102.09 1005.7    102.77     2.04    -9999
THULE      240511 3600 170000-180000   00     102.42 1005.5    102.97     2.23    -9999
THULE      240511 3600 180000-190000   00     103.15 1005.6    103.76     3.02    -9999
THULE      240511 3600 190000-200000   00     103.49 1005.5    104.03     3.28    -9999
THULE      240511 3600 200000-210000   00     103.89 1005.3    104.31     3.56    -9999
THULE      240511 3600 210000-220000   00     104.30 1005.2    104.59     3.85    -9999
THULE      240511 3600 220000-230000   00     103.34 1005.0    103.51     2.78    -9999
THULE      240511 3600 230000-240000   00     103.01 1004.9    103.13     2.40    -9999
THULE      240512 3600 000000-010000   00     103.35 1004.9    103.42     2.68    -9999
THULE      240512 3600 010000-020000   00     103.17 1004.6    103.02     2.29    -9999
THULE      240512 3600 020000-030000   00     103.75 1004.1    103.23     2.49    -9999
THULE      240512 3600 030000-040000   00     104.38 1003.7    103.55     2.81    -9999
THULE      240512 3600 040000-050000   00     104.92 1003.2    103.67     2.93    -9999
THULE      240512 3600 050000-060000   00     105.73 1002.6    104.04     3.30    -9999
THULE      240512 3600 060000-070000   00     105.73 1002.3    103.84     3.10    -9999
THULE      240512 3600 070000-080000   00     106.28 1001.8    103.98     3.23    -9999
THULE      240512 3600 080000-090000   00     106.98 1001.3    104.25     3.50    -9999
THULE      240512 3600 090000-100000   00     107.79 1000.8    104.68     3.93    -9999
THULE      240512 3600 100000-110000   00     108.09 1000.3    104.53     3.78    -9999
THULE      240512 3600 110000-120000   00     108.06  999.7    104.07     3.33    -9999
THULE      240512 3600 120000-130000   00     108.51  999.1    104.01     3.26    -9999
THULE      240512 3600 130000-140000   00     109.18  998.4    104.13     3.39    -9999
THULE      240512 3600 140000-150000   00     110.06  997.5    104.30     3.56    -9999
THULE      240512 3600 150000-160000   00     111.25  996.5    104.65     3.91    -9999
THULE      240512 3600 160000-170000   00     112.07  995.8    104.82     4.07    -9999
THULE      240512 3600 170000-180000   00     112.62  995.0    104.74     4.00    -9999
THULE      240512 3600 180000-190000   00     113.95  994.3    105.44     4.69    -9999
THULE      240512 3600 190000-200000   00     114.20  993.5    105.06     4.31    -9999
THULE      240512 3600 200000-210000   00     114.66  992.8    104.88     4.13    -9999
THULE      240512 3600 210000-220000   00     116.09  992.1    105.70     4.94    -9999
THULE      240512 3600 220000-230000   00     116.42  991.5    105.51     4.76    -9999
THULE      240512 3600 230000-240000   00     117.16  991.4    106.04     5.29    -9999
*
COMMENT NM DATA DOWNLOADED FROM NMDB ON 14.5.2024
COMMENT DETRENDING DONE BY IU
COMMENT UNIVERISTY OF OULU: FILE GENERATED FROM DATABASE AND OBTAINED FROM
COMMENT https://gle.oulu.fi at 2025-01-03 09:23:40 +00:00
COMMENT FOR HISTORICAL/ORIGINAL TEXT FILES SEE https://gle.oulu.fi/txtarchive/
COMMENT ORIGINAL AT https://gle.oulu.fi/txtarchive/GLE74/C074THUL_cor.DAT
COMMENT DETRENDED DATA SHOW -9999 IF EQUAL TO INC% COLUMN 