MEXICOCITY LATITUDE    19.33     LONGITUDE     260.82    ALTITUDE    2274 M
MEXICOCITY INSTRUMENT   6-NM-64  NEUTRON MONITOR
MEXICOCITY STANDARD PRESSURE    779     MB     COEFFICIENT   -0.71     % / MB
MEXICOCITY PRE-INCREASE BASELINE TIME INTERVAL    240510    233000-013000   UT
MEXICOCITY PRE-INCREASE AVERAGE COUNTING RATE    205.31      COUNTS PER SECOND
MEXICOCITY TIME INTERVALS    300         3600     
MEXICOCITY SCALE FACTORS     1           1        
STATION    YYMMDD  SEC   TIME (UT)   CODE    UNCORR. PRESS.    CORR.    % INC.	DETRENDED
                         INTERVAL    TD      C/S     (MB)      C/S
MEXICOCITY 240510 3600 000000-010000   00     229.76  772.4    219.70     7.01    -9999
MEXICOCITY 240510 3600 010000-020000   00     228.01  773.4    219.54     6.93    -9999
MEXICOCITY 240510 3600 020000-030000   00     227.29  774.3    220.32     7.31    -9999
MEXICOCITY 240510 3600 030000-040000   00     225.26  775.1    219.59     6.96    -9999
MEXICOCITY 240510 3600 040000-050000   00     225.80  775.7    221.01     7.65    -9999
MEXICOCITY 240510 3600 050000-060000   00     225.44  775.8    220.85     7.57    -9999
MEXICOCITY 240510 3600 060000-070000   00     225.08  775.6    220.24     7.27    -9999
MEXICOCITY 240510 3600 070000-080000   00     226.37  774.9    220.34     7.32    -9999
MEXICOCITY 240510 3600 080000-090000   00     227.77  774.3    220.74     7.51    -9999
MEXICOCITY 240510 3600 090000-100000   00     228.60  774.0    221.10     7.69    -9999
MEXICOCITY 240510 3600 100000-110000   00     228.22  773.8    220.51     7.40    -9999
MEXICOCITY 240510 3600 110000-120000   00     228.99  774.1    221.61     7.94    -9999
MEXICOCITY 240510 3600 120000-130000   00     228.01  774.7    221.65     7.96    -9999
MEXICOCITY 240510 3600 130000-140000   00     227.82  775.5    222.66     8.45    -9999
MEXICOCITY 240510 3600 140000-150000   00     227.87  775.6    222.98     8.60    -9999
MEXICOCITY 240510 3600 150000-160000   00     227.63  775.6    222.71     8.47    -9999
MEXICOCITY 240510 3600 160000-170000   00     227.66  775.4    222.39     8.32    -9999
MEXICOCITY 240510 3600 170000-180000   00     228.44  774.9    222.41     8.33    -9999
MEXICOCITY 240510 3600 180000-190000   00     229.59  774.2    222.46     8.35    -9999
MEXICOCITY 240510 3600 190000-200000   00     230.18  773.7    222.16     8.21    -9999
MEXICOCITY 240510 3600 200000-210000   00     228.15  772.9    218.95     6.64    -9999
MEXICOCITY 240510 300  210000-210500   00     225.01  772.6    215.46     4.94    -9999
MEXICOCITY 240510 300  210500-211000   00     225.59  772.5    215.89     5.15    -9999
MEXICOCITY 240510 300  211000-211500   00     226.38  772.5    216.61     5.50    -9999
MEXICOCITY 240510 300  211500-212000   00     226.33  772.4    216.45     5.43    -9999
MEXICOCITY 240510 300  212000-212500   00     228.94  772.4    218.88     6.61    -9999
MEXICOCITY 240510 300  212500-213000   00     224.19  772.3    214.24     4.35    -9999
MEXICOCITY 240510 300  213000-213500   00     223.82  772.3    213.90     4.18    -9999
MEXICOCITY 240510 300  213500-214000   00     225.66  772.3    215.65     5.04    -9999
MEXICOCITY 240510 300  214000-214500   00     224.45  772.2    214.41     4.43    -9999
MEXICOCITY 240510 300  214500-215000   00     223.51  772.2    213.44     3.96    -9999
MEXICOCITY 240510 300  215000-215500   00     224.08  772.2    213.99     4.23    -9999
MEXICOCITY 240510 300  215500-220000   00     227.07  772.1    216.76     5.57    -9999
MEXICOCITY 240510 300  220000-220500   00     226.30  772.1    215.95     5.18    -9999
MEXICOCITY 240510 300  220500-221000   00     226.11  772.1    215.77     5.10    -9999
MEXICOCITY 240510 300  221000-221500   00     222.99  772.1    212.79     3.64    -9999
MEXICOCITY 240510 300  221500-222000   00     224.36  772.0    214.01     4.24    -9999
MEXICOCITY 240510 300  222000-222500   00     221.51  772.0    211.23     2.88    -9999
MEXICOCITY 240510 300  222500-223000   00     222.68  772.0    212.29     3.40    -9999
MEXICOCITY 240510 300  223000-223500   00     225.16  771.9    214.57     4.51    -9999
MEXICOCITY 240510 300  223500-224000   00     223.37  771.9    212.86     3.68    -9999
MEXICOCITY 240510 300  224000-224500   00     224.01  771.9    213.41     3.94    -9999
MEXICOCITY 240510 300  224500-225000   00     224.16  771.9    213.58     4.03    -9999
MEXICOCITY 240510 300  225000-225500   00     222.37  771.8    211.75     3.14    -9999
MEXICOCITY 240510 300  225500-230000   00     222.24  771.8    211.63     3.08    -9999
MEXICOCITY 240510 300  230000-230500   00     220.75  771.8    210.15     2.36    -9999
MEXICOCITY 240510 300  230500-231000   00     219.09  771.7    208.48     1.54    -9999
MEXICOCITY 240510 300  231000-231500   00     217.98  771.7    207.43     1.03    -9999
MEXICOCITY 240510 300  231500-232000   00     217.56  771.7    207.03     0.84    -9999
MEXICOCITY 240510 300  232000-232500   00     218.99  771.7    208.33     1.47    -9999
MEXICOCITY 240510 300  232500-233000   00     215.99  771.6    205.39     0.04    -9999
MEXICOCITY 240510 300  233000-233500   00     217.29  771.6    206.61     0.63    -9999
MEXICOCITY 240510 300  233500-234000   00     213.56  771.6    203.08    -1.09    -9999
MEXICOCITY 240510 300  234000-234500   00     215.33  771.6    204.76    -0.27    -9999
MEXICOCITY 240510 300  234500-235000   00     217.63  771.6    206.94     0.79    -9999
MEXICOCITY 240510 300  235000-235500   00     215.95  771.6    205.34     0.02    -9999
MEXICOCITY 240510 300  235500-240000   00     216.22  771.6    205.60     0.14    -9999
MEXICOCITY 240511 300  000000-000500   00     215.56  771.6    204.95    -0.18    -9999
MEXICOCITY 240511 300  000500-001000   00     217.40  771.6    206.72     0.69    -9999
MEXICOCITY 240511 300  001000-001500   00     211.43  771.6    201.05    -2.08    -9999
MEXICOCITY 240511 300  001500-002000   00     214.96  771.5    204.23    -0.53    -9999
MEXICOCITY 240511 300  002000-002500   00     212.70  771.7    202.43    -1.40    -9999
MEXICOCITY 240511 300  002500-003000   00     213.55  771.8    203.41    -0.93    -9999
MEXICOCITY 240511 300  003000-003500   00     213.72  771.9    203.67    -0.80    -9999
MEXICOCITY 240511 300  003500-004000   00     215.63  771.9    205.43     0.06    -9999
MEXICOCITY 240511 300  004000-004500   00     215.25  771.9    205.11    -0.10    -9999
MEXICOCITY 240511 300  004500-005000   00     213.69  772.0    203.72    -0.77    -9999
MEXICOCITY 240511 300  005000-005500   00     216.27  772.1    206.39     0.52    -9999
MEXICOCITY 240511 300  005500-010000   00     216.09  772.2    206.30     0.48    -9999
MEXICOCITY 240511 300  010000-010500   00     215.81  772.3    206.18     0.42    -9999
MEXICOCITY 240511 300  010500-011000   00     215.94  772.4    206.46     0.56    -9999
MEXICOCITY 240511 300  011000-011500   00     216.89  772.4    207.45     1.04    -9999
MEXICOCITY 240511 300  011500-012000   00     216.17  772.5    206.94     0.79    -9999
MEXICOCITY 240511 300  012000-012500   00     215.97  772.7    206.95     0.80    -9999
MEXICOCITY 240511 300  012500-013000   00     216.51  772.9    207.73     1.18    -9999
MEXICOCITY 240511 300  013000-013500   00     216.48  772.9    207.76     1.19    -9999
MEXICOCITY 240511 300  013500-014000   00     217.85  772.9    209.11     1.85    -9999
MEXICOCITY 240511 300  014000-014500   00     219.40  773.0    210.77     2.66    -9999
MEXICOCITY 240511 300  014500-015000   00     217.59  773.1    209.12     1.86    -9999
MEXICOCITY 240511 300  015000-015500   00     217.93  773.1    209.52     2.05    -9999
MEXICOCITY 240511 300  015500-020000   00     217.33  773.2    209.02     1.81    -9999
MEXICOCITY 240511 300  020000-020500   00     216.37  773.3    208.22     1.42    -9999
MEXICOCITY 240511 300  020500-021000   00     214.59  773.3    206.54     0.60    -9999
MEXICOCITY 240511 300  021000-021500   00     212.64  773.4    204.81    -0.25    -9999
MEXICOCITY 240511 300  021500-022000   00     214.25  773.4    206.35     0.51    -9999
MEXICOCITY 240511 300  022000-022500   00     216.16  773.5    208.29     1.45    -9999
MEXICOCITY 240511 300  022500-023000   00     217.37  773.5    209.58     2.08    -9999
MEXICOCITY 240511 300  023000-023500   00     216.47  773.7    208.92     1.76    -9999
MEXICOCITY 240511 300  023500-024000   00     216.83  773.8    209.41     2.00    -9999
MEXICOCITY 240511 300  024000-024500   00     213.14  773.8    205.88     0.28    -9999
MEXICOCITY 240511 300  024500-025000   00     216.58  773.9    209.35     1.97    -9999
MEXICOCITY 240511 300  025000-025500   00     216.04  773.9    208.83     1.71    -9999
MEXICOCITY 240511 300  025500-030000   00     216.70  774.0    209.58     2.08    -9999
MEXICOCITY 240511 300  030000-030500   00     216.25  774.0    209.18     1.88    -9999
MEXICOCITY 240511 300  030500-031000   00     217.80  774.1    210.83     2.69    -9999
MEXICOCITY 240511 300  031000-031500   00     219.35  774.2    212.48     3.49    -9999
MEXICOCITY 240511 300  031500-032000   00     216.99  774.2    210.25     2.41    -9999
MEXICOCITY 240511 300  032000-032500   00     217.72  774.3    211.11     2.83    -9999
MEXICOCITY 240511 300  032500-033000   00     216.37  774.4    209.95     2.26    -9999
MEXICOCITY 240511 300  033000-033500   00     215.71  774.6    209.55     2.06    -9999
MEXICOCITY 240511 300  033500-034000   00     215.56  774.6    209.40     1.99    -9999
MEXICOCITY 240511 300  034000-034500   00     216.27  774.6    210.09     2.33    -9999
MEXICOCITY 240511 300  034500-035000   00     214.22  774.7    208.19     1.40    -9999
MEXICOCITY 240511 300  035000-035500   00     212.89  774.7    206.96     0.80    -9999
MEXICOCITY 240511 300  035500-040000   00     213.27  774.7    207.38     1.01    -9999
MEXICOCITY 240511 300  040000-040500   00     212.98  774.9    207.28     0.96    -9999
MEXICOCITY 240511 300  040500-041000   00     213.26  774.9    207.62     1.12    -9999
MEXICOCITY 240511 300  041000-041500   00     212.71  775.0    207.22     0.93    -9999
MEXICOCITY 240511 300  041500-042000   00     212.94  775.1    207.60     1.11    -9999
MEXICOCITY 240511 300  042000-042500   00     213.39  775.1    208.04     1.33    -9999
MEXICOCITY 240511 300  042500-043000   00     210.90  775.1    205.61     0.15    -9999
MEXICOCITY 240511 300  043000-043500   00     212.37  775.1    207.04     0.84    -9999
MEXICOCITY 240511 300  043500-044000   00     215.24  775.1    209.84     2.20    -9999
MEXICOCITY 240511 300  044000-044500   00     213.97  775.1    208.60     1.60    -9999
MEXICOCITY 240511 300  044500-045000   00     211.52  775.1    206.22     0.44    -9999
MEXICOCITY 240511 300  045000-045500   00     209.59  775.1    204.33    -0.48    -9999
MEXICOCITY 240511 300  045500-050000   00     210.99  775.1    205.70     0.19    -9999
MEXICOCITY 240511 300  050000-050500   00     209.77  775.1    204.50    -0.39    -9999
MEXICOCITY 240511 300  050500-051000   00     210.12  775.1    204.91    -0.20    -9999
MEXICOCITY 240511 300  051000-051500   00     209.89  775.2    204.77    -0.26    -9999
MEXICOCITY 240511 300  051500-052000   00     211.39  775.2    206.23     0.45    -9999
MEXICOCITY 240511 300  052000-052500   00     212.20  775.2    207.03     0.84    -9999
MEXICOCITY 240511 300  052500-053000   00     213.74  775.2    208.53     1.57    -9999
MEXICOCITY 240511 300  053000-053500   00     211.85  775.2    206.69     0.67    -9999
MEXICOCITY 240511 300  053500-054000   00     214.87  775.2    209.63     2.10    -9999
MEXICOCITY 240511 300  054000-054500   00     212.02  775.2    206.85     0.75    -9999
MEXICOCITY 240511 300  054500-055000   00     213.08  775.1    207.77     1.20    -9999
MEXICOCITY 240511 300  055000-055500   00     211.73  775.1    206.42     0.54    -9999
MEXICOCITY 240511 300  055500-060000   00     213.94  775.1    208.51     1.56    -9999
MEXICOCITY 240511 300  060000-060500   00     208.65  775.0    203.27    -1.00    -9999
MEXICOCITY 240511 300  060500-061000   00     211.94  774.9    206.36     0.51    -9999
MEXICOCITY 240511 300  061000-061500   00     210.11  774.9    204.57    -0.36    -9999
MEXICOCITY 240511 300  061500-062000   00     208.98  774.9    203.50    -0.88    -9999
MEXICOCITY 240511 300  062000-062500   00     209.98  774.9    204.45    -0.42    -9999
MEXICOCITY 240511 300  062500-063000   00     213.65  774.9    208.05     1.33    -9999
MEXICOCITY 240511 300  063000-063500   00     210.07  775.0    204.63    -0.33    -9999
MEXICOCITY 240511 300  063500-064000   00     210.65  774.9    205.07    -0.12    -9999
MEXICOCITY 240511 300  064000-064500   00     212.01  774.9    206.40     0.53    -9999
MEXICOCITY 240511 300  064500-065000   00     211.68  774.9    206.07     0.37    -9999
MEXICOCITY 240511 300  065000-065500   00     210.08  774.9    204.51    -0.39    -9999
MEXICOCITY 240511 300  065500-070000   00     213.41  774.9    207.70     1.16    -9999
MEXICOCITY 240511 300  070000-070500   00     211.07  774.8    205.33     0.01    -9999
MEXICOCITY 240511 300  070500-071000   00     211.72  774.7    205.85     0.26    -9999
MEXICOCITY 240511 300  071000-071500   00     212.45  774.7    206.53     0.59    -9999
MEXICOCITY 240511 300  071500-072000   00     212.77  774.6    206.72     0.69    -9999
MEXICOCITY 240511 300  072000-072500   00     214.43  774.6    208.31     1.46    -9999
MEXICOCITY 240511 300  072500-073000   00     214.38  774.6    208.26     1.44    -9999
MEXICOCITY 240511 300  073000-073500   00     212.11  774.6    206.06     0.36    -9999
MEXICOCITY 240511 300  073500-074000   00     215.54  774.6    209.38     1.98    -9999
MEXICOCITY 240511 300  074000-074500   00     214.69  774.6    208.56     1.58    -9999
MEXICOCITY 240511 300  074500-075000   00     211.34  774.6    205.30    -0.01    -9999
MEXICOCITY 240511 300  075000-075500   00     213.86  774.5    207.66     1.14    -9999
MEXICOCITY 240511 300  075500-080000   00     212.90  774.5    206.67     0.66    -9999
MEXICOCITY 240511 300  080000-080500   00     213.09  774.4    206.77     0.71    -9999
MEXICOCITY 240511 300  080500-081000   00     214.20  774.4    207.78     1.20    -9999
MEXICOCITY 240511 300  081000-081500   00     214.43  774.4    208.01     1.31    -9999
MEXICOCITY 240511 300  081500-082000   00     214.18  774.4    207.77     1.20    -9999
MEXICOCITY 240511 300  082000-082500   00     214.33  774.4    207.91     1.27    -9999
MEXICOCITY 240511 300  082500-083000   00     213.98  774.4    207.57     1.10    -9999
MEXICOCITY 240511 300  083000-083500   00     215.29  774.4    208.84     1.72    -9999
MEXICOCITY 240511 300  083500-084000   00     214.12  774.4    207.71     1.17    -9999
MEXICOCITY 240511 300  084000-084500   00     214.44  774.4    208.02     1.32    -9999
MEXICOCITY 240511 300  084500-085000   00     212.93  774.4    206.56     0.61    -9999
MEXICOCITY 240511 300  085000-085500   00     214.07  774.5    207.75     1.19    -9999
MEXICOCITY 240511 300  085500-090000   00     214.95  774.5    208.66     1.63    -9999
MEXICOCITY 240511 300  090000-090500   00     213.65  774.5    207.46     1.05    -9999
MEXICOCITY 240511 300  090500-091000   00     215.96  774.6    209.79     2.18    -9999
MEXICOCITY 240511 300  091000-091500   00     211.74  774.6    205.69     0.18    -9999
MEXICOCITY 240511 300  091500-092000   00     212.58  774.6    206.51     0.59    -9999
MEXICOCITY 240511 300  092000-092500   00     218.24  774.6    211.97     3.24    -9999
MEXICOCITY 240511 300  092500-093000   00     212.18  774.6    206.13     0.40    -9999
MEXICOCITY 240511 300  093000-093500   00     213.32  774.6    207.22     0.93    -9999
MEXICOCITY 240511 300  093500-094000   00     211.65  774.6    205.60     0.14    -9999
MEXICOCITY 240511 300  094000-094500   00     214.80  774.7    208.76     1.68    -9999
MEXICOCITY 240511 300  094500-095000   00     212.46  774.7    206.53     0.60    -9999
MEXICOCITY 240511 300  095000-095500   00     212.19  774.7    206.27     0.47    -9999
MEXICOCITY 240511 300  095500-100000   00     211.05  774.7    205.17    -0.07    -9999
MEXICOCITY 240511 300  100000-100500   00     212.12  774.7    206.21     0.44    -9999
MEXICOCITY 240511 300  100500-101000   00     211.16  774.8    205.36     0.03    -9999
MEXICOCITY 240511 300  101000-101500   00     211.40  774.8    205.62     0.15    -9999
MEXICOCITY 240511 300  101500-102000   00     213.27  774.8    207.48     1.05    -9999
MEXICOCITY 240511 300  102000-102500   00     211.62  774.8    205.87     0.27    -9999
MEXICOCITY 240511 300  102500-103000   00     214.19  774.8    208.32     1.46    -9999
MEXICOCITY 240511 300  103000-103500   00     212.55  774.8    206.77     0.71    -9999
MEXICOCITY 240511 300  103500-104000   00     212.24  774.9    206.59     0.62    -9999
MEXICOCITY 240511 300  104000-104500   00     213.00  774.9    207.36     1.00    -9999
MEXICOCITY 240511 300  104500-105000   00     212.03  774.9    206.42     0.54    -9999
MEXICOCITY 240511 300  105000-105500   00     215.16  774.9    209.46     2.02    -9999
MEXICOCITY 240511 300  105500-110000   00     212.38  775.0    206.84     0.75    -9999
MEXICOCITY 240511 300  110000-110500   00     213.23  775.0    207.73     1.18    -9999
MEXICOCITY 240511 300  110500-111000   00     212.29  775.0    206.85     0.75    -9999
MEXICOCITY 240511 300  111000-111500   00     214.84  775.1    209.45     2.02    -9999
MEXICOCITY 240511 300  111500-112000   00     214.63  775.1    209.24     1.92    -9999
MEXICOCITY 240511 300  112000-112500   00     212.66  775.1    207.33     0.98    -9999
MEXICOCITY 240511 300  112500-113000   00     212.58  775.1    207.25     0.94    -9999
MEXICOCITY 240511 300  113000-113500   00     212.98  775.1    207.63     1.13    -9999
MEXICOCITY 240511 300  113500-114000   00     214.70  775.2    209.40     1.99    -9999
MEXICOCITY 240511 300  114000-114500   00     211.08  775.2    205.92     0.30    -9999
MEXICOCITY 240511 300  114500-115000   00     214.51  775.2    209.27     1.93    -9999
MEXICOCITY 240511 300  115000-115500   00     210.83  775.2    205.68     0.18    -9999
MEXICOCITY 240511 300  115500-120000   00     213.25  775.3    208.13     1.37    -9999
MEXICOCITY 240511 300  120000-120500   00     212.14  775.3    207.12     0.88    -9999
MEXICOCITY 240511 300  120500-121000   00     212.86  775.3    207.84     1.23    -9999
MEXICOCITY 240511 300  121000-121500   00     211.46  775.4    206.60     0.63    -9999
MEXICOCITY 240511 300  121500-122000   00     212.12  775.4    207.24     0.94    -9999
MEXICOCITY 240511 300  122000-122500   00     210.64  775.5    205.88     0.28    -9999
MEXICOCITY 240511 300  122500-123000   00     209.53  775.5    204.85    -0.22    -9999
MEXICOCITY 240511 300  123000-123500   00     208.57  775.6    204.03    -0.63    -9999
MEXICOCITY 240511 300  123500-124000   00     210.44  775.6    205.95     0.31    -9999
MEXICOCITY 240511 300  124000-124500   00     209.95  775.7    205.57     0.12    -9999
MEXICOCITY 240511 300  124500-125000   00     211.19  775.7    206.77     0.71    -9999
MEXICOCITY 240511 300  125000-125500   00     208.82  775.7    204.51    -0.39    -9999
MEXICOCITY 240511 300  125500-130000   00     208.19  775.8    203.98    -0.65    -9999
MEXICOCITY 240511 300  130000-130500   00     208.65  775.9    204.55    -0.37    -9999
MEXICOCITY 240511 300  130500-131000   00     206.76  775.9    202.75    -1.25    -9999
MEXICOCITY 240511 300  131000-131500   00     210.45  776.0    206.48     0.57    -9999
MEXICOCITY 240511 300  131500-132000   00     206.70  776.0    202.81    -1.22    -9999
MEXICOCITY 240511 300  132000-132500   00     210.31  776.1    206.47     0.57    -9999
MEXICOCITY 240511 300  132500-133000   00     209.70  776.1    205.90     0.29    -9999
MEXICOCITY 240511 300  133000-133500   00     208.86  776.0    204.95    -0.17    -9999
MEXICOCITY 240511 300  133500-134000   00     209.80  776.0    205.85     0.26    -9999
MEXICOCITY 240511 300  134000-134500   00     209.01  776.0    205.08    -0.11    -9999
MEXICOCITY 240511 300  134500-135000   00     208.81  776.0    204.88    -0.21    -9999
MEXICOCITY 240511 300  135000-135500   00     209.28  776.0    205.34     0.01    -9999
MEXICOCITY 240511 300  135500-140000   00     210.91  776.0    206.97     0.81    -9999
MEXICOCITY 240511 300  140000-140500   00     212.68  776.0    208.68     1.64    -9999
MEXICOCITY 240511 300  140500-141000   00     210.67  776.0    206.70     0.68    -9999
MEXICOCITY 240511 300  141000-141500   00     210.81  776.0    206.84     0.75    -9999
MEXICOCITY 240511 300  141500-142000   00     209.08  776.0    205.15    -0.08    -9999
MEXICOCITY 240511 300  142000-142500   00     208.52  776.0    204.60    -0.35    -9999
MEXICOCITY 240511 300  142500-143000   00     211.37  776.0    207.39     1.01    -9999
MEXICOCITY 240511 300  143000-143500   00     210.32  776.0    206.37     0.51    -9999
MEXICOCITY 240511 300  143500-144000   00     211.61  776.0    207.63     1.13    -9999
MEXICOCITY 240511 300  144000-144500   00     210.21  776.0    206.25     0.46    -9999
MEXICOCITY 240511 300  144500-145000   00     211.30  776.0    207.32     0.98    -9999
MEXICOCITY 240511 300  145000-145500   00     209.30  776.0    205.30     0.00    -9999
MEXICOCITY 240511 300  145500-150000   00     210.18  775.9    206.08     0.37    -9999
MEXICOCITY 240511 300  150000-150500   00     211.21  775.9    207.08     0.86    -9999
MEXICOCITY 240511 300  150500-151000   00     210.84  775.9    206.72     0.69    -9999
MEXICOCITY 240511 300  151000-151500   00     212.09  775.8    207.86     1.24    -9999
MEXICOCITY 240511 300  151500-152000   00     209.97  775.8    205.73     0.20    -9999
MEXICOCITY 240511 300  152000-152500   00     212.92  775.8    208.58     1.59    -9999
MEXICOCITY 240511 300  152500-153000   00     213.05  775.7    208.60     1.60    -9999
MEXICOCITY 240511 300  153000-153500   00     210.33  775.7    205.93     0.30    -9999
MEXICOCITY 240511 300  153500-154000   00     215.27  775.7    210.77     2.66    -9999
MEXICOCITY 240511 300  154000-154500   00     212.57  775.7    208.13     1.37    -9999
MEXICOCITY 240511 300  154500-155000   00     211.05  775.7    206.63     0.64    -9999
MEXICOCITY 240511 300  155000-155500   00     212.91  775.6    208.34     1.47    -9999
MEXICOCITY 240511 300  155500-160000   00     211.35  775.6    206.78     0.72    -9999
MEXICOCITY 240511 3600 160000-170000   00     213.26  775.4    208.30     1.46    -9999
MEXICOCITY 240511 3600 170000-180000   00     215.21  774.8    209.35     1.97    -9999
MEXICOCITY 240511 3600 180000-190000   00     214.43  773.9    207.34     0.99    -9999
MEXICOCITY 240511 3600 190000-200000   00     214.33  773.1    205.94     0.31    -9999
MEXICOCITY 240511 3600 200000-210000   00     217.42  772.2    207.68     1.15    -9999
MEXICOCITY 240511 3600 210000-220000   00     219.17  771.6    208.34     1.48    -9999
MEXICOCITY 240511 3600 220000-230000   00     219.45  771.1    207.90     1.26    -9999
MEXICOCITY 240511 3600 230000-240000   00     218.50  771.2    207.15     0.89    -9999
MEXICOCITY 240512 3600 000000-010000   00     215.77  771.8    205.52     0.10    -9999
MEXICOCITY 240512 3600 010000-020000   00     215.30  772.4    205.88     0.28    -9999
MEXICOCITY 240512 3600 020000-030000   00     213.76  774.1    206.87     0.76    -9999
MEXICOCITY 240512 3600 030000-040000   00     211.65  775.8    207.36     1.00    -9999
MEXICOCITY 240512 3600 040000-050000   00     210.18  776.8    207.38     1.01    -9999
MEXICOCITY 240512 3600 050000-060000   00     209.61  777.1    207.27     0.96    -9999
MEXICOCITY 240512 3600 060000-070000   00     210.73  776.3    207.19     0.91    -9999
MEXICOCITY 240512 3600 070000-080000   00     212.39  775.2    207.15     0.90    -9999
MEXICOCITY 240512 3600 080000-090000   00     214.15  774.5    207.82     1.22    -9999
MEXICOCITY 240512 3600 090000-100000   00     214.59  774.2    207.88     1.25    -9999
MEXICOCITY 240512 3600 100000-110000   00     214.05  774.4    207.62     1.12    -9999
MEXICOCITY 240512 3600 110000-120000   00     213.65  774.7    207.66     1.14    -9999
MEXICOCITY 240512 3600 120000-130000   00     213.17  775.1    207.85     1.23    -9999
MEXICOCITY 240512 3600 130000-140000   00     213.11  775.5    208.36     1.49    -9999
MEXICOCITY 240512 3600 140000-150000   00     212.57  775.9    208.41     1.51    -9999
MEXICOCITY 240512 3600 150000-160000   00     211.74  775.8    207.53     1.08    -9999
MEXICOCITY 240512 3600 160000-170000   00     213.51  775.5    208.68     1.64    -9999
MEXICOCITY 240512 3600 170000-180000   00     214.01  774.8    208.17     1.39    -9999
MEXICOCITY 240512 3600 180000-190000   00     215.69  774.1    208.73     1.66    -9999
MEXICOCITY 240512 3600 190000-200000   00     216.56  773.2    208.35     1.48    -9999
MEXICOCITY 240512 3600 200000-210000   00     219.12  772.4    209.50     2.04    -9999
MEXICOCITY 240512 3600 210000-220000   00     220.35  771.6    209.57     2.08    -9999
MEXICOCITY 240512 3600 220000-230000   00     222.11  771.2    210.61     2.58    -9999
MEXICOCITY 240512 3600 230000-240000   00     221.97  771.3    210.65     2.60    -9999
*
COMMENT NM DATA DOWNLOADED FROM NMDB ON 14.5.2024
COMMENT DETRENDING CANNOT BE ROBUSTLY DONE
COMMENT UNIVERISTY OF OULU: FILE GENERATED FROM DATABASE AND OBTAINED FROM
COMMENT https://gle.oulu.fi at 2025-01-03 09:23:40 +00:00
COMMENT FOR HISTORICAL/ORIGINAL TEXT FILES SEE https://gle.oulu.fi/txtarchive/
COMMENT ORIGINAL AT https://gle.oulu.fi/txtarchive/GLE74/C074MXCO.DAT
COMMENT DETRENDED DATA SHOW -9999 IF EQUAL TO INC% COLUMN 