BAKSAN     LATITUDE    43.28     LONGITUDE     42.69     ALTITUDE    1700 M
BAKSAN     INSTRUMENT   6NM64    NEUTRON MONITOR     
BAKSAN     STANDARD PRESSURE    820     MB     COEFFICIENT   -0.73     % / MB
BAKSAN     PRE-INCREASE BASELINE TIME INTERVAL    240510    230000-010000   UT
BAKSAN     PRE-INCREASE AVERAGE COUNTING RATE    108.66      COUNTS PER SECOND
BAKSAN     TIME INTERVALS    300         3600     
BAKSAN     SCALE FACTORS     1           1        
STATION    YYMMDD  SEC   TIME (UT)   CODE    UNCORR. PRESS.    CORR.    % INC.	DETRENDED
                         INTERVAL    TD      C/S     (MB)      C/S
BAKSAN     240510 3600 000000-010000   00     111.05  834.5    116.36     7.08    -9999
BAKSAN     240510 3600 010000-020000   00     110.75  834.5    116.09     6.83    -9999
BAKSAN     240510 3600 020000-030000   00     109.92  835.0    115.58     6.37    -9999
BAKSAN     240510 3600 030000-040000   00     110.55  835.2    116.43     7.15    -9999
BAKSAN     240510 3600 040000-050000   00     110.56  835.3    116.50     7.22    -9999
BAKSAN     240510 3600 050000-060000   00     110.34  835.3    116.30     7.03    -9999
BAKSAN     240510 3600 060000-070000   00     111.06  835.2    116.98     7.65    -9999
BAKSAN     240510 3600 070000-080000   00     111.78  835.0    117.59     8.22    -9999
BAKSAN     240510 3600 080000-090000   00     111.55  835.0    117.34     7.99    -9999
BAKSAN     240510 3600 090000-100000   00     111.68  835.0    117.48     8.12    -9999
BAKSAN     240510 3600 100000-110000   00     111.23  835.2    117.17     7.83    -9999
BAKSAN     240510 3600 110000-120000   00     111.05  835.5    117.23     7.89    -9999
BAKSAN     240510 3600 120000-130000   00     110.71  835.9    117.19     7.85    -9999
BAKSAN     240510 3600 130000-140000   00     110.93  836.0    117.52     8.16    -9999
BAKSAN     240510 3600 140000-150000   00     110.30  836.3    117.06     7.73    -9999
BAKSAN     240510 3600 150000-160000   00     109.47  836.4    116.29     7.02    -9999
BAKSAN     240510 3600 160000-170000   00     109.90  836.3    116.69     7.39    -9999
BAKSAN     240510 3600 170000-180000   00     109.72  836.2    116.42     7.14    -9999
BAKSAN     240510 3600 180000-190000   00     110.87  836.0    117.49     8.12    -9999
BAKSAN     240510 3600 190000-200000   00     111.39  835.9    117.87     8.47    -9999
BAKSAN     240510 3600 200000-210000   00     111.10  835.4    117.20     7.86    -9999
BAKSAN     240510 300  210000-210500   00     110.11  835.2    115.98     6.74    -9999
BAKSAN     240510 300  210500-211000   00     110.87  835.0    116.61     7.31    -9999
BAKSAN     240510 300  211000-211500   00     112.35  835.2    118.30     8.87    -9999
BAKSAN     240510 300  211500-212000   00     110.44  835.0    116.12     6.86    -9999
BAKSAN     240510 300  212000-212500   00     110.89  835.0    116.62     7.33    -9999
BAKSAN     240510 300  212500-213000   00     110.67  835.1    116.43     7.15    -9999
BAKSAN     240510 300  213000-213500   00     110.24  835.0    115.90     6.66    -9999
BAKSAN     240510 300  213500-214000   00     109.05  834.9    114.63     5.49    -9999
BAKSAN     240510 300  214000-214500   00     111.25  834.9    116.92     7.60    -9999
BAKSAN     240510 300  214500-215000   00     109.26  835.0    114.90     5.74    -9999
BAKSAN     240510 300  215000-215500   00     108.49  835.0    114.12     5.02    -9999
BAKSAN     240510 300  215500-220000   00     108.17  834.8    113.57     4.52    -9999
BAKSAN     240510 300  220000-220500   00     109.95  834.8    115.50     6.30    -9999
BAKSAN     240510 300  220500-221000   00     109.30  835.0    114.99     5.82    -9999
BAKSAN     240510 300  221000-221500   00     107.98  835.0    113.52     4.47    -9999
BAKSAN     240510 300  221500-222000   00     109.07  834.8    114.54     5.41    -9999
BAKSAN     240510 300  222000-222500   00     106.19  834.6    111.38     2.50    -9999
BAKSAN     240510 300  222500-223000   00     108.00  834.7    113.35     4.32    -9999
BAKSAN     240510 300  223000-223500   00     105.60  834.8    110.87     2.03    -9999
BAKSAN     240510 300  223500-224000   00     103.64  834.7    108.79     0.12    -9999
BAKSAN     240510 300  224000-224500   00     104.03  834.8    109.23     0.53    -9999
BAKSAN     240510 300  224500-225000   00     103.85  834.5    108.81     0.14    -9999
BAKSAN     240510 300  225000-225500   00     104.23  834.6    109.30     0.58    -9999
BAKSAN     240510 300  225500-230000   00     103.25  834.5    108.21    -0.41    -9999
BAKSAN     240510 300  230000-230500   00     103.29  834.7    108.40    -0.24    -9999
BAKSAN     240510 300  230500-231000   00     103.99  834.5    108.96     0.28    -9999
BAKSAN     240510 300  231000-231500   00     104.25  834.8    109.46     0.74    -9999
BAKSAN     240510 300  231500-232000   00     103.09  834.5    108.04    -0.58    -9999
BAKSAN     240510 300  232000-232500   00     102.63  834.5    107.58    -0.99    -9999
BAKSAN     240510 300  232500-233000   00     103.56  834.3    108.38    -0.26    -9999
BAKSAN     240510 300  233000-233500   00     104.47  834.5    109.48     0.76    -9999
BAKSAN     240510 300  233500-234000   00     102.52  834.4    107.32    -1.23    -9999
BAKSAN     240510 300  234000-234500   00     104.38  834.4    109.34     0.62    -9999
BAKSAN     240510 300  234500-235000   00     102.30  834.3    107.06    -1.48    -9999
BAKSAN     240510 300  235000-235500   00     103.72  834.2    108.48    -0.17    -9999
BAKSAN     240510 300  235500-240000   00     103.92  834.3    108.74     0.07    -9999
BAKSAN     240511 300  000000-000500   00     103.69  834.3    108.53    -0.12    -9999
BAKSAN     240511 300  000500-001000   00     104.18  834.2    108.91     0.23    -9999
BAKSAN     240511 300  001000-001500   00     102.72  834.2    107.40    -1.16    -9999
BAKSAN     240511 300  001500-002000   00     104.57  834.2    109.36     0.64    -9999
BAKSAN     240511 300  002000-002500   00     105.42  834.2    110.22     1.43    -9999
BAKSAN     240511 300  002500-003000   00     102.58  834.0    107.13    -1.41    -9999
BAKSAN     240511 300  003000-003500   00     103.35  834.0    107.94    -0.67    -9999
BAKSAN     240511 300  003500-004000   00     104.61  834.0    109.20     0.49    -9999
BAKSAN     240511 300  004000-004500   00     105.37  834.0    110.05     1.28    -9999
BAKSAN     240511 300  004500-005000   00     102.90  834.1    107.53    -1.04    -9999
BAKSAN     240511 300  005000-005500   00     104.78  834.1    109.49     0.77    -9999
BAKSAN     240511 300  005500-010000   00     106.26  833.9    110.88     2.04    -9999
BAKSAN     240511 300  010000-010500   00     106.40  834.1    111.18     2.32    -9999
BAKSAN     240511 300  010500-011000   00     104.47  833.8    108.96     0.27    -9999
BAKSAN     240511 300  011000-011500   00     105.65  833.9    110.23     1.44    -9999
BAKSAN     240511 300  011500-012000   00     106.91  833.8    111.48     2.60    -9999
BAKSAN     240511 300  012000-012500   00     105.54  833.8    110.03     1.26    -9999
BAKSAN     240511 300  012500-013000   00     105.70  833.8    110.23     1.44    -9999
BAKSAN     240511 300  013000-013500   00     105.35  833.5    109.58     0.85    -9999
BAKSAN     240511 300  013500-014000   00     105.78  833.6    110.12     1.34    -9999
BAKSAN     240511 300  014000-014500   00     106.59  833.5    110.92     2.08    -9999
BAKSAN     240511 300  014500-015000   00     106.53  833.7    110.98     2.13    -9999
BAKSAN     240511 300  015000-015500   00     106.64  833.6    111.00     2.16    -9999
BAKSAN     240511 300  015500-020000   00     105.61  833.7    110.02     1.25    -9999
BAKSAN     240511 300  020000-020500   00     106.21  833.7    110.70     1.88    -9999
BAKSAN     240511 300  020500-021000   00     108.48  833.5    112.85     3.86    -9999
BAKSAN     240511 300  021000-021500   00     105.99  833.6    110.34     1.54    -9999
BAKSAN     240511 300  021500-022000   00     107.06  833.4    111.30     2.43    -9999
BAKSAN     240511 300  022000-022500   00     107.07  833.5    111.37     2.49    -9999
BAKSAN     240511 300  022500-023000   00     107.83  833.3    112.06     3.13    -9999
BAKSAN     240511 300  023000-023500   00     107.38  833.4    111.62     2.73    -9999
BAKSAN     240511 300  023500-024000   00     108.56  833.6    113.06     4.05    -9999
BAKSAN     240511 300  024000-024500   00     107.64  833.6    112.09     3.16    -9999
BAKSAN     240511 300  024500-025000   00     108.51  833.6    112.97     3.97    -9999
BAKSAN     240511 300  025000-025500   00     109.99  833.5    114.45     5.33    -9999
BAKSAN     240511 300  025500-030000   00     108.17  833.8    112.78     3.79    -9999
BAKSAN     240511 300  030000-030500   00     109.25  833.9    113.99     4.91    -9999
BAKSAN     240511 300  030500-031000   00     107.06  834.0    111.80     2.89    -9999
BAKSAN     240511 300  031000-031500   00     109.72  834.2    114.72     5.57    -9999
BAKSAN     240511 300  031500-032000   00     107.21  834.1    112.02     3.09    -9999
BAKSAN     240511 300  032000-032500   00     106.66  834.0    111.35     2.48    -9999
BAKSAN     240511 300  032500-033000   00     105.89  834.2    110.69     1.87    -9999
BAKSAN     240511 300  033000-033500   00     107.14  834.1    111.97     3.05    -9999
BAKSAN     240511 300  033500-034000   00     107.27  834.0    112.03     3.10    -9999
BAKSAN     240511 300  034000-034500   00     107.21  833.8    111.78     2.87    -9999
BAKSAN     240511 300  034500-035000   00     105.15  833.9    109.72     0.97    -9999
BAKSAN     240511 300  035000-035500   00     106.32  833.9    110.90     2.06    -9999
BAKSAN     240511 300  035500-040000   00     105.63  833.8    110.10     1.33    -9999
BAKSAN     240511 300  040000-040500   00     105.26  833.9    109.86     1.10    -9999
BAKSAN     240511 300  040500-041000   00     105.71  834.0    110.37     1.58    -9999
BAKSAN     240511 300  041000-041500   00     107.29  834.1    112.10     3.16    -9999
BAKSAN     240511 300  041500-042000   00     105.84  834.1    110.61     1.80    -9999
BAKSAN     240511 300  042000-042500   00     105.03  834.1    109.77     1.02    -9999
BAKSAN     240511 300  042500-043000   00     105.27  834.1    110.00     1.23    -9999
BAKSAN     240511 300  043000-043500   00     106.02  834.2    110.84     2.01    -9999
BAKSAN     240511 300  043500-044000   00     105.69  834.3    110.57     1.76    -9999
BAKSAN     240511 300  044000-044500   00     106.29  834.2    111.15     2.29    -9999
BAKSAN     240511 300  044500-045000   00     105.95  834.0    110.65     1.83    -9999
BAKSAN     240511 300  045000-045500   00     106.97  833.9    111.64     2.74    -9999
BAKSAN     240511 300  045500-050000   00     106.67  833.8    111.26     2.39    -9999
BAKSAN     240511 300  050000-050500   00     105.79  834.0    110.43     1.62    -9999
BAKSAN     240511 300  050500-051000   00     105.26  833.8    109.72     0.97    -9999
BAKSAN     240511 300  051000-051500   00     106.09  834.0    110.76     1.93    -9999
BAKSAN     240511 300  051500-052000   00     106.46  834.0    111.12     2.27    -9999
BAKSAN     240511 300  052000-052500   00     106.20  833.9    110.82     1.99    -9999
BAKSAN     240511 300  052500-053000   00     107.47  833.8    112.05     3.12    -9999
BAKSAN     240511 300  053000-053500   00     106.24  833.7    110.70     1.88    -9999
BAKSAN     240511 300  053500-054000   00     105.64  833.7    110.06     1.29    -9999
BAKSAN     240511 300  054000-054500   00     106.47  833.4    110.69     1.87    -9999
BAKSAN     240511 300  054500-055000   00     105.84  833.6    110.16     1.38    -9999
BAKSAN     240511 300  055000-055500   00     104.50  833.6    108.79     0.12    -9999
BAKSAN     240511 300  055500-060000   00     102.97  833.5    107.15    -1.39    -9999
BAKSAN     240511 300  060000-060500   00     104.67  833.6    109.02     0.33    -9999
BAKSAN     240511 300  060500-061000   00     105.16  833.2    109.18     0.48    -9999
BAKSAN     240511 300  061000-061500   00     104.71  833.3    108.81     0.13    -9999
BAKSAN     240511 300  061500-062000   00     104.77  833.1    108.65    -0.01    -9999
BAKSAN     240511 300  062000-062500   00     104.63  832.8    108.27    -0.36    -9999
BAKSAN     240511 300  062500-063000   00     106.44  832.9    110.23     1.44    -9999
BAKSAN     240511 300  063000-063500   00     105.15  832.8    108.81     0.14    -9999
BAKSAN     240511 300  063500-064000   00     103.90  832.9    107.62    -0.96    -9999
BAKSAN     240511 300  064000-064500   00     103.48  833.0    107.26    -1.29    -9999
BAKSAN     240511 300  064500-065000   00     103.73  832.9    107.47    -1.09    -9999
BAKSAN     240511 300  065000-065500   00     105.11  833.1    109.02     0.33    -9999
BAKSAN     240511 300  065500-070000   00     104.91  833.0    108.74     0.08    -9999
BAKSAN     240511 300  070000-070500   00     105.00  832.8    108.67     0.01    -9999
BAKSAN     240511 300  070500-071000   00     103.84  832.6    107.37    -1.19    -9999
BAKSAN     240511 300  071000-071500   00     106.25  832.9    110.07     1.30    -9999
BAKSAN     240511 300  071500-072000   00     105.76  832.8    109.47     0.74    -9999
BAKSAN     240511 300  072000-072500   00     106.03  832.8    109.78     1.03    -9999
BAKSAN     240511 300  072500-073000   00     105.26  832.9    109.00     0.32    -9999
BAKSAN     240511 300  073000-073500   00     104.63  832.5    108.11    -0.50    -9999
BAKSAN     240511 300  073500-074000   00     104.98  832.6    108.51    -0.14    -9999
BAKSAN     240511 300  074000-074500   00     106.45  832.6    110.05     1.28    -9999
BAKSAN     240511 300  074500-075000   00     106.69  832.6    110.25     1.46    -9999
BAKSAN     240511 300  075000-075500   00     106.77  832.6    110.33     1.54    -9999
BAKSAN     240511 300  075500-080000   00     107.00  832.4    110.47     1.66    -9999
BAKSAN     240511 300  080000-080500   00     106.84  832.3    110.23     1.45    -9999
BAKSAN     240511 300  080500-081000   00     105.95  832.5    109.47     0.75    -9999
BAKSAN     240511 300  081000-081500   00     106.43  832.4    109.86     1.11    -9999
BAKSAN     240511 300  081500-082000   00     106.49  832.4    109.91     1.15    -9999
BAKSAN     240511 300  082000-082500   00     106.91  832.3    110.26     1.48    -9999
BAKSAN     240511 300  082500-083000   00     107.90  832.1    111.11     2.26    -9999
BAKSAN     240511 300  083000-083500   00     107.62  832.2    110.94     2.10    -9999
BAKSAN     240511 300  083500-084000   00     106.32  832.0    109.46     0.74    -9999
BAKSAN     240511 300  084000-084500   00     108.19  831.9    111.26     2.39    -9999
BAKSAN     240511 300  084500-085000   00     106.79  831.8    109.76     1.01    -9999
BAKSAN     240511 300  085000-085500   00     105.51  831.9    108.48    -0.17    -9999
BAKSAN     240511 300  085500-090000   00     105.97  831.7    108.82     0.15    -9999
BAKSAN     240511 300  090000-090500   00     106.03  831.7    108.89     0.22    -9999
BAKSAN     240511 300  090500-091000   00     106.90  831.5    109.62     0.89    -9999
BAKSAN     240511 300  091000-091500   00     105.28  831.5    107.96    -0.64    -9999
BAKSAN     240511 300  091500-092000   00     107.59  831.5    110.31     1.51    -9999
BAKSAN     240511 300  092000-092500   00     106.54  831.5    109.26     0.55    -9999
BAKSAN     240511 300  092500-093000   00     106.52  831.5    109.24     0.53    -9999
BAKSAN     240511 300  093000-093500   00     106.53  831.3    109.12     0.42    -9999
BAKSAN     240511 300  093500-094000   00     108.50  831.5    111.28     2.41    -9999
BAKSAN     240511 300  094000-094500   00     107.49  831.6    110.28     1.49    -9999
BAKSAN     240511 300  094500-095000   00     108.69  831.6    111.51     2.63    -9999
BAKSAN     240511 300  095000-095500   00     108.21  831.6    111.06     2.21    -9999
BAKSAN     240511 300  095500-100000   00     108.22  831.7    111.18     2.32    -9999
BAKSAN     240511 300  100000-100500   00     108.94  831.6    111.78     2.87    -9999
BAKSAN     240511 300  100500-101000   00     106.71  831.6    109.52     0.79    -9999
BAKSAN     240511 300  101000-101500   00     107.73  831.7    110.62     1.81    -9999
BAKSAN     240511 300  101500-102000   00     109.31  831.9    112.45     3.49    -9999
BAKSAN     240511 300  102000-102500   00     107.01  832.3    110.41     1.61    -9999
BAKSAN     240511 300  102500-103000   00     106.35  832.4    109.77     1.02    -9999
BAKSAN     240511 300  103000-103500   00     108.53  832.3    111.94     3.02    -9999
BAKSAN     240511 300  103500-104000   00     106.11  832.5    109.60     0.87    -9999
BAKSAN     240511 300  104000-104500   00     107.05  832.5    110.59     1.78    -9999
BAKSAN     240511 300  104500-105000   00     107.79  832.2    111.10     2.24    -9999
BAKSAN     240511 300  105000-105500   00     108.15  832.3    111.58     2.69    -9999
BAKSAN     240511 300  105500-110000   00     107.67  832.1    110.88     2.04    -9999
BAKSAN     240511 300  110000-110500   00     109.59  831.6    112.49     3.53    -9999
BAKSAN     240511 300  110500-111000   00     109.27  831.6    112.11     3.17    -9999
BAKSAN     240511 300  111000-111500   00     108.50  831.7    111.46     2.58    -9999
BAKSAN     240511 300  111500-112000   00     106.65  831.7    109.51     0.78    -9999
BAKSAN     240511 300  112000-112500   00     108.07  831.5    110.80     1.97    -9999
BAKSAN     240511 300  112500-113000   00     109.28  831.3    111.91     2.99    -9999
BAKSAN     240511 300  113000-113500   00     107.47  831.3    110.06     1.29    -9999
BAKSAN     240511 300  113500-114000   00     107.64  831.2    110.16     1.38    -9999
BAKSAN     240511 300  114000-114500   00     107.90  831.0    110.26     1.47    -9999
BAKSAN     240511 300  114500-115000   00     107.94  831.0    110.31     1.52    -9999
BAKSAN     240511 300  115000-115500   00     108.99  831.2    111.49     2.60    -9999
BAKSAN     240511 300  115500-120000   00     108.38  831.1    110.86     2.03    -9999
BAKSAN     240511 300  120000-120500   00     108.58  831.1    111.00     2.16    -9999
BAKSAN     240511 300  120500-121000   00     106.50  831.1    108.88     0.20    -9999
BAKSAN     240511 300  121000-121500   00     109.29  831.0    111.67     2.77    -9999
BAKSAN     240511 300  121500-122000   00     107.81  831.0    110.13     1.36    -9999
BAKSAN     240511 300  122000-122500   00     108.01  831.0    110.38     1.58    -9999
BAKSAN     240511 300  122500-123000   00     107.10  831.1    109.49     0.76    -9999
BAKSAN     240511 300  123000-123500   00     106.99  831.1    109.41     0.69    -9999
BAKSAN     240511 300  123500-124000   00     108.85  831.0    111.25     2.38    -9999
BAKSAN     240511 300  124000-124500   00     105.79  830.9    108.05    -0.57    -9999
BAKSAN     240511 300  124500-125000   00     107.31  831.1    109.73     0.99    -9999
BAKSAN     240511 300  125000-125500   00     108.03  831.2    110.51     1.70    -9999
BAKSAN     240511 300  125500-130000   00     106.70  831.2    109.16     0.46    -9999
BAKSAN     240511 300  130000-130500   00     106.65  831.0    108.95     0.27    -9999
BAKSAN     240511 300  130500-131000   00     106.75  831.2    109.27     0.56    -9999
BAKSAN     240511 300  131000-131500   00     106.55  831.0    108.89     0.22    -9999
BAKSAN     240511 300  131500-132000   00     107.53  831.1    109.96     1.19    -9999
BAKSAN     240511 300  132000-132500   00     107.55  831.2    110.05     1.28    -9999
BAKSAN     240511 300  132500-133000   00     107.42  831.2    109.89     1.13    -9999
BAKSAN     240511 300  133000-133500   00     107.57  831.2    110.09     1.32    -9999
BAKSAN     240511 300  133500-134000   00     106.60  831.4    109.28     0.57    -9999
BAKSAN     240511 300  134000-134500   00     108.36  831.5    111.10     2.25    -9999
BAKSAN     240511 300  134500-135000   00     108.00  831.5    110.73     1.90    -9999
BAKSAN     240511 300  135000-135500   00     108.11  831.8    111.10     2.24    -9999
BAKSAN     240511 300  135500-140000   00     107.15  832.1    110.35     1.55    -9999
BAKSAN     240511 300  140000-140500   00     106.21  832.0    109.28     0.57    -9999
BAKSAN     240511 300  140500-141000   00     108.08  831.9    111.17     2.31    -9999
BAKSAN     240511 300  141000-141500   00     107.44  831.9    110.48     1.68    -9999
BAKSAN     240511 300  141500-142000   00     107.61  831.9    110.68     1.86    -9999
BAKSAN     240511 300  142000-142500   00     107.79  831.9    110.86     2.03    -9999
BAKSAN     240511 300  142500-143000   00     106.66  831.6    109.45     0.72    -9999
BAKSAN     240511 300  143000-143500   00     106.90  831.5    109.59     0.85    -9999
BAKSAN     240511 300  143500-144000   00     107.14  831.4    109.79     1.04    -9999
BAKSAN     240511 300  144000-144500   00     106.42  831.4    109.08     0.39    -9999
BAKSAN     240511 300  144500-145000   00     107.13  831.4    109.76     1.01    -9999
BAKSAN     240511 300  145000-145500   00     106.24  831.3    108.78     0.11    -9999
BAKSAN     240511 300  145500-150000   00     107.77  831.5    110.54     1.73    -9999
BAKSAN     240511 300  150000-150500   00     105.01  831.2    107.47    -1.10    -9999
BAKSAN     240511 300  150500-151000   00     106.32  831.1    108.72     0.05    -9999
BAKSAN     240511 300  151000-151500   00     105.91  831.3    108.47    -0.17    -9999
BAKSAN     240511 300  151500-152000   00     107.81  831.5    110.59     1.77    -9999
BAKSAN     240511 300  152000-152500   00     105.36  831.6    108.16    -0.46    -9999
BAKSAN     240511 300  152500-153000   00     106.81  831.5    109.50     0.77    -9999
BAKSAN     240511 300  153000-153500   00     108.70  831.4    111.38     2.51    -9999
BAKSAN     240511 300  153500-154000   00     104.75  831.6    107.50    -1.07    -9999
BAKSAN     240511 300  154000-154500   00     107.96  831.6    110.79     1.96    -9999
BAKSAN     240511 300  154500-155000   00     106.47  831.8    109.43     0.71    -9999
BAKSAN     240511 300  155000-155500   00     106.41  831.7    109.25     0.54    -9999
BAKSAN     240511 300  155500-160000   00     108.18  831.9    111.25     2.39    -9999
BAKSAN     240511 3600 160000-170000   00     107.60  830.9    109.86     1.10    -9999
BAKSAN     240511 3600 170000-180000   00     108.32  829.8    109.74     0.99    -9999
BAKSAN     240511 3600 180000-190000   00     107.84  829.5    108.99     0.30    -9999
BAKSAN     240511 3600 190000-200000   00     107.38  828.8    108.00    -0.61    -9999
BAKSAN     240511 3600 200000-210000   00     107.82  828.4    108.11    -0.51    -9999
BAKSAN     240511 3600 210000-220000   00     108.79  827.8    108.59    -0.06    -9999
BAKSAN     240511 3600 220000-230000   00     108.24  828.6    108.69     0.03    -9999
BAKSAN     240511 3600 230000-240000   00     109.35  827.9    109.28     0.57    -9999
BAKSAN     240512 3600 000000-010000   00     109.84  827.5    109.44     0.72    -9999
BAKSAN     240512 3600 010000-020000   00     109.74  827.2    109.15     0.45    -9999
BAKSAN     240512 3600 020000-030000   00     109.34  827.6    109.01     0.32    -9999
BAKSAN     240512 3600 030000-040000   00     110.51  827.8    110.33     1.53    -9999
BAKSAN     240512 3600 040000-050000   00     111.00  827.6    110.70     1.88    -9999
BAKSAN     240512 3600 050000-060000   00     111.74  827.6    111.38     2.51    -9999
BAKSAN     240512 3600 060000-070000   00     111.49  827.7    111.23     2.37    -9999
BAKSAN     240512 3600 070000-080000   00     111.41  827.7    111.17     2.31    -9999
BAKSAN     240512 3600 080000-090000   00     111.41  827.8    111.24     2.37    -9999
BAKSAN     240512 3600 090000-100000   00     111.08  827.8    110.88     2.04    -9999
BAKSAN     240512 3600 100000-110000   00     110.39  827.6    110.11     1.34    -9999
BAKSAN     240512 3600 110000-120000   00     110.89  827.8    110.69     1.87    -9999
BAKSAN     240512 3600 120000-130000   00     109.77  828.3    110.03     1.26    -9999
BAKSAN     240512 3600 130000-140000   00     108.48  828.9    109.22     0.52    -9999
BAKSAN     240512 3600 140000-150000   00     108.22  829.1    109.09     0.40    -9999
BAKSAN     240512 3600 150000-160000   00     108.55  829.5    109.69     0.95    -9999
BAKSAN     240512 3600 160000-170000   00     107.76  829.9    109.23     0.52    -9999
BAKSAN     240512 3600 170000-180000   00     107.01  830.2    108.73     0.07    -9999
BAKSAN     240512 3600 180000-190000   00     107.18  830.3    108.97     0.28    -9999
BAKSAN     240512 3600 190000-200000   00     107.77  830.3    109.57     0.83    -9999
BAKSAN     240512 3600 200000-210000   00     107.90  830.2    109.58     0.85    -9999
BAKSAN     240512 3600 210000-220000   00     109.02  829.7    110.32     1.53    -9999
BAKSAN     240512 3600 220000-230000   00     109.96  829.5    111.13     2.27    -9999
BAKSAN     240512 3600 230000-240000   00     110.54  829.4    111.65     2.75    -9999
*
COMMENT NM DATA DOWNLOADED FROM NMDB ON 14.5.2024
COMMENT DETRENDING CANNOT BE ROBUSTLY DONE
COMMENT UNIVERISTY OF OULU: FILE GENERATED FROM DATABASE AND OBTAINED FROM
COMMENT https://gle.oulu.fi at 2025-01-03 09:23:40 +00:00
COMMENT FOR HISTORICAL/ORIGINAL TEXT FILES SEE https://gle.oulu.fi/txtarchive/
COMMENT ORIGINAL AT https://gle.oulu.fi/txtarchive/GLE74/C074BKSN.DAT
COMMENT DETRENDED DATA SHOW -9999 IF EQUAL TO INC% COLUMN 