MOSCOW     LATITUDE    55.47     LONGITUDE     37.32     ALTITUDE    200 M
MOSCOW     INSTRUMENT   24NM64    NEUTRON MONITOR	
MOSCOW     STANDARD PRESSURE    1000    MB     COEFFICIENT   -0.71     % / MB
MOSCOW     PRE-INCREASE BASELINE TIME INTERVAL    240510    230000-010000   UT
MOSCOW     PRE-INCREASE AVERAGE COUNTING RATE  7,636.73      COUNTS PER SECOND
MOSCOW     TIME INTERVALS    300         3600     
MOSCOW     SCALE FACTORS     1           1        
STATION    YYMMDD  SEC   TIME (UT)   CODE    UNCORR. PRESS.    CORR.    % INC.	DETRENDED
                         INTERVAL    TD      C/S     (MB)      C/S
MOSCOW     240510 3600 000000-010000   00    9031.00  992.5   8558.00    12.06    -9999
MOSCOW     240510 3600 010000-020000   00    9035.00  992.2   8544.00    11.88    -9999
MOSCOW     240510 3600 020000-030000   00    9107.00  992.0   8599.00    12.60    -9999
MOSCOW     240510 3600 030000-040000   00    9094.00  991.8   8571.00    12.23    -9999
MOSCOW     240510 3600 040000-050000   00    9153.00  991.3   8599.00    12.60    -9999
MOSCOW     240510 3600 050000-060000   00    9166.00  991.0   8590.00    12.48    -9999
MOSCOW     240510 3600 060000-070000   00    9200.00  990.4   8585.00    12.42    -9999
MOSCOW     240510 3600 070000-080000   00    9276.00  989.7   8612.00    12.77    -9999
MOSCOW     240510 3600 080000-090000   00    9371.00  988.9   8651.00    13.28    -9999
MOSCOW     240510 3600 090000-100000   00    9397.00  988.4   8643.00    13.18    -9999
MOSCOW     240510 3600 100000-110000   00    9494.00  987.8   8693.00    13.83    -9999
MOSCOW     240510 3600 110000-120000   00    9525.00  987.2   8688.00    13.77    -9999
MOSCOW     240510 3600 120000-130000   00    9524.00  986.8   8661.00    13.41    -9999
MOSCOW     240510 3600 130000-140000   00    9511.00  986.3   8620.00    12.88    -9999
MOSCOW     240510 3600 140000-150000   00    9565.00  986.1   8652.00    13.29    -9999
MOSCOW     240510 3600 150000-160000   00    9560.00  985.9   8638.00    13.11    -9999
MOSCOW     240510 3600 160000-170000   00    9603.00  985.6   8660.00    13.40    -9999
MOSCOW     240510 3600 170000-180000   00    9560.00  985.4   8604.00    12.67    -9999
MOSCOW     240510 3600 180000-190000   00    9538.00  985.0   8563.00    12.13    -9999
MOSCOW     240510 3600 190000-200000   00    9413.00  984.5   8418.00    10.23    -9999
MOSCOW     240510 3600 200000-210000   00    9339.00  984.1   8331.00     9.09    -9999
MOSCOW     240510 3600 210000-220000   00    9090.00  983.8   8091.00     5.95    -9999
MOSCOW     240510 300  220000-220500   00    8990.30  983.7   7994.92     4.69    -9999
MOSCOW     240510 300  220500-221000   00    8914.38  983.6   7922.75     3.75    -9999
MOSCOW     240510 300  221000-221500   00    8877.83  983.6   7889.01     3.30    -9999
MOSCOW     240510 300  221500-222000   00    8841.28  983.6   7856.21     2.87    -9999
MOSCOW     240510 300  222000-222500   00    8861.90  983.5   7870.26     3.06    -9999
MOSCOW     240510 300  222500-223000   00    8834.72  983.5   7844.96     2.73    -9999
MOSCOW     240510 300  223000-223500   00    8732.55  983.4   7752.17     1.51    -9999
MOSCOW     240510 300  223500-224000   00    8606.02  983.4   7636.88     0.00    -9999
MOSCOW     240510 300  224000-224500   00    8631.33  983.4   7659.38     0.30    -9999
MOSCOW     240510 300  224500-225000   00    8614.46  983.3   7643.45     0.09    -9999
MOSCOW     240510 300  225000-225500   00    8605.09  983.3   7632.20    -0.06    -9999
MOSCOW     240510 300  225500-230000   00    8572.28  983.4   7606.89    -0.39    -9999
MOSCOW     240510 300  230000-230500   00    8618.21  983.3   7641.57     0.06    -9999
MOSCOW     240510 300  230500-231000   00    8578.84  983.3   7606.89    -0.39    -9999
MOSCOW     240510 300  231000-231500   00    8624.77  983.3   7647.19     0.14    -9999
MOSCOW     240510 300  231500-232000   00    8640.70  983.2   7660.32     0.31    -9999
MOSCOW     240510 300  232000-232500   00    8673.51  983.2   7685.62     0.64    -9999
MOSCOW     240510 300  232500-233000   00    8630.39  983.1   7644.38     0.10    -9999
MOSCOW     240510 300  233000-233500   00    8736.30  983.1   7735.30     1.29    -9999
MOSCOW     240510 300  233500-234000   00    8567.59  983.0   7583.46    -0.70    -9999
MOSCOW     240510 300  234000-234500   00    8565.72  983.0   7578.77    -0.76    -9999
MOSCOW     240510 300  234500-235000   00    8552.60  983.0   7567.53    -0.91    -9999
MOSCOW     240510 300  235000-235500   00    8674.44  982.9   7674.38     0.49    -9999
MOSCOW     240510 300  235500-240000   00    8664.13  982.9   7660.32     0.31    -9999
MOSCOW     240511 300  000000-000500   00    8531.98  982.9   7543.16    -1.23    -9999
MOSCOW     240511 300  000500-001000   00    8637.89  982.9   7640.63     0.05    -9999
MOSCOW     240511 300  001000-001500   00    8513.23  982.9   7530.04    -1.40    -9999
MOSCOW     240511 300  001500-002000   00    8586.34  982.9   7591.90    -0.59    -9999
MOSCOW     240511 300  002000-002500   00    8752.24  982.8   7735.30     1.29    -9999
MOSCOW     240511 300  002500-003000   00    8640.70  982.8   7634.07    -0.03    -9999
MOSCOW     240511 300  003000-003500   00    8621.02  982.8   7616.26    -0.27    -9999
MOSCOW     240511 300  003500-004000   00    8744.74  982.8   7725.93     1.17    -9999
MOSCOW     240511 300  004000-004500   00    8631.33  982.7   7621.89    -0.19    -9999
MOSCOW     240511 300  004500-005000   00    8671.63  982.7   7656.57     0.26    -9999
MOSCOW     240511 300  005000-005500   00    8710.06  982.7   7690.31     0.70    -9999
MOSCOW     240511 300  005500-010000   00    8619.14  982.7   7609.70    -0.35    -9999
MOSCOW     240511 300  010000-010500   00    8763.48  982.7   7737.17     1.32    -9999
MOSCOW     240511 300  010500-011000   00    8659.45  982.6   7640.63     0.05    -9999
MOSCOW     240511 300  011000-011500   00    8790.67  982.6   7755.92     1.56    -9999
MOSCOW     240511 300  011500-012000   00    8732.55  982.6   7704.37     0.89    -9999
MOSCOW     240511 300  012000-012500   00    8763.48  982.6   7732.49     1.25    -9999
MOSCOW     240511 300  012500-013000   00    8598.52  982.6   7586.27    -0.66    -9999
MOSCOW     240511 300  013000-013500   00    8712.87  982.6   7689.37     0.69    -9999
MOSCOW     240511 300  013500-014000   00    8684.75  982.7   7667.81     0.41    -9999
MOSCOW     240511 300  014000-014500   00    8758.80  982.7   7733.42     1.27    -9999
MOSCOW     240511 300  014500-015000   00    8824.41  982.6   7789.66     2.00    -9999
MOSCOW     240511 300  015000-015500   00    8875.96  982.7   7837.46     2.63    -9999
MOSCOW     240511 300  015500-020000   00    8811.28  982.7   7781.22     1.89    -9999
MOSCOW     240511 300  020000-020500   00    8841.28  982.8   7811.22     2.28    -9999
MOSCOW     240511 300  020500-021000   00    8856.27  982.8   7826.21     2.48    -9999
MOSCOW     240511 300  021000-021500   00    8978.12  982.8   7934.94     3.90    -9999
MOSCOW     240511 300  021500-022000   00    8816.91  982.8   7794.35     2.06    -9999
MOSCOW     240511 300  022000-022500   00    8885.33  982.8   7851.52     2.81    -9999
MOSCOW     240511 300  022500-023000   00    8920.01  982.9   7886.20     3.27    -9999
MOSCOW     240511 300  023000-023500   00    9044.67  982.9   7996.80     4.71    -9999
MOSCOW     240511 300  023500-024000   00    9128.08  982.9   8070.84     5.68    -9999
MOSCOW     240511 300  024000-024500   00    9076.53  982.9   8027.73     5.12    -9999
MOSCOW     240511 300  024500-025000   00    9088.72  983.0   8041.79     5.30    -9999
MOSCOW     240511 300  025000-025500   00    9012.80  983.0   7974.30     4.42    -9999
MOSCOW     240511 300  025500-030000   00    9088.72  983.0   8041.79     5.30    -9999
MOSCOW     240511 300  030000-030500   00    8940.63  983.0   7911.50     3.60    -9999
MOSCOW     240511 300  030500-031000   00    9053.10  983.0   8013.67     4.94    -9999
MOSCOW     240511 300  031000-031500   00    8964.06  983.1   7936.81     3.93    -9999
MOSCOW     240511 300  031500-032000   00    9084.97  983.1   8044.60     5.34    -9999
MOSCOW     240511 300  032000-032500   00    9030.61  983.1   7995.86     4.70    -9999
MOSCOW     240511 300  032500-033000   00    8996.86  983.1   7966.80     4.32    -9999
MOSCOW     240511 300  033000-033500   00    9041.85  983.1   8010.86     4.90    -9999
MOSCOW     240511 300  033500-034000   00    8972.50  983.2   7949.93     4.10    -9999
MOSCOW     240511 300  034000-034500   00    9063.41  983.2   8030.54     5.16    -9999
MOSCOW     240511 300  034500-035000   00    8983.74  983.1   7956.49     4.19    -9999
MOSCOW     240511 300  035000-035500   00    8909.70  983.1   7888.07     3.29    -9999
MOSCOW     240511 300  035500-040000   00    9051.23  983.1   8014.60     4.95    -9999
MOSCOW     240511 300  040000-040500   00    8994.99  983.1   7964.93     4.30    -9999
MOSCOW     240511 300  040500-041000   00    8995.93  983.1   7967.74     4.33    -9999
MOSCOW     240511 300  041000-041500   00    8937.82  983.2   7919.00     3.70    -9999
MOSCOW     240511 300  041500-042000   00    9031.54  983.2   8003.36     4.80    -9999
MOSCOW     240511 300  042000-042500   00    8972.50  983.2   7953.68     4.15    -9999
MOSCOW     240511 300  042500-043000   00    8998.74  983.3   7980.86     4.51    -9999
MOSCOW     240511 300  043000-043500   00    8920.01  983.3   7910.57     3.59    -9999
MOSCOW     240511 300  043500-044000   00    8843.15  983.3   7841.21     2.68    -9999
MOSCOW     240511 300  044000-044500   00    9024.05  983.3   8005.23     4.83    -9999
MOSCOW     240511 300  044500-045000   00    8974.37  983.4   7963.05     4.27    -9999
MOSCOW     240511 300  045000-045500   00    8964.06  983.4   7953.68     4.15    -9999
MOSCOW     240511 300  045500-050000   00    8933.13  983.4   7928.38     3.82    -9999
MOSCOW     240511 300  050000-050500   00    8887.20  983.4   7887.14     3.28    -9999
MOSCOW     240511 300  050500-051000   00    9041.85  983.4   8028.66     5.13    -9999
MOSCOW     240511 300  051000-051500   00    9039.98  983.5   8027.73     5.12    -9999
MOSCOW     240511 300  051500-052000   00    8934.07  983.5   7935.87     3.92    -9999
MOSCOW     240511 300  052000-052500   00    8979.06  983.6   7978.99     4.48    -9999
MOSCOW     240511 300  052500-053000   00    8952.81  983.6   7955.56     4.17    -9999
MOSCOW     240511 300  053000-053500   00    8908.76  983.6   7919.00     3.70    -9999
MOSCOW     240511 300  053500-054000   00    9022.17  983.7   8023.04     5.06    -9999
MOSCOW     240511 300  054000-054500   00    8967.81  983.7   7976.18     4.44    -9999
MOSCOW     240511 300  054500-055000   00    8981.87  983.8   7993.05     4.67    -9999
MOSCOW     240511 300  055000-055500   00    8964.06  983.8   7977.11     4.46    -9999
MOSCOW     240511 300  055500-060000   00    8909.70  983.8   7930.25     3.84    -9999
MOSCOW     240511 300  060000-060500   00    8864.71  983.8   7890.88     3.33    -9999
MOSCOW     240511 300  060500-061000   00    8868.46  983.9   7897.45     3.41    -9999
MOSCOW     240511 300  061000-061500   00    8804.72  983.9   7844.02     2.71    -9999
MOSCOW     240511 300  061500-062000   00    8887.20  984.0   7920.88     3.72    -9999
MOSCOW     240511 300  062000-062500   00    8881.58  983.9   7914.32     3.63    -9999
MOSCOW     240511 300  062500-063000   00    8840.34  984.0   7877.76     3.16    -9999
MOSCOW     240511 300  063000-063500   00    8793.48  984.0   7840.27     2.67    -9999
MOSCOW     240511 300  063500-064000   00    8759.74  984.1   7812.15     2.30    -9999
MOSCOW     240511 300  064000-064500   00    8899.39  984.1   7939.62     3.97    -9999
MOSCOW     240511 300  064500-065000   00    8910.64  984.2   7952.74     4.14    -9999
MOSCOW     240511 300  065000-065500   00    8768.17  984.2   7825.28     2.47    -9999
MOSCOW     240511 300  065500-070000   00    8816.91  984.2   7868.39     3.03    -9999
MOSCOW     240511 300  070000-070500   00    8880.64  984.2   7925.56     3.78    -9999
MOSCOW     240511 300  070500-071000   00    8892.83  984.2   7936.81     3.93    -9999
MOSCOW     240511 300  071000-071500   00    8764.42  984.2   7824.34     2.46    -9999
MOSCOW     240511 300  071500-072000   00    8849.71  984.2   7899.32     3.44    -9999
MOSCOW     240511 300  072000-072500   00    8749.43  984.2   7813.09     2.31    -9999
MOSCOW     240511 300  072500-073000   00    8879.71  984.2   7928.38     3.82    -9999
MOSCOW     240511 300  073000-073500   00    8800.04  984.2   7853.39     2.84    -9999
MOSCOW     240511 300  073500-074000   00    8888.14  984.2   7934.94     3.90    -9999
MOSCOW     240511 300  074000-074500   00    8828.16  984.3   7885.26     3.25    -9999
MOSCOW     240511 300  074500-075000   00    8950.94  984.2   7993.05     4.67    -9999
MOSCOW     240511 300  075000-075500   00    8941.57  984.3   7985.55     4.57    -9999
MOSCOW     240511 300  075500-080000   00    8853.46  984.3   7907.76     3.55    -9999
MOSCOW     240511 300  080000-080500   00    8869.40  984.3   7922.75     3.75    -9999
MOSCOW     240511 300  080500-081000   00    8855.34  984.4   7916.19     3.66    -9999
MOSCOW     240511 300  081000-081500   00    8800.04  984.4   7867.45     3.02    -9999
MOSCOW     240511 300  081500-082000   00    8845.03  984.4   7905.88     3.52    -9999
MOSCOW     240511 300  082000-082500   00    8815.03  984.4   7879.64     3.18    -9999
MOSCOW     240511 300  082500-083000   00    8824.41  984.4   7889.95     3.32    -9999
MOSCOW     240511 300  083000-083500   00    8790.67  984.4   7859.95     2.92    -9999
MOSCOW     240511 300  083500-084000   00    8740.05  984.4   7812.15     2.30    -9999
MOSCOW     240511 300  084000-084500   00    8660.38  984.4   7743.73     1.40    -9999
MOSCOW     240511 300  084500-085000   00    8819.72  984.5   7889.01     3.30    -9999
MOSCOW     240511 300  085000-085500   00    8772.86  984.5   7845.90     2.74    -9999
MOSCOW     240511 300  085500-090000   00    8830.03  984.5   7901.19     3.46    -9999
MOSCOW     240511 300  090000-090500   00    8723.18  984.6   7807.47     2.24    -9999
MOSCOW     240511 300  090500-091000   00    8711.00  984.5   7794.35     2.06    -9999
MOSCOW     240511 300  091000-091500   00    8795.35  984.6   7873.08     3.09    -9999
MOSCOW     240511 300  091500-092000   00    8767.23  984.6   7850.58     2.80    -9999
MOSCOW     240511 300  092000-092500   00    8723.18  984.7   7814.03     2.32    -9999
MOSCOW     240511 300  092500-093000   00    8680.07  984.7   7773.73     1.79    -9999
MOSCOW     240511 300  093000-093500   00    8830.03  984.6   7904.94     3.51    -9999
MOSCOW     240511 300  093500-094000   00    8634.14  984.6   7727.80     1.19    -9999
MOSCOW     240511 300  094000-094500   00    8718.50  984.6   7805.59     2.21    -9999
MOSCOW     240511 300  094500-095000   00    8817.85  984.6   7896.51     3.40    -9999
MOSCOW     240511 300  095000-095500   00    8851.59  984.7   7929.31     3.83    -9999
MOSCOW     240511 300  095500-100000   00    8820.66  984.6   7898.38     3.43    -9999
MOSCOW     240511 300  100000-100500   00    8696.00  984.6   7785.91     1.95    -9999
MOSCOW     240511 300  100500-101000   00    8819.72  984.6   7895.57     3.39    -9999
MOSCOW     240511 300  101000-101500   00    8769.11  984.6   7852.46     2.82    -9999
MOSCOW     240511 300  101500-102000   00    8773.79  984.7   7858.08     2.90    -9999
MOSCOW     240511 300  102000-102500   00    8836.59  984.6   7910.57     3.59    -9999
MOSCOW     240511 300  102500-103000   00    8737.24  984.6   7819.65     2.40    -9999
MOSCOW     240511 300  103000-103500   00    8733.49  984.7   7826.21     2.48    -9999
MOSCOW     240511 300  103500-104000   00    8830.03  984.9   7920.88     3.72    -9999
MOSCOW     240511 300  104000-104500   00    8812.22  984.9   7909.63     3.57    -9999
MOSCOW     240511 300  104500-105000   00    8794.41  985.0   7894.63     3.38    -9999
MOSCOW     240511 300  105000-105500   00    8863.77  985.1   7962.12     4.26    -9999
MOSCOW     240511 300  105500-110000   00    8857.21  985.1   7956.49     4.19    -9999
MOSCOW     240511 300  110000-110500   00    8825.34  985.1   7930.25     3.84    -9999
MOSCOW     240511 300  110500-111000   00    8695.06  985.1   7813.09     2.31    -9999
MOSCOW     240511 300  111000-111500   00    8758.80  985.1   7873.08     3.09    -9999
MOSCOW     240511 300  111500-112000   00    8876.89  985.3   7985.55     4.57    -9999
MOSCOW     240511 300  112000-112500   00    8754.11  985.3   7878.70     3.17    -9999
MOSCOW     240511 300  112500-113000   00    8633.20  985.3   7767.17     1.71    -9999
MOSCOW     240511 300  113000-113500   00    8779.42  985.2   7894.63     3.38    -9999
MOSCOW     240511 300  113500-114000   00    8742.86  985.2   7859.02     2.91    -9999
MOSCOW     240511 300  114000-114500   00    8690.38  985.1   7809.34     2.26    -9999
MOSCOW     240511 300  114500-115000   00    8709.12  985.1   7823.40     2.44    -9999
MOSCOW     240511 300  115000-115500   00    8768.17  985.1   7877.76     3.16    -9999
MOSCOW     240511 300  115500-120000   00    8636.02  985.1   7761.54     1.63    -9999
MOSCOW     240511 300  120000-120500   00    8678.19  985.3   7806.53     2.22    -9999
MOSCOW     240511 300  120500-121000   00    8669.76  985.3   7803.72     2.19    -9999
MOSCOW     240511 300  121000-121500   00    8616.33  985.5   7761.54     1.63    -9999
MOSCOW     240511 300  121500-122000   00    8637.89  985.5   7783.10     1.92    -9999
MOSCOW     240511 300  122000-122500   00    8601.34  985.6   7757.79     1.59    -9999
MOSCOW     240511 300  122500-123000   00    8614.46  985.7   7773.73     1.79    -9999
MOSCOW     240511 300  123000-123500   00    8542.29  985.7   7709.05     0.95    -9999
MOSCOW     240511 300  123500-124000   00    8640.70  985.7   7798.09     2.11    -9999
MOSCOW     240511 300  124000-124500   00    8550.72  985.7   7714.68     1.02    -9999
MOSCOW     240511 300  124500-125000   00    8567.59  985.6   7725.93     1.17    -9999
MOSCOW     240511 300  125000-125500   00    8639.76  985.6   7791.53     2.03    -9999
MOSCOW     240511 300  125500-130000   00    8567.59  985.5   7722.18     1.12    -9999
MOSCOW     240511 300  130000-130500   00    8547.91  985.5   7704.37     0.89    -9999
MOSCOW     240511 300  130500-131000   00    8587.28  985.6   7743.73     1.40    -9999
MOSCOW     240511 300  131000-131500   00    8602.27  985.7   7761.54     1.63    -9999
MOSCOW     240511 300  131500-132000   00    8537.60  985.8   7712.80     1.00    -9999
MOSCOW     240511 300  132000-132500   00    8545.10  986.2   7739.05     1.34    -9999
MOSCOW     240511 300  132500-133000   00    8566.66  986.4   7769.98     1.74    -9999
MOSCOW     240511 300  133000-133500   00    8521.67  986.7   7744.67     1.41    -9999
MOSCOW     240511 300  133500-134000   00    8504.80  986.7   7731.55     1.24    -9999
MOSCOW     240511 300  134000-134500   00    8550.72  986.4   7754.98     1.55    -9999
MOSCOW     240511 300  134500-135000   00    8559.16  986.5   7767.17     1.71    -9999
MOSCOW     240511 300  135000-135500   00    8565.72  986.4   7767.17     1.71    -9999
MOSCOW     240511 300  135500-140000   00    8589.15  986.4   7789.66     2.00    -9999
MOSCOW     240511 300  140000-140500   00    8580.72  986.5   7785.91     1.95    -9999
MOSCOW     240511 300  140500-141000   00    8557.28  986.5   7764.35     1.67    -9999
MOSCOW     240511 300  141000-141500   00    8507.61  986.4   7718.43     1.07    -9999
MOSCOW     240511 300  141500-142000   00    8566.66  986.5   7772.79     1.78    -9999
MOSCOW     240511 300  142000-142500   00    8522.61  986.6   7739.05     1.34    -9999
MOSCOW     240511 300  142500-143000   00    8531.98  986.7   7756.86     1.57    -9999
MOSCOW     240511 300  143000-143500   00    8414.82  986.8   7651.88     0.20    -9999
MOSCOW     240511 300  143500-144000   00    8466.37  986.8   7704.37     0.89    -9999
MOSCOW     240511 300  144000-144500   00    8553.54  987.0   7792.47     2.04    -9999
MOSCOW     240511 300  144500-145000   00    8471.99  986.9   7710.93     0.97    -9999
MOSCOW     240511 300  145000-145500   00    8517.92  986.8   7748.42     1.46    -9999
MOSCOW     240511 300  145500-150000   00    8564.78  986.9   7794.35     2.06    -9999
MOSCOW     240511 300  150000-150500   00    8591.96  986.9   7818.71     2.38    -9999
MOSCOW     240511 300  150500-151000   00    8466.37  986.9   7704.37     0.89    -9999
MOSCOW     240511 300  151000-151500   00    8515.11  986.9   7749.36     1.47    -9999
MOSCOW     240511 300  151500-152000   00    8498.24  987.0   7739.98     1.35    -9999
MOSCOW     240511 300  152000-152500   00    8557.28  987.1   7801.84     2.16    -9999
MOSCOW     240511 300  152500-153000   00    8616.33  987.2   7858.08     2.90    -9999
MOSCOW     240511 300  153000-153500   00    8383.89  987.3   7654.69     0.24    -9999
MOSCOW     240511 300  153500-154000   00    8531.04  987.4   7793.41     2.05    -9999
MOSCOW     240511 300  154000-154500   00    8463.56  987.5   7737.17     1.32    -9999
MOSCOW     240511 300  154500-155000   00    8535.73  987.6   7807.47     2.24    -9999
MOSCOW     240511 300  155000-155500   00    8466.37  987.7   7751.23     1.50    -9999
MOSCOW     240511 300  155500-160000   00    8533.85  987.7   7813.09     2.31    -9999
MOSCOW     240511 300  160000-160500   00    8597.59  987.8   7877.76     3.16    -9999
MOSCOW     240511 300  160500-161000   00    8452.31  987.8   7741.86     1.38    -9999
MOSCOW     240511 300  161000-161500   00    8547.91  987.8   7833.71     2.58    -9999
MOSCOW     240511 300  161500-162000   00    8520.73  988.0   7815.90     2.35    -9999
MOSCOW     240511 300  162000-162500   00    8517.92  988.0   7814.97     2.33    -9999
MOSCOW     240511 300  162500-163000   00    8438.25  988.1   7746.55     1.44    -9999
MOSCOW     240511 300  163000-163500   00    8557.28  988.1   7857.14     2.89    -9999
MOSCOW     240511 300  163500-164000   00    8500.11  988.2   7807.47     2.24    -9999
MOSCOW     240511 300  164000-164500   00    8507.61  988.2   7814.97     2.33    -9999
MOSCOW     240511 300  164500-165000   00    8391.39  988.2   7708.12     0.93    -9999
MOSCOW     240511 300  165000-165500   00    8559.16  988.3   7867.45     3.02    -9999
MOSCOW     240511 300  165500-170000   00    8426.07  988.3   7745.61     1.43    -9999
MOSCOW     240511 3600 170000-180000   00    8444.00  988.8   7791.00     2.02    -9999
MOSCOW     240511 3600 180000-190000   00    8400.00  989.3   7774.00     1.80    -9999
MOSCOW     240511 3600 190000-200000   00    8342.00  989.6   7742.00     1.38    -9999
MOSCOW     240511 3600 200000-210000   00    8379.00  990.1   7805.00     2.20    -9999
MOSCOW     240511 3600 210000-220000   00    8311.00  990.6   7767.00     1.71    -9999
MOSCOW     240511 3600 220000-230000   00    8252.00  991.0   7732.00     1.25    -9999
MOSCOW     240511 3600 230000-240000   00    8278.00  991.2   7772.00     1.77    -9999
MOSCOW     240512 3600 000000-010000   00    8231.00  991.6   7746.00     1.43    -9999
MOSCOW     240512 3600 010000-020000   00    8226.00  991.9   7757.00     1.57    -9999
MOSCOW     240512 3600 020000-030000   00    8269.00  992.4   7829.00     2.52    -9999
MOSCOW     240512 3600 030000-040000   00    8311.00  992.9   7897.00     3.41    -9999
MOSCOW     240512 3600 040000-050000   00    8317.00  993.4   7930.00     3.84    -9999
MOSCOW     240512 3600 050000-060000   00    8236.00  993.9   7883.00     3.22    -9999
MOSCOW     240512 3600 060000-070000   00    8257.00  994.2   7920.00     3.71    -9999
MOSCOW     240512 3600 070000-080000   00    8288.00  994.6   7971.00     4.38    -9999
MOSCOW     240512 3600 080000-090000   00    8237.00  995.0   7943.00     4.01    -9999
MOSCOW     240512 3600 090000-100000   00    8255.00  995.3   7979.00     4.48    -9999
MOSCOW     240512 3600 100000-110000   00    8222.00  995.6   7968.00     4.34    -9999
MOSCOW     240512 3600 110000-120000   00    8177.00  996.0   7944.00     4.02    -9999
MOSCOW     240512 3600 120000-130000   00    8142.00  996.1   7917.00     3.67    -9999
MOSCOW     240512 3600 130000-140000   00    8129.00  996.2   7910.00     3.58    -9999
MOSCOW     240512 3600 140000-150000   00    8173.00  996.3   7957.00     4.19    -9999
MOSCOW     240512 3600 150000-160000   00    8104.00  996.5   7903.00     3.49    -9999
MOSCOW     240512 3600 160000-170000   00    8172.00  996.7   7978.00     4.47    -9999
MOSCOW     240512 3600 170000-180000   00    8095.00  997.0   7921.00     3.72    -9999
MOSCOW     240512 3600 180000-190000   00    8005.00  997.1   7840.00     2.66    -9999
MOSCOW     240512 3600 190000-200000   00    8057.00  997.2   7897.00     3.41    -9999
MOSCOW     240512 3600 200000-210000   00    8052.00  997.3   7899.00     3.43    -9999
MOSCOW     240512 3600 210000-220000   00    8047.00  997.4   7895.00     3.38    -9999
MOSCOW     240512 3600 220000-230000   00    8101.00  997.5   7955.00     4.17    -9999
MOSCOW     240512 3600 230000-240000   00    8169.00  997.6   8026.00     5.10    -9999
*
COMMENT NM DATA DOWNLOADED FROM IZMIRAN DB ON 14.5.2024
COMMENT 5MIN DATA SCALED TO 1H WITH FACTOR OF 1.067
COMMENT UNIVERISTY OF OULU: FILE GENERATED FROM DATABASE AND OBTAINED FROM
COMMENT https://gle.oulu.fi at 2025-01-03 09:23:40 +00:00
COMMENT FOR HISTORICAL/ORIGINAL TEXT FILES SEE https://gle.oulu.fi/txtarchive/
COMMENT ORIGINAL AT https://gle.oulu.fi/txtarchive/GLE74/C074MOSC.DAT
COMMENT DETRENDED DATA SHOW -9999 IF EQUAL TO INC% COLUMN 