NOVOSIBIRS LATITUDE    54.8      LONGITUDE     83        ALTITUDE    163 M
NOVOSIBIRS INSTRUMENT   24-NM-64  NEUTRON MONITOR
NOVOSIBIRS STANDARD PRESSURE    995     MB     COEFFICIENT   -0.718    % / MB
NOVOSIBIRS PRE-INCREASE BASELINE TIME INTERVAL    240510    230000-010000   UT
NOVOSIBIRS PRE-INCREASE AVERAGE COUNTING RATE  9,351.42      COUNTS PER SECOND
NOVOSIBIRS TIME INTERVALS    300         3600     
NOVOSIBIRS SCALE FACTORS     1           1        
STATION    YYMMDD  SEC   TIME (UT)   CODE    UNCORR. PRESS.    CORR.    % INC.	DETRENDED
                         INTERVAL    TD      C/S     (MB)      C/S
NOVOSIBIRS 240510 3600 000000-010000   00   11002.00  987.8  10446.00    11.70    -9999
NOVOSIBIRS 240510 3600 010000-020000   00   11114.00  986.9  10484.00    12.11    -9999
NOVOSIBIRS 240510 3600 020000-030000   00   11300.00  986.0  10592.00    13.27    -9999
NOVOSIBIRS 240510 3600 030000-040000   00   11299.00  985.0  10512.00    12.41    -9999
NOVOSIBIRS 240510 3600 040000-050000   00   11320.00  985.6  10580.00    13.14    -9999
NOVOSIBIRS 240510 3600 050000-060000   00   11320.00  985.7  10587.00    13.21    -9999
NOVOSIBIRS 240510 3600 060000-070000   00   11416.00  985.3  10651.00    13.90    -9999
NOVOSIBIRS 240510 3600 070000-080000   00   11387.00  985.5  10637.00    13.75    -9999
NOVOSIBIRS 240510 3600 080000-090000   00   11444.00  985.2  10670.00    14.10    -9999
NOVOSIBIRS 240510 3600 090000-100000   00   11446.00  985.1  10663.00    14.03    -9999
NOVOSIBIRS 240510 3600 100000-110000   00   11483.00  985.5  10727.00    14.71    -9999
NOVOSIBIRS 240510 3600 110000-120000   00   11442.00  985.6  10691.00    14.32    -9999
NOVOSIBIRS 240510 3600 120000-130000   00   11351.00  985.8  10626.00    13.63    -9999
NOVOSIBIRS 240510 3600 130000-140000   00   11220.00  986.1  10528.00    12.58    -9999
NOVOSIBIRS 240510 3600 140000-150000   00   11210.00  986.7  10561.00    12.93    -9999
NOVOSIBIRS 240510 3600 150000-160000   00   11148.00  987.5  10561.00    12.93    -9999
NOVOSIBIRS 240510 3600 160000-170000   00   11003.00  988.3  10483.00    12.10    -9999
NOVOSIBIRS 240510 3600 170000-180000   00   10999.00  988.9  10526.00    12.56    -9999
NOVOSIBIRS 240510 3600 180000-190000   00   10917.00  989.1  10467.00    11.93    -9999
NOVOSIBIRS 240510 3600 190000-200000   00   10661.00  989.6  10258.00     9.69    -9999
NOVOSIBIRS 240510 3600 200000-210000   00   10591.00  990.0  10216.00     9.25    -9999
NOVOSIBIRS 240510 3600 210000-220000   00   10313.00  990.6   9992.00     6.85    -9999
NOVOSIBIRS 240510 300  220000-220500   00   10138.00  991.1   9858.00     5.42    -9999
NOVOSIBIRS 240510 300  220500-221000   00   10008.00  991.2   9739.00     4.14    -9999
NOVOSIBIRS 240510 300  221000-221500   00   10029.00  991.2   9761.00     4.38    -9999
NOVOSIBIRS 240510 300  221500-222000   00    9928.00  991.3   9669.00     3.40    -9999
NOVOSIBIRS 240510 300  222000-222500   00   10077.00  991.4   9821.00     5.02    -9999
NOVOSIBIRS 240510 300  222500-223000   00   10053.00  991.5   9803.00     4.83    -9999
NOVOSIBIRS 240510 300  223000-223500   00    9778.00  991.5   9537.00     1.98    -9999
NOVOSIBIRS 240510 300  223500-224000   00    9632.00  991.6   9400.00     0.52    -9999
NOVOSIBIRS 240510 300  224000-224500   00    9642.00  991.6   9409.00     0.62    -9999
NOVOSIBIRS 240510 300  224500-225000   00    9518.00  991.6   9288.00    -0.68    -9999
NOVOSIBIRS 240510 300  225000-225500   00    9602.00  991.7   9378.00     0.28    -9999
NOVOSIBIRS 240510 300  225500-230000   00    9520.00  991.8   9309.00    -0.45    -9999
NOVOSIBIRS 240510 300  230000-230500   00    9557.00  992.0   9356.00     0.05    -9999
NOVOSIBIRS 240510 300  230500-231000   00    9523.00  992.1   9327.00    -0.26    -9999
NOVOSIBIRS 240510 300  231000-231500   00    9421.00  992.1   9227.00    -1.33    -9999
NOVOSIBIRS 240510 300  231500-232000   00    9523.00  992.0   9325.00    -0.28    -9999
NOVOSIBIRS 240510 300  232000-232500   00    9622.00  992.1   9425.00     0.79    -9999
NOVOSIBIRS 240510 300  232500-233000   00    9429.00  992.2   9242.00    -1.17    -9999
NOVOSIBIRS 240510 300  233000-233500   00    9415.00  992.3   9239.00    -1.20    -9999
NOVOSIBIRS 240510 300  233500-234000   00    9471.00  992.4   9298.00    -0.57    -9999
NOVOSIBIRS 240510 300  234000-234500   00    9681.00  992.5   9509.00     1.69    -9999
NOVOSIBIRS 240510 300  234500-235000   00    9401.00  992.6   9241.00    -1.18    -9999
NOVOSIBIRS 240510 300  235000-235500   00    9355.00  992.6   9197.00    -1.65    -9999
NOVOSIBIRS 240510 300  235500-240000   00    9417.00  992.7   9263.00    -0.95    -9999
NOVOSIBIRS 240511 300  000000-000500   00    9643.00  992.6   9482.00     1.40    -9999
NOVOSIBIRS 240511 300  000500-001000   00    9421.00  992.6   9265.00    -0.92    -9999
NOVOSIBIRS 240511 300  001000-001500   00    9518.00  992.7   9368.00     0.18    -9999
NOVOSIBIRS 240511 300  001500-002000   00    9427.00  992.8   9284.00    -0.72    -9999
NOVOSIBIRS 240511 300  002000-002500   00    9498.00  992.9   9356.00     0.05    -9999
NOVOSIBIRS 240511 300  002500-003000   00    9613.00  993.0   9480.00     1.37    -9999
NOVOSIBIRS 240511 300  003000-003500   00    9503.00  993.1   9374.00     0.24    -9999
NOVOSIBIRS 240511 300  003500-004000   00    9567.00  993.1   9442.00     0.97    -9999
NOVOSIBIRS 240511 300  004000-004500   00    9722.00  993.1   9596.00     2.62    -9999
NOVOSIBIRS 240511 300  004500-005000   00    9415.00  993.2   9294.00    -0.61    -9999
NOVOSIBIRS 240511 300  005000-005500   00    9561.00  993.2   9438.00     0.93    -9999
NOVOSIBIRS 240511 300  005500-010000   00    9520.00  993.3   9406.00     0.58    -9999
NOVOSIBIRS 240511 300  010000-010500   00    9520.00  993.3   9410.00     0.63    -9999
NOVOSIBIRS 240511 300  010500-011000   00    9661.00  993.4   9550.00     2.12    -9999
NOVOSIBIRS 240511 300  011000-011500   00    9624.00  993.3   9513.00     1.73    -9999
NOVOSIBIRS 240511 300  011500-012000   00    9692.00  993.3   9576.00     2.40    -9999
NOVOSIBIRS 240511 300  012000-012500   00    9819.00  993.2   9698.00     3.71    -9999
NOVOSIBIRS 240511 300  012500-013000   00    9814.00  993.2   9688.00     3.60    -9999
NOVOSIBIRS 240511 300  013000-013500   00    9751.00  993.2   9630.00     2.98    -9999
NOVOSIBIRS 240511 300  013500-014000   00    9710.00  993.3   9598.00     2.64    -9999
NOVOSIBIRS 240511 300  014000-014500   00    9637.00  993.4   9527.00     1.88    -9999
NOVOSIBIRS 240511 300  014500-015000   00    9747.00  993.3   9632.00     3.00    -9999
NOVOSIBIRS 240511 300  015000-015500   00    9807.00  993.4   9695.00     3.67    -9999
NOVOSIBIRS 240511 300  015500-020000   00    9841.00  993.4   9730.00     4.05    -9999
NOVOSIBIRS 240511 300  020000-020500   00    9689.00  993.4   9581.00     2.46    -9999
NOVOSIBIRS 240511 300  020500-021000   00    9739.00  993.3   9622.00     2.89    -9999
NOVOSIBIRS 240511 300  021000-021500   00    9778.00  993.3   9665.00     3.35    -9999
NOVOSIBIRS 240511 300  021500-022000   00    9694.00  993.3   9580.00     2.44    -9999
NOVOSIBIRS 240511 300  022000-022500   00    9782.00  993.2   9660.00     3.30    -9999
NOVOSIBIRS 240511 300  022500-023000   00    9853.00  993.3   9734.00     4.09    -9999
NOVOSIBIRS 240511 300  023000-023500   00   10014.00  993.3   9892.00     5.78    -9999
NOVOSIBIRS 240511 300  023500-024000   00    9895.00  993.3   9777.00     4.55    -9999
NOVOSIBIRS 240511 300  024000-024500   00    9793.00  993.3   9680.00     3.51    -9999
NOVOSIBIRS 240511 300  024500-025000   00    9893.00  993.4   9784.00     4.63    -9999
NOVOSIBIRS 240511 300  025000-025500   00    9830.00  993.5   9725.00     3.99    -9999
NOVOSIBIRS 240511 300  025500-030000   00    9852.00  993.5   9746.00     4.22    -9999
NOVOSIBIRS 240511 300  030000-030500   00    9981.00  993.5   9874.00     5.59    -9999
NOVOSIBIRS 240511 300  030500-031000   00    9924.00  993.5   9817.00     4.98    -9999
NOVOSIBIRS 240511 300  031000-031500   00    9932.00  993.6   9833.00     5.15    -9999
NOVOSIBIRS 240511 300  031500-032000   00    9943.00  993.6   9843.00     5.26    -9999
NOVOSIBIRS 240511 300  032000-032500   00   10001.00  993.5   9900.00     5.87    -9999
NOVOSIBIRS 240511 300  032500-033000   00    9899.00  993.6   9804.00     4.84    -9999
NOVOSIBIRS 240511 300  033000-033500   00    9721.00  993.6   9629.00     2.97    -9999
NOVOSIBIRS 240511 300  033500-034000   00    9952.00  993.7   9861.00     5.45    -9999
NOVOSIBIRS 240511 300  034000-034500   00    9827.00  993.7   9736.00     4.11    -9999
NOVOSIBIRS 240511 300  034500-035000   00    9812.00  993.7   9725.00     3.99    -9999
NOVOSIBIRS 240511 300  035000-035500   00    9813.00  993.8   9728.00     4.03    -9999
NOVOSIBIRS 240511 300  035500-040000   00    9827.00  993.8   9748.00     4.24    -9999
NOVOSIBIRS 240511 300  040000-040500   00    9723.00  993.7   9636.00     3.04    -9999
NOVOSIBIRS 240511 300  040500-041000   00    9784.00  993.7   9699.00     3.72    -9999
NOVOSIBIRS 240511 300  041000-041500   00    9842.00  993.8   9758.00     4.35    -9999
NOVOSIBIRS 240511 300  041500-042000   00    9827.00  993.8   9743.00     4.19    -9999
NOVOSIBIRS 240511 300  042000-042500   00    9673.00  993.7   9585.00     2.50    -9999
NOVOSIBIRS 240511 300  042500-043000   00    9822.00  993.6   9725.00     3.99    -9999
NOVOSIBIRS 240511 300  043000-043500   00    9722.00  993.5   9621.00     2.88    -9999
NOVOSIBIRS 240511 300  043500-044000   00    9854.00  993.6   9756.00     4.33    -9999
NOVOSIBIRS 240511 300  044000-044500   00    9815.00  993.6   9722.00     3.96    -9999
NOVOSIBIRS 240511 300  044500-045000   00    9911.00  993.6   9816.00     4.97    -9999
NOVOSIBIRS 240511 300  045000-045500   00    9796.00  993.7   9707.00     3.80    -9999
NOVOSIBIRS 240511 300  045500-050000   00    9781.00  993.7   9696.00     3.68    -9999
NOVOSIBIRS 240511 300  050000-050500   00    9664.00  993.7   9580.00     2.44    -9999
NOVOSIBIRS 240511 300  050500-051000   00    9758.00  993.7   9672.00     3.43    -9999
NOVOSIBIRS 240511 300  051000-051500   00    9879.00  993.7   9787.00     4.66    -9999
NOVOSIBIRS 240511 300  051500-052000   00    9892.00  993.6   9794.00     4.73    -9999
NOVOSIBIRS 240511 300  052000-052500   00    9876.00  993.6   9777.00     4.55    -9999
NOVOSIBIRS 240511 300  052500-053000   00    9943.00  993.5   9842.00     5.25    -9999
NOVOSIBIRS 240511 300  053000-053500   00    9897.00  993.5   9795.00     4.74    -9999
NOVOSIBIRS 240511 300  053500-054000   00    9852.00  993.5   9751.00     4.27    -9999
NOVOSIBIRS 240511 300  054000-054500   00   10034.00  993.4   9919.00     6.07    -9999
NOVOSIBIRS 240511 300  054500-055000   00    9869.00  993.3   9755.00     4.32    -9999
NOVOSIBIRS 240511 300  055000-055500   00    9751.00  993.4   9645.00     3.14    -9999
NOVOSIBIRS 240511 300  055500-060000   00    9736.00  993.4   9625.00     2.93    -9999
NOVOSIBIRS 240511 300  060000-060500   00    9866.00  993.4   9757.00     4.34    -9999
NOVOSIBIRS 240511 300  060500-061000   00    9633.00  993.4   9523.00     1.83    -9999
NOVOSIBIRS 240511 300  061000-061500   00    9702.00  993.4   9596.00     2.62    -9999
NOVOSIBIRS 240511 300  061500-062000   00    9656.00  993.4   9547.00     2.09    -9999
NOVOSIBIRS 240511 300  062000-062500   00    9549.00  993.4   9443.00     0.98    -9999
NOVOSIBIRS 240511 300  062500-063000   00    9620.00  993.4   9513.00     1.73    -9999
NOVOSIBIRS 240511 300  063000-063500   00    9656.00  993.3   9538.00     2.00    -9999
NOVOSIBIRS 240511 300  063500-064000   00    9649.00  993.3   9538.00     2.00    -9999
NOVOSIBIRS 240511 300  064000-064500   00    9693.00  993.3   9579.00     2.43    -9999
NOVOSIBIRS 240511 300  064500-065000   00    9710.00  993.2   9589.00     2.54    -9999
NOVOSIBIRS 240511 300  065000-065500   00    9733.00  993.2   9614.00     2.81    -9999
NOVOSIBIRS 240511 300  065500-070000   00    9731.00  993.2   9611.00     2.78    -9999
NOVOSIBIRS 240511 300  070000-070500   00    9740.00  993.1   9613.00     2.80    -9999
NOVOSIBIRS 240511 300  070500-071000   00    9626.00  993.1   9497.00     1.56    -9999
NOVOSIBIRS 240511 300  071000-071500   00    9735.00  993.0   9600.00     2.66    -9999
NOVOSIBIRS 240511 300  071500-072000   00    9689.00  993.0   9552.00     2.14    -9999
NOVOSIBIRS 240511 300  072000-072500   00    9674.00  992.9   9533.00     1.94    -9999
NOVOSIBIRS 240511 300  072500-073000   00    9667.00  993.0   9529.00     1.90    -9999
NOVOSIBIRS 240511 300  073000-073500   00    9675.00  993.0   9537.00     1.98    -9999
NOVOSIBIRS 240511 300  073500-074000   00    9914.00  993.0   9775.00     4.53    -9999
NOVOSIBIRS 240511 300  074000-074500   00    9715.00  993.0   9576.00     2.40    -9999
NOVOSIBIRS 240511 300  074500-075000   00    9649.00  993.0   9513.00     1.73    -9999
NOVOSIBIRS 240511 300  075000-075500   00    9606.00  993.0   9471.00     1.28    -9999
NOVOSIBIRS 240511 300  075500-080000   00    9677.00  993.0   9544.00     2.06    -9999
NOVOSIBIRS 240511 300  080000-080500   00    9792.00  992.9   9650.00     3.19    -9999
NOVOSIBIRS 240511 300  080500-081000   00    9871.00  992.9   9727.00     4.02    -9999
NOVOSIBIRS 240511 300  081000-081500   00    9670.00  993.0   9535.00     1.96    -9999
NOVOSIBIRS 240511 300  081500-082000   00   10002.00  992.9   9858.00     5.42    -9999
NOVOSIBIRS 240511 300  082000-082500   00    9800.00  992.9   9655.00     3.25    -9999
NOVOSIBIRS 240511 300  082500-083000   00    9675.00  992.8   9529.00     1.90    -9999
NOVOSIBIRS 240511 300  083000-083500   00    9767.00  992.7   9609.00     2.75    -9999
NOVOSIBIRS 240511 300  083500-084000   00    9611.00  992.8   9463.00     1.19    -9999
NOVOSIBIRS 240511 300  084000-084500   00    9708.00  992.9   9564.00     2.27    -9999
NOVOSIBIRS 240511 300  084500-085000   00    9744.00  992.9   9603.00     2.69    -9999
NOVOSIBIRS 240511 300  085000-085500   00    9737.00  993.0   9598.00     2.64    -9999
NOVOSIBIRS 240511 300  085500-090000   00    9633.00  993.0   9498.00     1.57    -9999
NOVOSIBIRS 240511 300  090000-090500   00    9679.00  993.0   9547.00     2.09    -9999
NOVOSIBIRS 240511 300  090500-091000   00    9694.00  993.0   9560.00     2.23    -9999
NOVOSIBIRS 240511 300  091000-091500   00    9640.00  993.1   9511.00     1.71    -9999
NOVOSIBIRS 240511 300  091500-092000   00    9526.00  993.1   9396.00     0.48    -9999
NOVOSIBIRS 240511 300  092000-092500   00    9507.00  993.1   9378.00     0.28    -9999
NOVOSIBIRS 240511 300  092500-093000   00    9534.00  993.1   9405.00     0.57    -9999
NOVOSIBIRS 240511 300  093000-093500   00    9580.00  993.1   9450.00     1.05    -9999
NOVOSIBIRS 240511 300  093500-094000   00    9914.00  993.1   9779.00     4.57    -9999
NOVOSIBIRS 240511 300  094000-094500   00    9647.00  993.0   9511.00     1.71    -9999
NOVOSIBIRS 240511 300  094500-095000   00    9688.00  993.1   9556.00     2.19    -9999
NOVOSIBIRS 240511 300  095000-095500   00    9662.00  993.1   9531.00     1.92    -9999
NOVOSIBIRS 240511 300  095500-100000   00    9845.00  993.0   9705.00     3.78    -9999
NOVOSIBIRS 240511 300  100000-100500   00    9723.00  993.0   9590.00     2.55    -9999
NOVOSIBIRS 240511 300  100500-101000   00    9888.00  993.1   9754.00     4.31    -9999
NOVOSIBIRS 240511 300  101000-101500   00    9736.00  993.0   9602.00     2.68    -9999
NOVOSIBIRS 240511 300  101500-102000   00    9850.00  993.1   9720.00     3.94    -9999
NOVOSIBIRS 240511 300  102000-102500   00    9931.00  993.1   9802.00     4.82    -9999
NOVOSIBIRS 240511 300  102500-103000   00    9712.00  993.2   9591.00     2.56    -9999
NOVOSIBIRS 240511 300  103000-103500   00    9694.00  993.3   9576.00     2.40    -9999
NOVOSIBIRS 240511 300  103500-104000   00    9664.00  993.3   9550.00     2.12    -9999
NOVOSIBIRS 240511 300  104000-104500   00    9644.00  993.4   9534.00     1.95    -9999
NOVOSIBIRS 240511 300  104500-105000   00    9643.00  993.4   9533.00     1.94    -9999
NOVOSIBIRS 240511 300  105000-105500   00    9563.00  993.4   9456.00     1.12    -9999
NOVOSIBIRS 240511 300  105500-110000   00    9571.00  993.4   9464.00     1.20    -9999
NOVOSIBIRS 240511 300  110000-110500   00    9681.00  993.4   9571.00     2.35    -9999
NOVOSIBIRS 240511 300  110500-111000   00    9525.00  993.5   9424.00     0.78    -9999
NOVOSIBIRS 240511 300  111000-111500   00    9416.00  993.4   9313.00    -0.41    -9999
NOVOSIBIRS 240511 300  111500-112000   00    9646.00  993.4   9536.00     1.97    -9999
NOVOSIBIRS 240511 300  112000-112500   00    9574.00  993.4   9467.00     1.24    -9999
NOVOSIBIRS 240511 300  112500-113000   00    9523.00  993.4   9420.00     0.73    -9999
NOVOSIBIRS 240511 300  113000-113500   00    9569.00  993.4   9460.00     1.16    -9999
NOVOSIBIRS 240511 300  113500-114000   00    9567.00  993.4   9462.00     1.18    -9999
NOVOSIBIRS 240511 300  114000-114500   00    9564.00  993.6   9468.00     1.25    -9999
NOVOSIBIRS 240511 300  114500-115000   00    9523.00  993.6   9430.00     0.84    -9999
NOVOSIBIRS 240511 300  115000-115500   00    9541.00  993.7   9453.00     1.09    -9999
NOVOSIBIRS 240511 300  115500-120000   00    9698.00  993.7   9608.00     2.74    -9999
NOVOSIBIRS 240511 300  120000-120500   00    9533.00  993.7   9446.00     1.01    -9999
NOVOSIBIRS 240511 300  120500-121000   00    9546.00  993.7   9457.00     1.13    -9999
NOVOSIBIRS 240511 300  121000-121500   00    9585.00  993.7   9496.00     1.55    -9999
NOVOSIBIRS 240511 300  121500-122000   00    9495.00  993.7   9409.00     0.62    -9999
NOVOSIBIRS 240511 300  122000-122500   00    9538.00  993.8   9457.00     1.13    -9999
NOVOSIBIRS 240511 300  122500-123000   00    9535.00  993.8   9453.00     1.09    -9999
NOVOSIBIRS 240511 300  123000-123500   00    9513.00  993.7   9427.00     0.81    -9999
NOVOSIBIRS 240511 300  123500-124000   00    9388.00  993.8   9307.00    -0.48    -9999
NOVOSIBIRS 240511 300  124000-124500   00    9608.00  993.8   9526.00     1.87    -9999
NOVOSIBIRS 240511 300  124500-125000   00    9455.00  993.8   9375.00     0.25    -9999
NOVOSIBIRS 240511 300  125000-125500   00    9325.00  993.9   9252.00    -1.06    -9999
NOVOSIBIRS 240511 300  125500-130000   00    9370.00  993.9   9300.00    -0.55    -9999
NOVOSIBIRS 240511 300  130000-130500   00    9487.00  994.0   9421.00     0.74    -9999
NOVOSIBIRS 240511 300  130500-131000   00    9490.00  994.1   9431.00     0.85    -9999
NOVOSIBIRS 240511 300  131000-131500   00    9414.00  994.1   9356.00     0.05    -9999
NOVOSIBIRS 240511 300  131500-132000   00    9553.00  994.2   9498.00     1.57    -9999
NOVOSIBIRS 240511 300  132000-132500   00    9479.00  994.2   9426.00     0.80    -9999
NOVOSIBIRS 240511 300  132500-133000   00    9385.00  994.2   9335.00    -0.18    -9999
NOVOSIBIRS 240511 300  133000-133500   00    9372.00  994.4   9333.00    -0.20    -9999
NOVOSIBIRS 240511 300  133500-134000   00    9465.00  994.4   9425.00     0.79    -9999
NOVOSIBIRS 240511 300  134000-134500   00    9477.00  994.4   9437.00     0.92    -9999
NOVOSIBIRS 240511 300  134500-135000   00    9347.00  994.4   9309.00    -0.45    -9999
NOVOSIBIRS 240511 300  135000-135500   00    9519.00  994.5   9485.00     1.43    -9999
NOVOSIBIRS 240511 300  135500-140000   00    9325.00  994.6   9298.00    -0.57    -9999
NOVOSIBIRS 240511 300  140000-140500   00    9426.00  994.7   9408.00     0.61    -9999
NOVOSIBIRS 240511 300  140500-141000   00    9357.00  994.9   9351.00     0.00    -9999
NOVOSIBIRS 240511 300  141000-141500   00    9325.00  995.0   9325.00    -0.28    -9999
NOVOSIBIRS 240511 300  141500-142000   00    9303.00  995.0   9306.00    -0.49    -9999
NOVOSIBIRS 240511 300  142000-142500   00    9262.00  995.1   9271.00    -0.86    -9999
NOVOSIBIRS 240511 300  142500-143000   00    9262.00  995.2   9281.00    -0.75    -9999
NOVOSIBIRS 240511 300  143000-143500   00    9239.00  995.3   9262.00    -0.96    -9999
NOVOSIBIRS 240511 300  143500-144000   00    9302.00  995.4   9333.00    -0.20    -9999
NOVOSIBIRS 240511 300  144000-144500   00    9470.00  995.5   9507.00     1.66    -9999
NOVOSIBIRS 240511 300  144500-145000   00    9256.00  995.6   9297.00    -0.58    -9999
NOVOSIBIRS 240511 300  145000-145500   00    9253.00  995.7   9302.00    -0.53    -9999
NOVOSIBIRS 240511 300  145500-150000   00    9139.00  995.8   9195.00    -1.67    -9999
NOVOSIBIRS 240511 300  150000-150500   00    9490.00  995.9   9556.00     2.19    -9999
NOVOSIBIRS 240511 300  150500-151000   00    9190.00  996.0   9256.00    -1.02    -9999
NOVOSIBIRS 240511 300  151000-151500   00    9368.00  996.0   9441.00     0.96    -9999
NOVOSIBIRS 240511 300  151500-152000   00    9361.00  996.1   9438.00     0.93    -9999
NOVOSIBIRS 240511 300  152000-152500   00    9244.00  996.2   9324.00    -0.29    -9999
NOVOSIBIRS 240511 300  152500-153000   00    9257.00  996.3   9344.00    -0.08    -9999
NOVOSIBIRS 240511 300  153000-153500   00    9294.00  996.3   9386.00     0.37    -9999
NOVOSIBIRS 240511 300  153500-154000   00    9254.00  996.4   9348.00    -0.04    -9999
NOVOSIBIRS 240511 300  154000-154500   00    9316.00  996.5   9417.00     0.70    -9999
NOVOSIBIRS 240511 300  154500-155000   00    9325.00  996.5   9431.00     0.85    -9999
NOVOSIBIRS 240511 300  155000-155500   00    9211.00  996.6   9321.00    -0.33    -9999
NOVOSIBIRS 240511 300  155500-160000   00    9151.00  996.7   9263.00    -0.95    -9999
NOVOSIBIRS 240511 300  160000-160500   00    9210.00  996.7   9323.00    -0.30    -9999
NOVOSIBIRS 240511 300  160500-161000   00    9185.00  996.7   9299.00    -0.56    -9999
NOVOSIBIRS 240511 300  161000-161500   00    9138.00  996.8   9259.00    -0.99    -9999
NOVOSIBIRS 240511 300  161500-162000   00    9247.00  996.9   9374.00     0.24    -9999
NOVOSIBIRS 240511 300  162000-162500   00    9222.00  996.9   9354.00     0.03    -9999
NOVOSIBIRS 240511 300  162500-163000   00    9242.00  997.0   9378.00     0.28    -9999
NOVOSIBIRS 240511 300  163000-163500   00    9243.00  997.1   9383.00     0.34    -9999
NOVOSIBIRS 240511 300  163500-164000   00    9183.00  997.1   9322.00    -0.31    -9999
NOVOSIBIRS 240511 300  164000-164500   00    9115.00  997.2   9263.00    -0.95    -9999
NOVOSIBIRS 240511 300  164500-165000   00    9396.00  997.3   9556.00     2.19    -9999
NOVOSIBIRS 240511 300  165000-165500   00    9315.00  997.4   9477.00     1.34    -9999
NOVOSIBIRS 240511 300  165500-170000   00    9300.00  997.4   9462.00     1.18    -9999
NOVOSIBIRS 240511 3600 170000-180000   00    9270.00  997.9   9468.00     1.25    -9999
NOVOSIBIRS 240511 3600 180000-190000   00    9181.00  998.7   9426.00     0.80    -9999
NOVOSIBIRS 240511 3600 190000-200000   00    9181.00  999.2   9465.00     1.21    -9999
NOVOSIBIRS 240511 3600 200000-210000   00    9139.00 1000.0   9470.00     1.27    -9999
NOVOSIBIRS 240511 3600 210000-220000   00    9151.00 1000.7   9531.00     1.92    -9999
NOVOSIBIRS 240511 3600 220000-230000   00    9125.00 1001.4   9554.00     2.17    -9999
NOVOSIBIRS 240511 3600 230000-240000   00    9104.00 1002.1   9580.00     2.44    -9999
NOVOSIBIRS 240512 3600 000000-010000   00    9039.00 1002.7   9555.00     2.18    -9999
NOVOSIBIRS 240512 3600 010000-020000   00    9064.00 1003.2   9611.00     2.78    -9999
NOVOSIBIRS 240512 3600 020000-030000   00    9255.00 1003.2   9816.00     4.97    -9999
NOVOSIBIRS 240512 3600 030000-040000   00    9268.00 1003.1   9823.00     5.04    -9999
NOVOSIBIRS 240512 3600 040000-050000   00    9257.00 1003.0   9805.00     4.85    -9999
NOVOSIBIRS 240512 3600 050000-060000   00    9328.00 1002.9   9874.00     5.59    -9999
NOVOSIBIRS 240512 3600 060000-070000   00    9248.00 1002.5   9761.00     4.38    -9999
NOVOSIBIRS 240512 3600 070000-080000   00    9274.00 1002.1   9757.00     4.34    -9999
NOVOSIBIRS 240512 3600 080000-090000   00    9301.00 1001.7   9759.00     4.36    -9999
NOVOSIBIRS 240512 3600 090000-100000   00    9310.00 1001.3   9738.00     4.13    -9999
NOVOSIBIRS 240512 3600 100000-110000   00    9310.00 1001.0   9722.00     3.96    -9999
NOVOSIBIRS 240512 3600 110000-120000   00    9256.00 1000.8   9651.00     3.20    -9999
NOVOSIBIRS 240512 3600 120000-130000   00    9267.00 1000.4   9635.00     3.03    -9999
NOVOSIBIRS 240512 3600 130000-140000   00    9291.00 1000.3   9653.00     3.22    -9999
NOVOSIBIRS 240512 3600 140000-150000   00    9303.00 1000.5   9681.00     3.52    -9999
NOVOSIBIRS 240512 3600 150000-160000   00    9294.00 1000.9   9696.00     3.68    -9999
NOVOSIBIRS 240512 3600 160000-170000   00    9243.00 1001.1   9659.00     3.29    -9999
NOVOSIBIRS 240512 3600 170000-180000   00    9158.00 1001.2   9573.00     2.37    -9999
NOVOSIBIRS 240512 3600 180000-190000   00    9135.00 1001.3   9560.00     2.23    -9999
NOVOSIBIRS 240512 3600 190000-200000   00    9229.00 1001.2   9650.00     3.19    -9999
NOVOSIBIRS 240512 3600 200000-210000   00    9313.00 1001.0   9725.00     3.99    -9999
NOVOSIBIRS 240512 3600 210000-220000   00    9395.00 1001.2   9819.00     5.00    -9999
NOVOSIBIRS 240512 3600 220000-230000   00    9437.00 1001.2   9865.00     5.49    -9999
NOVOSIBIRS 240512 3600 230000-240000   00    9613.00 1001.3  10061.00     7.59    -9999
*
COMMENT NM DATA DOWNLOADED FROM IZMIRAN DB ON 04.06.2024
COMMENT DETRENDING CANNOT BE ROBUSTLY DONE
COMMENT UNIVERISTY OF OULU: FILE GENERATED FROM DATABASE AND OBTAINED FROM
COMMENT https://gle.oulu.fi at 2025-01-03 09:23:40 +00:00
COMMENT FOR HISTORICAL/ORIGINAL TEXT FILES SEE https://gle.oulu.fi/txtarchive/
COMMENT ORIGINAL AT https://gle.oulu.fi/txtarchive/GLE74/C074NVBK.DAT
COMMENT DETRENDED DATA SHOW -9999 IF EQUAL TO INC% COLUMN 