MAWSON     LATITUDE    -67.6     LONGITUDE     62.88     ALTITUDE    30 M
MAWSON     INSTRUMENT   IGY     NEUTRON MONITOR
MAWSON     STANDARD PRESSURE    990     MB     COEFFICIENT   -0.708    % / MB
MAWSON     PRE-INCREASE BASELINE TIME INTERVAL    240510    230000-010000   UT
MAWSON     PRE-INCREASE AVERAGE COUNTING RATE    201.68      COUNTS PER SECOND
MAWSON     TIME INTERVALS    300         3600     
MAWSON     SCALE FACTORS     1           1        
STATION    YYMMDD  SEC   TIME (UT)   CODE    UNCORR. PRESS.    CORR.    % INC.	DETRENDED
                         INTERVAL    TD      C/S     (MB)      C/S
MAWSON     240510 3600 000000-010000   00     238.24  977.1    228.37    13.24    -9999
MAWSON     240510 3600 010000-020000   00     238.33  976.6    227.53    12.82    -9999
MAWSON     240510 3600 020000-030000   00     238.76  976.4    227.73    12.92    -9999
MAWSON     240510 3600 030000-040000   00     237.20  976.6    226.51    12.32    -9999
MAWSON     240510 3600 040000-050000   00     236.26  977.0    226.28    12.20    -9999
MAWSON     240510 3600 050000-060000   00     237.35  976.8    226.97    12.54    -9999
MAWSON     240510 3600 060000-070000   00     238.09  976.5    227.20    12.66    -9999
MAWSON     240510 3600 070000-080000   00     238.41  976.7    227.86    12.98    -9999
MAWSON     240510 3600 080000-090000   00     237.54  977.0    227.55    12.83    -9999
MAWSON     240510 3600 090000-100000   00     237.41  977.5    228.20    13.15    -9999
MAWSON     240510 3600 100000-110000   00     237.52  977.7    228.63    13.36    -9999
MAWSON     240510 3600 110000-120000   00     237.65  978.0    229.22    13.66    -9999
MAWSON     240510 3600 120000-130000   00     237.03  978.3    229.10    13.60    -9999
MAWSON     240510 3600 130000-140000   00     235.88  978.6    228.53    13.32    -9999
MAWSON     240510 3600 140000-150000   00     235.84  979.2    229.33    13.71    -9999
MAWSON     240510 3600 150000-160000   00     235.33  979.4    229.27    13.68    -9999
MAWSON     240510 3600 160000-170000   00     233.68  979.9    228.43    13.27    -9999
MAWSON     240510 3600 170000-180000   00     233.16  980.3    228.52    13.31    -9999
MAWSON     240510 3600 180000-190000   00     226.38  980.6    222.37    10.26    -9999
MAWSON     240510 3600 190000-200000   00     224.82  980.7    220.98     9.57    -9999
MAWSON     240510 3600 200000-210000   00     223.52  981.1    220.29     9.23    -9999
MAWSON     240510 3600 210000-220000   00     217.12  981.4    214.52     6.37    -9999
MAWSON     240510 300  220000-220500   00     211.99  981.9    210.17     4.21    -9999
MAWSON     240510 300  220500-221000   00     211.04  981.9    209.19     3.73    -9999
MAWSON     240510 300  221000-221500   00     211.73  981.9    210.00     4.13    -9999
MAWSON     240510 300  221500-222000   00     209.62  982.0    207.94     3.11    -9999
MAWSON     240510 300  222000-222500   00     207.01  982.0    205.39     1.84    -9999
MAWSON     240510 300  222500-223000   00     207.67  982.0    206.08     2.19    -9999
MAWSON     240510 300  223000-223500   00     207.63  982.1    206.16     2.22    -9999
MAWSON     240510 300  223500-224000   00     204.40  982.3    203.22     0.77    -9999
MAWSON     240510 300  224000-224500   00     204.83  982.4    203.77     1.04    -9999
MAWSON     240510 300  224500-225000   00     202.25  982.5    201.32    -0.18    -9999
MAWSON     240510 300  225000-225500   00     204.75  982.5    203.88     1.09    -9999
MAWSON     240510 300  225500-230000   00     202.26  982.6    201.51    -0.08    -9999
MAWSON     240510 300  230000-230500   00     202.62  982.7    202.03     0.17    -9999
MAWSON     240510 300  230500-231000   00     206.60  982.7    206.03     2.16    -9999
MAWSON     240510 300  231000-231500   00     202.06  982.8    201.65    -0.01    -9999
MAWSON     240510 300  231500-232000   00     201.26  982.9    200.89    -0.39    -9999
MAWSON     240510 300  232000-232500   00     202.35  982.9    201.98     0.15    -9999
MAWSON     240510 300  232500-233000   00     204.06  982.9    203.72     1.02    -9999
MAWSON     240510 300  233000-233500   00     201.94  982.9    201.61    -0.03    -9999
MAWSON     240510 300  233500-234000   00     201.45  982.9    201.08    -0.29    -9999
MAWSON     240510 300  234000-234500   00     202.27  982.8    201.82     0.07    -9999
MAWSON     240510 300  234500-235000   00     202.35  982.8    201.94     0.13    -9999
MAWSON     240510 300  235000-235500   00     200.82  982.9    200.49    -0.59    -9999
MAWSON     240510 300  235500-240000   00     201.52  982.9    201.15    -0.26    -9999
MAWSON     240511 300  000000-000500   00     200.91  982.9    200.63    -0.52    -9999
MAWSON     240511 300  000500-001000   00     200.96  983.0    200.78    -0.44    -9999
MAWSON     240511 300  001000-001500   00     202.16  983.0    201.99     0.15    -9999
MAWSON     240511 300  001500-002000   00     198.64  983.0    198.47    -1.59    -9999
MAWSON     240511 300  002000-002500   00     202.90  983.0    202.77     0.54    -9999
MAWSON     240511 300  002500-003000   00     200.99  983.1    200.96    -0.35    -9999
MAWSON     240511 300  003000-003500   00     202.61  983.1    202.55     0.43    -9999
MAWSON     240511 300  003500-004000   00     201.99  983.2    202.12     0.22    -9999
MAWSON     240511 300  004000-004500   00     199.96  983.2    200.16    -0.75    -9999
MAWSON     240511 300  004500-005000   00     202.16  983.2    202.37     0.34    -9999
MAWSON     240511 300  005000-005500   00     201.17  983.2    201.38    -0.15    -9999
MAWSON     240511 300  005500-010000   00     201.43  983.2    201.63    -0.02    -9999
MAWSON     240511 300  010000-010500   00     201.86  983.2    202.07     0.19    -0.02
MAWSON     240511 300  010500-011000   00     201.73  983.2    201.93     0.13    -0.10
MAWSON     240511 300  011000-011500   00     203.42  983.2    203.63     0.97     0.72
MAWSON     240511 300  011500-012000   00     204.29  983.2    204.49     1.40     1.14
MAWSON     240511 300  012000-012500   00     202.37  983.2    202.58     0.45     0.17
MAWSON     240511 300  012500-013000   00     203.14  983.4    203.54     0.92     0.63
MAWSON     240511 300  013000-013500   00     203.25  983.4    203.61     0.96     0.65
MAWSON     240511 300  013500-014000   00     203.36  983.4    203.76     1.03     0.71
MAWSON     240511 300  014000-014500   00     205.47  983.4    205.87     2.08     1.74
MAWSON     240511 300  014500-015000   00     202.55  983.4    202.99     0.65     0.30
MAWSON     240511 300  015000-015500   00     203.55  983.4    203.95     1.13     0.76
MAWSON     240511 300  015500-020000   00     204.72  983.4    205.08     1.69     1.30
MAWSON     240511 300  020000-020500   00     207.07  983.3    207.36     2.82     2.42
MAWSON     240511 300  020500-021000   00     206.58  983.4    206.99     2.63     2.22
MAWSON     240511 300  021000-021500   00     203.64  983.4    204.12     1.21     0.78
MAWSON     240511 300  021500-022000   00     206.06  983.5    206.65     2.47     2.02
MAWSON     240511 300  022000-022500   00     205.62  983.5    206.26     2.27     1.81
MAWSON     240511 300  022500-023000   00     209.11  983.5    209.76     4.01     3.53
MAWSON     240511 300  023000-023500   00     210.85  983.6    211.67     4.95     4.47
MAWSON     240511 300  023500-024000   00     209.88  983.6    210.65     4.45     3.95
MAWSON     240511 300  024000-024500   00     211.17  983.6    211.99     5.11     4.60
MAWSON     240511 300  024500-025000   00     208.66  983.6    209.46     3.86     3.33
MAWSON     240511 300  025000-025500   00     209.64  983.7    210.49     4.37     3.82
MAWSON     240511 300  025500-030000   00     210.79  983.8    211.76     5.00     4.44
MAWSON     240511 300  030000-030500   00     209.05  983.9    210.17     4.21     3.64
MAWSON     240511 300  030500-031000   00     208.93  984.0    210.25     4.25     3.66
MAWSON     240511 300  031000-031500   00     208.55  984.0    209.83     4.04     3.44
MAWSON     240511 300  031500-032000   00     207.19  983.9    208.39     3.33     2.71
MAWSON     240511 300  032000-032500   00     207.92  983.9    209.12     3.69     3.06
MAWSON     240511 300  032500-033000   00     207.95  983.9    209.18     3.72     3.08
MAWSON     240511 300  033000-033500   00     205.25  984.0    206.62     2.45     1.80
MAWSON     240511 300  033500-034000   00     206.54  984.0    207.89     3.08     2.41
MAWSON     240511 300  034000-034500   00     205.08  984.0    206.34     2.31     1.63
MAWSON     240511 300  034500-035000   00     204.33  984.1    205.81     2.05     1.36
MAWSON     240511 300  035000-035500   00     203.63  984.2    205.19     1.74     1.03
MAWSON     240511 300  035500-040000   00     205.50  984.2    207.08     2.68     1.96
MAWSON     240511 300  040000-040500   00     205.97  984.2    207.55     2.91     2.18
MAWSON     240511 300  040500-041000   00     206.46  984.2    208.00     3.14     2.39
MAWSON     240511 300  041000-041500   00     204.63  984.2    206.23     2.26     1.50
MAWSON     240511 300  041500-042000   00     206.42  984.3    208.23     3.25     2.48
MAWSON     240511 300  042000-042500   00     204.16  984.5    206.11     2.20     1.41
MAWSON     240511 300  042500-043000   00     206.54  984.6    208.71     3.49     2.69
MAWSON     240511 300  043000-043500   00     205.74  984.7    208.10     3.19     2.38
MAWSON     240511 300  043500-044000   00     205.32  984.8    207.83     3.05     2.23
MAWSON     240511 300  044000-044500   00     204.55  984.9    207.09     2.68     1.85
MAWSON     240511 300  044500-045000   00     205.29  984.9    207.88     3.08     2.23
MAWSON     240511 300  045000-045500   00     205.96  984.9    208.51     3.39     2.54
MAWSON     240511 300  045500-050000   00     204.05  984.9    206.62     2.45     1.59
MAWSON     240511 300  050000-050500   00     203.46  984.9    205.98     2.14     1.26
MAWSON     240511 300  050500-051000   00     202.26  984.9    204.77     1.54     0.65
MAWSON     240511 300  051000-051500   00     206.19  984.9    208.75     3.51     2.61
MAWSON     240511 300  051500-052000   00     206.53  984.9    209.09     3.68     2.77
MAWSON     240511 300  052000-052500   00     203.96  984.9    206.53     2.41     1.48
MAWSON     240511 300  052500-053000   00     204.60  984.8    207.03     2.65     1.72
MAWSON     240511 300  053000-053500   00     204.97  984.8    207.48     2.88     1.93
MAWSON     240511 300  053500-054000   00     205.30  984.8    207.73     3.00     2.05
MAWSON     240511 300  054000-054500   00     205.20  984.7    207.59     2.93     1.96
MAWSON     240511 300  054500-055000   00     204.95  984.9    207.50     2.89     1.91
MAWSON     240511 300  055000-055500   00     205.40  985.0    208.15     3.21     2.22
MAWSON     240511 300  055500-060000   00     203.99  985.1    206.84     2.56     1.56
MAWSON     240511 300  060000-060500   00     205.26  985.1    208.21     3.24     2.23
MAWSON     240511 300  060500-061000   00     204.87  985.1    207.80     3.04     2.02
MAWSON     240511 300  061000-061500   00     204.46  985.1    207.39     2.83     1.80
MAWSON     240511 300  061500-062000   00     204.67  985.0    207.45     2.86     1.82
MAWSON     240511 300  062000-062500   00     205.61  985.0    208.36     3.32     2.27
MAWSON     240511 300  062500-063000   00     203.25  985.0    206.01     2.15     1.09
MAWSON     240511 300  063000-063500   00     203.46  985.1    206.37     2.33     1.26
MAWSON     240511 300  063500-064000   00     204.43  985.1    207.36     2.82     1.74
MAWSON     240511 300  064000-064500   00     203.50  985.2    206.58     2.43     1.34
MAWSON     240511 300  064500-065000   00     204.29  985.2    207.41     2.85     1.75
MAWSON     240511 300  065000-065500   00     204.26  985.4    207.55     2.91     1.80
MAWSON     240511 300  065500-070000   00     204.12  985.4    207.39     2.84     1.72
MAWSON     240511 300  070000-070500   00     204.00  985.4    207.31     2.79     1.67
MAWSON     240511 300  070500-071000   00     203.77  985.4    207.04     2.66     1.53
MAWSON     240511 300  071000-071500   00     203.03  985.4    206.33     2.31     1.17
MAWSON     240511 300  071500-072000   00     203.48  985.4    206.75     2.52     1.37
MAWSON     240511 300  072000-072500   00     202.93  985.4    206.26     2.28     1.12
MAWSON     240511 300  072500-073000   00     206.00  985.5    209.50     3.88     2.71
MAWSON     240511 300  073000-073500   00     203.25  985.6    206.86     2.57     1.40
MAWSON     240511 300  073500-074000   00     204.30  985.6    208.02     3.14     1.96
MAWSON     240511 300  074000-074500   00     205.49  985.6    209.22     3.74     2.55
MAWSON     240511 300  074500-075000   00     203.29  985.6    206.98     2.63     1.43
MAWSON     240511 300  075000-075500   00     204.22  985.6    207.93     3.10     1.89
MAWSON     240511 300  075500-080000   00     203.84  985.7    207.58     2.93     1.71
MAWSON     240511 300  080000-080500   00     205.95  985.6    209.70     3.98     2.75
MAWSON     240511 300  080500-081000   00     204.76  985.7    208.52     3.39     2.16
MAWSON     240511 300  081000-081500   00     205.10  985.8    209.03     3.65     2.41
MAWSON     240511 300  081500-082000   00     205.16  985.8    209.09     3.67     2.43
MAWSON     240511 300  082000-082500   00     203.60  985.8    207.49     2.89     1.63
MAWSON     240511 300  082500-083000   00     206.08  985.8    210.03     4.14     2.88
MAWSON     240511 300  083000-083500   00     205.72  985.7    209.58     3.92     2.65
MAWSON     240511 300  083500-084000   00     203.47  985.7    207.21     2.74     1.47
MAWSON     240511 300  084000-084500   00     203.33  985.8    207.19     2.73     1.45
MAWSON     240511 300  084500-085000   00     203.69  985.8    207.58     2.93     1.64
MAWSON     240511 300  085000-085500   00     205.93  985.7    209.75     4.00     2.71
MAWSON     240511 300  085500-090000   00     203.87  985.8    207.77     3.02     1.72
MAWSON     240511 300  090000-090500   00     203.53  985.8    207.42     2.85     1.54
MAWSON     240511 300  090500-091000   00     202.50  985.8    206.38     2.33     1.01
MAWSON     240511 300  091000-091500   00     203.35  985.8    207.24     2.76     1.44
MAWSON     240511 300  091500-092000   00     202.35  985.8    206.22     2.26     0.92
MAWSON     240511 300  092000-092500   00     201.56  985.8    205.41     1.85     0.52
MAWSON     240511 300  092500-093000   00     201.94  985.9    206.00     2.15     0.80
MAWSON     240511 300  093000-093500   00     201.26  985.9    205.31     1.80     0.45
MAWSON     240511 300  093500-094000   00     202.31  985.9    206.38     2.33     0.98
MAWSON     240511 300  094000-094500   00     201.57  985.9    205.62     1.96     0.60
MAWSON     240511 300  094500-095000   00     201.15  986.0    205.35     1.82     0.45
MAWSON     240511 300  095000-095500   00     202.09  986.0    206.34     2.31     0.94
MAWSON     240511 300  095500-100000   00     200.69  986.0    204.91     1.61     0.23
MAWSON     240511 300  100000-100500   00     199.63  985.9    203.68     0.99    -0.39
MAWSON     240511 300  100500-101000   00     202.44  985.9    206.51     2.40     1.01
MAWSON     240511 300  101000-101500   00     202.23  985.9    206.33     2.31     0.92
MAWSON     240511 300  101500-102000   00     203.01  986.0    207.28     2.78     1.38
MAWSON     240511 300  102000-102500   00     198.80  986.0    202.99     0.65    -0.75
MAWSON     240511 300  102500-103000   00     202.39  986.0    206.54     2.41     1.00
MAWSON     240511 300  103000-103500   00     203.49  985.9    207.58     2.93     1.51
MAWSON     240511 300  103500-104000   00     204.56  986.0    208.83     3.55     2.13
MAWSON     240511 300  104000-104500   00     204.04  986.0    208.33     3.30     1.88
MAWSON     240511 300  104500-105000   00     201.89  986.0    206.10     2.19     0.77
MAWSON     240511 300  105000-105500   00     203.01  985.9    207.09     2.69     1.25
MAWSON     240511 300  105500-110000   00     205.27  986.0    209.48     3.87     2.43
MAWSON     240511 300  110000-110500   00     203.18  986.0    207.46     2.87     1.43
MAWSON     240511 300  110500-111000   00     204.85  986.1    209.20     3.73     2.29
MAWSON     240511 300  111000-111500   00     204.28  986.0    208.58     3.43     1.98
MAWSON     240511 300  111500-112000   00     201.63  986.0    205.88     2.08     0.63
MAWSON     240511 300  112000-112500   00     203.98  986.1    208.35     3.31     1.85
MAWSON     240511 300  112500-113000   00     201.49  986.2    205.92     2.11     0.65
MAWSON     240511 300  113000-113500   00     203.07  986.2    207.58     2.93     1.46
MAWSON     240511 300  113500-114000   00     203.60  986.3    208.28     3.28     1.81
MAWSON     240511 300  114000-114500   00     203.19  986.3    207.86     3.07     1.60
MAWSON     240511 300  114500-115000   00     202.08  986.4    206.81     2.54     1.07
MAWSON     240511 300  115000-115500   00     203.21  986.5    208.08     3.17     1.70
MAWSON     240511 300  115500-120000   00     202.99  986.5    207.89     3.08     1.60
MAWSON     240511 300  120000-120500   00     199.93  986.6    204.95     1.62     0.14
MAWSON     240511 300  120500-121000   00     204.69  986.5    209.59     3.92     2.44
MAWSON     240511 300  121000-121500   00     202.77  986.3    207.43     2.86     1.37
MAWSON     240511 300  121500-122000   00     200.84  986.5    205.65     1.97     0.48
MAWSON     240511 300  122000-122500   00     200.39  986.6    205.38     1.84     0.34
MAWSON     240511 300  122500-123000   00     202.56  986.6    207.61     2.94     1.45
MAWSON     240511 300  123000-123500   00     201.87  986.6    206.90     2.59     1.09
MAWSON     240511 300  123500-124000   00     201.65  986.6    206.67     2.48     0.98
MAWSON     240511 300  124000-124500   00     200.82  986.6    205.83     2.06     0.56
MAWSON     240511 300  124500-125000   00     199.26  986.6    204.23     1.27    -0.24
MAWSON     240511 300  125000-125500   00     199.07  986.6    204.03     1.17    -0.34
MAWSON     240511 300  125500-130000   00     199.01  986.6    203.97     1.14    -0.37
MAWSON     240511 300  130000-130500   00     199.13  986.6    204.09     1.20    -0.31
MAWSON     240511 300  130500-131000   00     200.63  986.7    205.74     2.02     0.50
MAWSON     240511 300  131000-131500   00     199.30  986.7    204.46     1.38    -0.13
MAWSON     240511 300  131500-132000   00     200.05  986.7    205.27     1.78     0.27
MAWSON     240511 300  132000-132500   00     197.61  986.7    202.69     0.50    -1.01
MAWSON     240511 300  132500-133000   00     198.88  986.6    203.88     1.09    -0.42
MAWSON     240511 300  133000-133500   00     200.43  986.6    205.43     1.86     0.34
MAWSON     240511 300  133500-134000   00     200.04  986.5    204.95     1.62     0.10
MAWSON     240511 300  134000-134500   00     202.22  986.3    206.87     2.58     1.06
MAWSON     240511 300  134500-135000   00     198.23  986.3    202.71     0.51    -1.01
MAWSON     240511 300  135000-135500   00     201.83  986.2    206.32     2.30     0.78
MAWSON     240511 300  135500-140000   00     200.20  986.2    204.61     1.45    -0.07
MAWSON     240511 300  140000-140500   00     200.24  986.3    204.81     1.55    -9999
MAWSON     240511 300  140500-141000   00     199.61  986.3    204.12     1.21    -9999
MAWSON     240511 300  141000-141500   00     200.36  986.2    204.81     1.55    -9999
MAWSON     240511 300  141500-142000   00     201.50  986.3    206.13     2.21    -9999
MAWSON     240511 300  142000-142500   00     201.02  986.3    205.57     1.93    -9999
MAWSON     240511 300  142500-143000   00     200.08  986.2    204.53     1.41    -9999
MAWSON     240511 300  143000-143500   00     202.09  986.2    206.58     2.43    -9999
MAWSON     240511 300  143500-144000   00     198.55  986.1    202.85     0.58    -9999
MAWSON     240511 300  144000-144500   00     199.89  986.1    204.17     1.24    -9999
MAWSON     240511 300  144500-145000   00     200.94  986.1    205.21     1.75    -9999
MAWSON     240511 300  145000-145500   00     198.67  986.2    203.01     0.66    -9999
MAWSON     240511 300  145500-150000   00     199.74  986.2    204.13     1.22    -9999
MAWSON     240511 300  150000-150500   00     199.78  986.2    204.26     1.28    -9999
MAWSON     240511 300  150500-151000   00     199.32  986.2    203.71     1.01    -9999
MAWSON     240511 300  151000-151500   00     200.64  986.2    205.05     1.67    -9999
MAWSON     240511 300  151500-152000   00     200.06  986.2    204.47     1.38    -9999
MAWSON     240511 300  152000-152500   00     199.69  986.4    204.40     1.35    -9999
MAWSON     240511 300  152500-153000   00     200.24  986.4    204.95     1.63    -9999
MAWSON     240511 300  153000-153500   00     201.72  986.0    205.92     2.10    -9999
MAWSON     240511 300  153500-154000   00     201.55  986.1    205.87     2.08    -9999
MAWSON     240511 300  154000-154500   00     201.52  986.0    205.76     2.03    -9999
MAWSON     240511 300  154500-155000   00     200.25  986.3    204.89     1.60    -9999
MAWSON     240511 300  155000-155500   00     199.09  986.5    203.86     1.08    -9999
MAWSON     240511 300  155500-160000   00     200.86  986.5    205.71     2.00    -9999
MAWSON     240511 300  160000-160500   00     200.53  986.7    205.68     1.99    -9999
MAWSON     240511 300  160500-161000   00     199.73  986.6    204.71     1.50    -9999
MAWSON     240511 300  161000-161500   00     201.06  986.6    206.03     2.16    -9999
MAWSON     240511 300  161500-162000   00     200.75  986.6    205.72     2.00    -9999
MAWSON     240511 300  162000-162500   00     201.01  986.5    205.83     2.06    -9999
MAWSON     240511 300  162500-163000   00     201.51  986.5    206.33     2.31    -9999
MAWSON     240511 300  163000-163500   00     200.87  986.4    205.60     1.95    -9999
MAWSON     240511 300  163500-164000   00     200.66  986.6    205.62     1.95    -9999
MAWSON     240511 300  164000-164500   00     199.70  986.7    204.90     1.60    -9999
MAWSON     240511 300  164500-165000   00     200.03  986.8    205.37     1.83    -9999
MAWSON     240511 300  165000-165500   00     203.26  986.9    208.84     3.55    -9999
MAWSON     240511 300  165500-170000   00     201.73  986.8    207.07     2.67    -9999
MAWSON     240511 3600 170000-180000   00     200.24  986.1    204.54     1.42    -9999
MAWSON     240511 3600 180000-190000   00     201.24  985.5    204.71     1.51    -9999
MAWSON     240511 3600 190000-200000   00     201.14  985.9    205.15     1.72    -9999
MAWSON     240511 3600 200000-210000   00     199.86  985.8    203.71     1.01    -9999
MAWSON     240511 3600 210000-220000   00     200.14  985.8    204.04     1.17    -9999
MAWSON     240511 3600 220000-230000   00     198.86  986.3    203.37     0.84    -9999
MAWSON     240511 3600 230000-240000   00     197.87  986.3    202.42     0.37    -9999
MAWSON     240512 3600 000000-010000   00     200.29  986.0    204.46     1.38    -9999
MAWSON     240512 3600 010000-020000   00     199.79  985.9    203.73     1.01    -9999
MAWSON     240512 3600 020000-030000   00     200.27  985.7    204.05     1.17    -9999
MAWSON     240512 3600 030000-040000   00     202.09  986.0    206.22     2.25    -9999
MAWSON     240512 3600 040000-050000   00     201.74  985.8    205.60     1.94    -9999
MAWSON     240512 3600 050000-060000   00     202.68  985.3    205.81     2.05    -9999
MAWSON     240512 3600 060000-070000   00     203.66  985.1    206.50     2.39    -9999
MAWSON     240512 3600 070000-080000   00     204.77  985.0    207.53     2.90    -9999
MAWSON     240512 3600 080000-090000   00     205.17  985.0    207.89     3.08    -9999
MAWSON     240512 3600 090000-100000   00     205.84  984.4    207.71     2.99    -9999
MAWSON     240512 3600 100000-110000   00     205.21  983.9    206.39     2.33    -9999
MAWSON     240512 3600 110000-120000   00     205.54  983.6    206.25     2.26    -9999
MAWSON     240512 3600 120000-130000   00     206.29  983.2    206.41     2.35    -9999
MAWSON     240512 3600 130000-140000   00     207.77  982.9    207.54     2.90    -9999
MAWSON     240512 3600 140000-150000   00     208.23  982.5    207.27     2.77    -9999
MAWSON     240512 3600 150000-160000   00     208.62  982.5    207.78     3.02    -9999
MAWSON     240512 3600 160000-170000   00     208.87  982.6    208.07     3.17    -9999
MAWSON     240512 3600 170000-180000   00     210.34  982.3    209.12     3.69    -9999
MAWSON     240512 3600 180000-190000   00     209.73  981.9    207.94     3.11    -9999
MAWSON     240512 3600 190000-200000   00     209.56  981.8    207.58     2.93    -9999
MAWSON     240512 3600 200000-210000   00     210.91  981.3    208.17     3.22    -9999
MAWSON     240512 3600 210000-220000   00     211.24  980.8    207.83     3.05    -9999
MAWSON     240512 3600 220000-230000   00     212.88  980.4    208.82     3.54    -9999
MAWSON     240512 3600 230000-240000   00     211.94  980.8    208.49     3.38    -9999
*
COMMENT NM DATA DOWNLOADED FROM NMDB ON 14.5.2024
COMMENT DETRENDING DONE BY IU
COMMENT UNIVERISTY OF OULU: FILE GENERATED FROM DATABASE AND OBTAINED FROM
COMMENT https://gle.oulu.fi at 2025-01-03 09:23:40 +00:00
COMMENT FOR HISTORICAL/ORIGINAL TEXT FILES SEE https://gle.oulu.fi/txtarchive/
COMMENT ORIGINAL AT https://gle.oulu.fi/txtarchive/GLE74/C074MWSN_cor.DAT
COMMENT DETRENDED DATA SHOW -9999 IF EQUAL TO INC% COLUMN 