PEAWANUCK  LATITUDE    55        LONGITUDE     -85       ALTITUDE    0 M
PEAWANUCK  INSTRUMENT   18NM64    NEUTRON MONITOR     
PEAWANUCK  STANDARD PRESSURE    1013.3  MB     COEFFICIENT   -0.75     % / MB
PEAWANUCK  PRE-INCREASE BASELINE TIME INTERVAL    240510    230000-010000   UT
PEAWANUCK  PRE-INCREASE AVERAGE COUNTING RATE    180.25      COUNTS PER SECOND
PEAWANUCK  TIME INTERVALS    300         3600     
PEAWANUCK  SCALE FACTORS     1           1        
STATION    YYMMDD  SEC   TIME (UT)   CODE    UNCORR. PRESS.    CORR.    % INC.	DETRENDED
                         INTERVAL    TD      C/S     (MB)      C/S
PEAWANUCK  240510 3600 000000-010000   00     206.87 1008.3    200.43    11.19    -9999
PEAWANUCK  240510 3600 010000-020000   00     208.79 1007.8    201.66    11.88    -9999
PEAWANUCK  240510 3600 020000-030000   00     208.15 1007.5    200.51    11.24    -9999
PEAWANUCK  240510 3600 030000-040000   00     211.03 1006.6    201.95    12.04    -9999
PEAWANUCK  240510 3600 040000-050000   00     212.04 1005.8    201.67    11.89    -9999
PEAWANUCK  240510 3600 050000-060000   00     213.65 1004.9    201.88    12.00    -9999
PEAWANUCK  240510 3600 060000-070000   00     215.12 1004.1    201.98    12.05    -9999
PEAWANUCK  240510 3600 070000-080000   00     214.99 1003.3    200.63    11.31    -9999
PEAWANUCK  240510 3600 080000-090000   00     216.96 1002.3    201.05    11.54    -9999
PEAWANUCK  240510 3600 090000-100000   00     219.50 1001.3    201.89    12.01    -9999
PEAWANUCK  240510 3600 100000-110000   00     220.64 1000.4    201.49    11.79    -9999
PEAWANUCK  240510 3600 110000-120000   00     222.71  999.6    202.23    12.19    -9999
PEAWANUCK  240510 3600 120000-130000   00     222.77  999.2    201.68    11.89    -9999
PEAWANUCK  240510 3600 130000-140000   00     224.97  998.7    202.91    12.57    -9999
PEAWANUCK  240510 3600 140000-150000   00     226.41  998.1    203.29    12.78    -9999
PEAWANUCK  240510 3600 150000-160000   00     230.23  997.6    205.89    14.22    -9999
PEAWANUCK  240510 3600 160000-170000   00     230.50  997.3    205.61    14.07    -9999
PEAWANUCK  240510 3600 170000-180000   00     229.76  997.0    204.62    13.52    -9999
PEAWANUCK  240510 3600 180000-190000   00     227.71  997.0    202.71    12.46    -9999
PEAWANUCK  240510 3600 190000-200000   00     224.68  996.9    199.83    10.86    -9999
PEAWANUCK  240510 3600 200000-210000   00     220.80  996.9    196.45     8.99    -9999
PEAWANUCK  240510 300  210000-210500   00     221.23  997.0    197.00     9.30    -9999
PEAWANUCK  240510 300  210500-211000   00     219.33  997.0    195.31     8.36    -9999
PEAWANUCK  240510 300  211000-211500   00     214.81  997.1    191.46     6.22    -9999
PEAWANUCK  240510 300  211500-212000   00     218.22  997.3    194.75     8.04    -9999
PEAWANUCK  240510 300  212000-212500   00     216.80  997.4    193.54     7.37    -9999
PEAWANUCK  240510 300  212500-213000   00     214.43  997.5    191.56     6.28    -9999
PEAWANUCK  240510 300  213000-213500   00     215.33  997.5    192.48     6.79    -9999
PEAWANUCK  240510 300  213500-214000   00     209.70  997.6    187.61     4.08    -9999
PEAWANUCK  240510 300  214000-214500   00     212.81  997.8    190.55     5.72    -9999
PEAWANUCK  240510 300  214500-215000   00     208.72  997.9    187.03     3.76    -9999
PEAWANUCK  240510 300  215000-215500   00     207.47  998.0    186.08     3.23    -9999
PEAWANUCK  240510 300  215500-220000   00     206.98  998.0    185.70     3.03    -9999
PEAWANUCK  240510 300  220000-220500   00     208.05  998.0    186.69     3.57    -9999
PEAWANUCK  240510 300  220500-221000   00     208.25  998.1    187.00     3.75    -9999
PEAWANUCK  240510 300  221000-221500   00     205.58  998.2    184.75     2.49    -9999
PEAWANUCK  240510 300  221500-222000   00     204.96  998.3    184.26     2.22    -9999
PEAWANUCK  240510 300  222000-222500   00     206.17  998.3    185.35     2.83    -9999
PEAWANUCK  240510 300  222500-223000   00     202.50  998.3    182.12     1.04    -9999
PEAWANUCK  240510 300  223000-223500   00     207.16  998.5    186.46     3.45    -9999
PEAWANUCK  240510 300  223500-224000   00     202.71  998.5    182.48     1.24    -9999
PEAWANUCK  240510 300  224000-224500   00     203.17  998.5    182.99     1.52    -9999
PEAWANUCK  240510 300  224500-225000   00     197.53  998.6    178.01    -1.24    -9999
PEAWANUCK  240510 300  225000-225500   00     200.54  998.6    180.72     0.26    -9999
PEAWANUCK  240510 300  225500-230000   00     199.80  998.6    180.08    -0.09    -9999
PEAWANUCK  240510 300  230000-230500   00     201.23  998.7    181.44     0.66    -9999
PEAWANUCK  240510 300  230500-231000   00     197.11  998.7    177.81    -1.35    -9999
PEAWANUCK  240510 300  231000-231500   00     203.17  998.8    183.38     1.74    -9999
PEAWANUCK  240510 300  231500-232000   00     199.75  998.9    180.40     0.08    -9999
PEAWANUCK  240510 300  232000-232500   00     199.77  998.9    180.45     0.11    -9999
PEAWANUCK  240510 300  232500-233000   00     201.58  999.0    182.17     1.07    -9999
PEAWANUCK  240510 300  233000-233500   00     196.72  999.0    177.85    -1.33    -9999
PEAWANUCK  240510 300  233500-234000   00     199.66  999.1    180.56     0.17    -9999
PEAWANUCK  240510 300  234000-234500   00     200.84  999.2    181.79     0.86    -9999
PEAWANUCK  240510 300  234500-235000   00     198.40  999.2    179.58    -0.37    -9999
PEAWANUCK  240510 300  235000-235500   00     200.54  999.2    181.57     0.73    -9999
PEAWANUCK  240510 300  235500-240000   00     198.12  999.2    179.40    -0.47    -9999
PEAWANUCK  240511 300  000000-000500   00     199.26  999.3    180.47     0.12    -9999
PEAWANUCK  240511 300  000500-001000   00     196.80  999.3    178.33    -1.07    -9999
PEAWANUCK  240511 300  001000-001500   00     198.71  999.4    180.13    -0.07    -9999
PEAWANUCK  240511 300  001500-002000   00     200.66  999.4    181.94     0.94    -9999
PEAWANUCK  240511 300  002000-002500   00     197.20  999.4    178.81    -0.80    -9999
PEAWANUCK  240511 300  002500-003000   00     197.52  999.5    179.14    -0.62    -9999
PEAWANUCK  240511 300  003000-003500   00     197.42  999.5    179.08    -0.65    -9999
PEAWANUCK  240511 300  003500-004000   00     198.28  999.5    179.82    -0.24    -9999
PEAWANUCK  240511 300  004000-004500   00     198.13  999.5    179.69    -0.31    -9999
PEAWANUCK  240511 300  004500-005000   00     199.76  999.5    181.21     0.53    -9999
PEAWANUCK  240511 300  005000-005500   00     199.56  999.5    180.99     0.41    -9999
PEAWANUCK  240511 300  005500-010000   00     198.48  999.4    179.98    -0.15    -9999
PEAWANUCK  240511 300  010000-010500   00     201.09  999.4    182.35     1.17     1.17
PEAWANUCK  240511 300  010500-011000   00     198.82  999.5    180.31     0.03     0.03
PEAWANUCK  240511 300  011000-011500   00     203.56  999.5    184.67     2.45     2.45
PEAWANUCK  240511 300  011500-012000   00     200.59  999.6    182.08     1.02     1.02
PEAWANUCK  240511 300  012000-012500   00     199.81  999.6    181.40     0.64     0.64
PEAWANUCK  240511 300  012500-013000   00     201.63  999.6    183.02     1.54     1.54
PEAWANUCK  240511 300  013000-013500   00     200.04  999.6    181.63     0.76     0.76
PEAWANUCK  240511 300  013500-014000   00     203.20  999.6    184.52     2.37     2.37
PEAWANUCK  240511 300  014000-014500   00     203.09  999.6    184.41     2.31     2.31
PEAWANUCK  240511 300  014500-015000   00     200.11  999.6    181.70     0.81     0.81
PEAWANUCK  240511 300  015000-015500   00     201.41  999.6    182.90     1.47     1.47
PEAWANUCK  240511 300  015500-020000   00     199.27  999.7    180.99     0.41     0.41
PEAWANUCK  240511 300  020000-020500   00     199.76  999.7    181.44     0.66     0.66
PEAWANUCK  240511 300  020500-021000   00     202.33  999.7    183.75     1.94     1.94
PEAWANUCK  240511 300  021000-021500   00     202.74  999.7    184.13     2.16     2.16
PEAWANUCK  240511 300  021500-022000   00     199.31  999.6    180.98     0.40     0.40
PEAWANUCK  240511 300  022000-022500   00     201.83  999.6    183.29     1.69     1.69
PEAWANUCK  240511 300  022500-023000   00     201.86  999.6    183.29     1.68     1.68
PEAWANUCK  240511 300  023000-023500   00     200.01  999.6    181.57     0.73     0.73
PEAWANUCK  240511 300  023500-024000   00     203.76  999.6    184.98     2.63     2.63
PEAWANUCK  240511 300  024000-024500   00     208.63  999.6    189.44     5.10     5.10
PEAWANUCK  240511 300  024500-025000   00     208.52  999.7    189.38     5.06     5.06
PEAWANUCK  240511 300  025000-025500   00     206.92  999.7    187.99     4.29     4.29
PEAWANUCK  240511 300  025500-030000   00     205.35  999.7    186.55     3.50     3.50
PEAWANUCK  240511 300  030000-030500   00     210.10  999.6    190.78     5.84     5.84
PEAWANUCK  240511 300  030500-031000   00     201.64  999.6    183.01     1.53     1.53
PEAWANUCK  240511 300  031000-031500   00     205.54  999.6    186.55     3.50     3.50
PEAWANUCK  240511 300  031500-032000   00     206.34  999.5    187.20     3.86     3.86
PEAWANUCK  240511 300  032000-032500   00     205.22  999.5    186.11     3.25     3.25
PEAWANUCK  240511 300  032500-033000   00     204.74  999.4    185.62     2.98     2.98
PEAWANUCK  240511 300  033000-033500   00     205.01  999.4    185.81     3.08     3.08
PEAWANUCK  240511 300  033500-034000   00     207.00  999.4    187.62     4.09     4.09
PEAWANUCK  240511 300  034000-034500   00     206.04  999.4    186.73     3.60     3.60
PEAWANUCK  240511 300  034500-035000   00     206.12  999.3    186.76     3.61     3.61
PEAWANUCK  240511 300  035000-035500   00     206.05  999.3    186.62     3.53     3.53
PEAWANUCK  240511 300  035500-040000   00     204.41  999.2    185.03     2.65     2.65
PEAWANUCK  240511 300  040000-040500   00     205.58  999.1    185.99     3.19     3.19
PEAWANUCK  240511 300  040500-041000   00     206.87  999.1    187.11     3.81     3.81
PEAWANUCK  240511 300  041000-041500   00     203.58  999.1    184.07     2.12     2.12
PEAWANUCK  240511 300  041500-042000   00     205.56  999.0    185.77     3.06     3.06
PEAWANUCK  240511 300  042000-042500   00     203.84  999.0    184.16     2.17     2.17
PEAWANUCK  240511 300  042500-043000   00     202.97  999.1    183.51     1.81     1.81
PEAWANUCK  240511 300  043000-043500   00     204.23  999.1    184.70     2.47     2.47
PEAWANUCK  240511 300  043500-044000   00     204.62  999.1    185.03     2.65     2.65
PEAWANUCK  240511 300  044000-044500   00     202.62  999.1    183.18     1.63     1.63
PEAWANUCK  240511 300  044500-045000   00     205.94  999.0    186.16     3.28     3.28
PEAWANUCK  240511 300  045000-045500   00     202.03  999.0    182.62     1.31     1.31
PEAWANUCK  240511 300  045500-050000   00     204.79  999.1    185.16     2.73     2.73
PEAWANUCK  240511 300  050000-050500   00     200.25  999.1    181.14     0.49     0.49
PEAWANUCK  240511 300  050500-051000   00     200.01  999.1    180.86     0.34     0.34
PEAWANUCK  240511 300  051000-051500   00     199.03  999.1    180.02    -0.12    -0.12
PEAWANUCK  240511 300  051500-052000   00     201.33  999.1    182.13     1.04     1.04
PEAWANUCK  240511 300  052000-052500   00     201.56  999.1    182.30     1.14     1.14
PEAWANUCK  240511 300  052500-053000   00     204.65  999.0    185.00     2.64     2.64
PEAWANUCK  240511 300  053000-053500   00     202.54  999.0    183.11     1.59     1.59
PEAWANUCK  240511 300  053500-054000   00     202.82  999.0    183.33     1.71     1.71
PEAWANUCK  240511 300  054000-054500   00     204.14  999.1    184.55     2.39     2.39
PEAWANUCK  240511 300  054500-055000   00     201.25  999.0    181.90     0.92     0.92
PEAWANUCK  240511 300  055000-055500   00     206.25  999.0    186.43     3.43     3.43
PEAWANUCK  240511 300  055500-060000   00     202.33  999.0    182.89     1.46     1.46
PEAWANUCK  240511 300  060000-060500   00     201.32  999.0    181.92     0.93     0.93
PEAWANUCK  240511 300  060500-061000   00     200.99  999.0    181.62     0.76     0.76
PEAWANUCK  240511 300  061000-061500   00     201.46  999.0    182.03     0.99     0.99
PEAWANUCK  240511 300  061500-062000   00     203.69  998.9    184.00     2.08     2.08
PEAWANUCK  240511 300  062000-062500   00     200.57  998.9    181.18     0.52     0.52
PEAWANUCK  240511 300  062500-063000   00     201.92  998.9    182.36     1.17     1.17
PEAWANUCK  240511 300  063000-063500   00     201.01  998.9    181.46     0.67     0.67
PEAWANUCK  240511 300  063500-064000   00     204.69  998.9    184.79     2.52     2.52
PEAWANUCK  240511 300  064000-064500   00     202.80  998.9    183.11     1.59     1.59
PEAWANUCK  240511 300  064500-065000   00     203.47  998.9    183.73     1.93     1.93
PEAWANUCK  240511 300  065000-065500   00     204.43  998.9    184.56     2.39     2.39
PEAWANUCK  240511 300  065500-070000   00     202.30  998.9    182.64     1.33     1.33
PEAWANUCK  240511 300  070000-070500   00     202.92  998.9    183.21     1.64     1.64
PEAWANUCK  240511 300  070500-071000   00     203.56  998.9    183.79     1.97     1.97
PEAWANUCK  240511 300  071000-071500   00     202.92  998.9    183.21     1.64     1.64
PEAWANUCK  240511 300  071500-072000   00     204.82  998.9    184.94     2.60     2.60
PEAWANUCK  240511 300  072000-072500   00     205.32  998.9    185.39     2.85     2.85
PEAWANUCK  240511 300  072500-073000   00     205.28  998.9    185.34     2.83     2.83
PEAWANUCK  240511 300  073000-073500   00     203.85  998.9    184.07     2.12     2.12
PEAWANUCK  240511 300  073500-074000   00     203.17  998.9    183.51     1.81     1.81
PEAWANUCK  240511 300  074000-074500   00     201.26  998.9    181.81     0.86     0.86
PEAWANUCK  240511 300  074500-075000   00     202.26  999.0    182.77     1.40     1.40
PEAWANUCK  240511 300  075000-075500   00     201.65  999.0    182.27     1.12     1.12
PEAWANUCK  240511 300  075500-080000   00     204.32  999.0    184.67     2.45     2.45
PEAWANUCK  240511 300  080000-080500   00     203.82  999.0    184.20     2.19     2.19
PEAWANUCK  240511 300  080500-081000   00     203.09  999.0    183.56     1.84     1.84
PEAWANUCK  240511 300  081000-081500   00     200.69  999.0    181.41     0.65     0.65
PEAWANUCK  240511 300  081500-082000   00     203.09  999.1    183.63     1.88     1.88
PEAWANUCK  240511 300  082000-082500   00     206.12  999.1    186.41     3.42     3.42
PEAWANUCK  240511 300  082500-083000   00     204.86  999.1    185.27     2.79     2.79
PEAWANUCK  240511 300  083000-083500   00     207.34  999.1    187.54     4.04     4.04
PEAWANUCK  240511 300  083500-084000   00     207.62  999.1    187.80     4.19     4.19
PEAWANUCK  240511 300  084000-084500   00     204.83  999.1    185.30     2.80     2.80
PEAWANUCK  240511 300  084500-085000   00     205.17  999.1    185.61     2.98     2.98
PEAWANUCK  240511 300  085000-085500   00     202.83  999.1    183.47     1.79     1.79
PEAWANUCK  240511 300  085500-090000   00     204.05  999.1    184.60     2.41     2.41
PEAWANUCK  240511 300  090000-090500   00     202.62  999.1    183.32     1.71     1.71
PEAWANUCK  240511 300  090500-091000   00     203.22  999.1    183.87     2.01     2.01
PEAWANUCK  240511 300  091000-091500   00     204.28  999.2    184.84     2.54     2.54
PEAWANUCK  240511 300  091500-092000   00     202.81  999.1    183.50     1.80     1.80
PEAWANUCK  240511 300  092000-092500   00     201.16  999.2    182.08     1.02     1.02
PEAWANUCK  240511 300  092500-093000   00     199.99  999.2    181.07     0.46     0.46
PEAWANUCK  240511 300  093000-093500   00     203.94  999.3    184.69     2.46     2.46
PEAWANUCK  240511 300  093500-094000   00     200.64  999.3    181.77     0.85     0.85
PEAWANUCK  240511 300  094000-094500   00     204.21  999.3    185.04     2.66     2.66
PEAWANUCK  240511 300  094500-095000   00     202.00  999.4    183.05     1.55     1.55
PEAWANUCK  240511 300  095000-095500   00     197.81  999.4    179.28    -0.54    -0.54
PEAWANUCK  240511 300  095500-100000   00     199.33  999.4    180.70     0.25     0.25
PEAWANUCK  240511 300  100000-100500   00     201.50  999.4    182.69     1.35     1.35
PEAWANUCK  240511 300  100500-101000   00     203.56  999.4    184.53     2.38     2.38
PEAWANUCK  240511 300  101000-101500   00     201.59  999.4    182.78     1.41     1.41
PEAWANUCK  240511 300  101500-102000   00     202.10  999.5    183.30     1.69     1.69
PEAWANUCK  240511 300  102000-102500   00     201.04  999.5    182.46     1.23     1.23
PEAWANUCK  240511 300  102500-103000   00     200.93  999.6    182.46     1.23     1.23
PEAWANUCK  240511 300  103000-103500   00     200.23  999.6    181.81     0.87     0.87
PEAWANUCK  240511 300  103500-104000   00     201.90  999.6    183.36     1.72     1.72
PEAWANUCK  240511 300  104000-104500   00     199.99  999.6    181.58     0.74     0.74
PEAWANUCK  240511 300  104500-105000   00     204.56  999.6    185.73     3.04     3.04
PEAWANUCK  240511 300  105000-105500   00     203.49  999.6    184.75     2.50     2.50
PEAWANUCK  240511 300  105500-110000   00     201.64  999.7    183.13     1.60     1.60
PEAWANUCK  240511 300  110000-110500   00     201.69  999.7    183.23     1.65     1.65
PEAWANUCK  240511 300  110500-111000   00     199.59  999.7    181.36     0.61     0.61
PEAWANUCK  240511 300  111000-111500   00     201.38  999.7    183.02     1.54     1.54
PEAWANUCK  240511 300  111500-112000   00     202.73  999.7    184.21     2.20     2.20
PEAWANUCK  240511 300  112000-112500   00     200.02  999.7    181.80     0.86     0.86
PEAWANUCK  240511 300  112500-113000   00     200.25  999.8    182.06     1.01     1.01
PEAWANUCK  240511 300  113000-113500   00     200.92  999.9    182.77     1.40     1.40
PEAWANUCK  240511 300  113500-114000   00     202.17  999.9    183.91     2.03     2.03
PEAWANUCK  240511 300  114000-114500   00     199.52  999.9    181.52     0.70     0.70
PEAWANUCK  240511 300  114500-115000   00     202.13  999.9    183.90     2.03     2.03
PEAWANUCK  240511 300  115000-115500   00     202.90  999.9    184.63     2.43     2.43
PEAWANUCK  240511 300  115500-120000   00     200.19  999.9    182.17     1.06     1.06
PEAWANUCK  240511 300  120000-120500   00     199.78  999.9    181.83     0.88     0.88
PEAWANUCK  240511 300  120500-121000   00     200.70 1000.0    182.70     1.36     1.36
PEAWANUCK  240511 300  121000-121500   00     198.50 1000.0    180.71     0.26     0.26
PEAWANUCK  240511 300  121500-122000   00     196.68 1000.0    179.08    -0.65    -0.65
PEAWANUCK  240511 300  122000-122500   00     201.06 1000.0    183.05     1.55     1.55
PEAWANUCK  240511 300  122500-123000   00     195.30 1000.0    177.85    -1.33    -1.33
PEAWANUCK  240511 300  123000-123500   00     198.63 1000.0    180.87     0.35     0.35
PEAWANUCK  240511 300  123500-124000   00     198.80 1000.0    181.06     0.45     0.45
PEAWANUCK  240511 300  124000-124500   00     196.97 1000.0    179.40    -0.47    -0.47
PEAWANUCK  240511 300  124500-125000   00     198.47 1000.0    180.80     0.31     0.31
PEAWANUCK  240511 300  125000-125500   00     199.35 1000.1    181.67     0.79     0.79
PEAWANUCK  240511 300  125500-130000   00     199.34 1000.1    181.69     0.80     0.80
PEAWANUCK  240511 300  130000-130500   00     198.87 1000.1    181.22     0.54     0.54
PEAWANUCK  240511 300  130500-131000   00     196.62 1000.1    179.16    -0.60    -0.60
PEAWANUCK  240511 300  131000-131500   00     196.89 1000.1    179.44    -0.45    -0.45
PEAWANUCK  240511 300  131500-132000   00     197.36 1000.1    179.86    -0.22    -0.22
PEAWANUCK  240511 300  132000-132500   00     196.14 1000.1    178.75    -0.83    -0.83
PEAWANUCK  240511 300  132500-133000   00     200.20 1000.0    182.36     1.17     1.17
PEAWANUCK  240511 300  133000-133500   00     199.23 1000.0    181.46     0.67     0.67
PEAWANUCK  240511 300  133500-134000   00     200.04 1000.0    182.14     1.05     1.05
PEAWANUCK  240511 300  134000-134500   00     202.03 1000.0    183.95     2.05     2.05
PEAWANUCK  240511 300  134500-135000   00     193.26 1000.0    175.95    -2.38    -2.38
PEAWANUCK  240511 300  135000-135500   00     195.56 1000.0    178.03    -1.23    -1.23
PEAWANUCK  240511 300  135500-140000   00     201.17 1000.0    183.14     1.60     1.60
PEAWANUCK  240511 300  140000-140500   00     198.60 1000.0    180.88     0.35    -9999
PEAWANUCK  240511 300  140500-141000   00     199.09 1000.0    181.31     0.59    -9999
PEAWANUCK  240511 300  141000-141500   00     197.53 1000.0    179.83    -0.23    -9999
PEAWANUCK  240511 300  141500-142000   00     196.70  999.9    179.03    -0.68    -9999
PEAWANUCK  240511 300  142000-142500   00     197.34  999.9    179.56    -0.38    -9999
PEAWANUCK  240511 300  142500-143000   00     201.09  999.9    182.93     1.49    -9999
PEAWANUCK  240511 300  143000-143500   00     201.73  999.8    183.47     1.78    -9999
PEAWANUCK  240511 300  143500-144000   00     200.04  999.8    181.88     0.90    -9999
PEAWANUCK  240511 300  144000-144500   00     203.31  999.8    184.84     2.55    -9999
PEAWANUCK  240511 300  144500-145000   00     204.69  999.7    186.02     3.20    -9999
PEAWANUCK  240511 300  145000-145500   00     200.92  999.7    182.52     1.26    -9999
PEAWANUCK  240511 300  145500-150000   00     200.61  999.6    182.11     1.03    -9999
PEAWANUCK  240511 300  150000-150500   00     202.27  999.5    183.53     1.82    -9999
PEAWANUCK  240511 300  150500-151000   00     200.73  999.5    182.09     1.02    -9999
PEAWANUCK  240511 300  151000-151500   00     199.26  999.5    180.75     0.28    -9999
PEAWANUCK  240511 300  151500-152000   00     203.00  999.5    184.12     2.15    -9999
PEAWANUCK  240511 300  152000-152500   00     201.96  999.5    183.18     1.62    -9999
PEAWANUCK  240511 300  152500-153000   00     201.09  999.5    182.45     1.22    -9999
PEAWANUCK  240511 300  153000-153500   00     200.68  999.5    182.04     0.99    -9999
PEAWANUCK  240511 300  153500-154000   00     201.09  999.5    182.39     1.19    -9999
PEAWANUCK  240511 300  154000-154500   00     201.33  999.5    182.69     1.35    -9999
PEAWANUCK  240511 300  154500-155000   00     201.55  999.5    182.91     1.48    -9999
PEAWANUCK  240511 300  155000-155500   00     203.22  999.5    184.39     2.30    -9999
PEAWANUCK  240511 300  155500-160000   00     200.55  999.5    181.92     0.92    -9999
PEAWANUCK  240511 3600 160000-170000   00     202.45  999.4    183.53     1.82    -9999
PEAWANUCK  240511 3600 170000-180000   00     204.11  999.1    184.66     2.45    -9999
PEAWANUCK  240511 3600 180000-190000   00     205.09  998.8    185.10     2.69    -9999
PEAWANUCK  240511 3600 190000-200000   00     205.93  998.2    185.05     2.66    -9999
PEAWANUCK  240511 3600 200000-210000   00     208.11  997.7    186.29     3.35    -9999
PEAWANUCK  240511 3600 210000-220000   00     208.29  997.0    185.51     2.92    -9999
PEAWANUCK  240511 3600 220000-230000   00     210.37  996.3    186.40     3.41    -9999
PEAWANUCK  240511 3600 230000-240000   00     207.31  995.9    183.06     1.56    -9999
PEAWANUCK  240512 3600 000000-010000   00     208.07  995.5    183.19     1.63    -9999
PEAWANUCK  240512 3600 010000-020000   00     208.03  995.4    183.05     1.55    -9999
PEAWANUCK  240512 3600 020000-030000   00     209.12  995.1    183.60     1.86    -9999
PEAWANUCK  240512 3600 030000-040000   00     209.03  994.4    182.59     1.30    -9999
PEAWANUCK  240512 3600 040000-050000   00     211.78  993.7    183.99     2.08    -9999
PEAWANUCK  240512 3600 050000-060000   00     212.55  993.1    183.85     2.00    -9999
PEAWANUCK  240512 3600 060000-070000   00     214.05  992.4    184.16     2.17    -9999
PEAWANUCK  240512 3600 070000-080000   00     215.20  991.5    183.83     1.99    -9999
PEAWANUCK  240512 3600 080000-090000   00     216.05  990.9    183.84     1.99    -9999
PEAWANUCK  240512 3600 090000-100000   00     216.89  990.9    184.48     2.35    -9999
PEAWANUCK  240512 3600 100000-110000   00     216.14  990.6    183.50     1.80    -9999
PEAWANUCK  240512 3600 110000-120000   00     215.06  991.1    183.15     1.61    -9999
PEAWANUCK  240512 3600 120000-130000   00     214.58  991.1    182.85     1.44    -9999
PEAWANUCK  240512 3600 130000-140000   00     214.90  990.9    182.74     1.38    -9999
PEAWANUCK  240512 3600 140000-150000   00     216.38  990.5    183.48     1.79    -9999
PEAWANUCK  240512 3600 150000-160000   00     217.96  990.1    184.25     2.22    -9999
PEAWANUCK  240512 3600 160000-170000   00     219.70  989.9    185.51     2.92    -9999
PEAWANUCK  240512 3600 170000-180000   00     220.68  989.9    186.38     3.40    -9999
PEAWANUCK  240512 3600 180000-190000   00     220.42  990.1    186.32     3.37    -9999
PEAWANUCK  240512 3600 190000-200000   00     220.45  990.1    186.42     3.42    -9999
PEAWANUCK  240512 3600 200000-210000   00     218.93  990.3    185.46     2.89    -9999
PEAWANUCK  240512 3600 210000-220000   00     220.58  990.8    187.47     4.01    -9999
PEAWANUCK  240512 3600 220000-230000   00     219.95  991.2    187.54     4.05    -9999
PEAWANUCK  240512 3600 230000-240000   00     219.49  991.9    188.12     4.37    -9999
*
COMMENT NM DATA DOWNLOADED FROM NMDB ON 14.5.2024
COMMENT DETRENDING DONE BY IU
COMMENT UNIVERISTY OF OULU: FILE GENERATED FROM DATABASE AND OBTAINED FROM
COMMENT https://gle.oulu.fi at 2025-01-03 09:23:40 +00:00
COMMENT FOR HISTORICAL/ORIGINAL TEXT FILES SEE https://gle.oulu.fi/txtarchive/
COMMENT ORIGINAL AT https://gle.oulu.fi/txtarchive/GLE74/C074PWNK_cor.DAT
COMMENT DETRENDED DATA SHOW -9999 IF EQUAL TO INC% COLUMN 