MAWSONB    LATITUDE    -67.6     LONGITUDE     62.88     ALTITUDE    30 M
MAWSONB    INSTRUMENT   6NM64B    NEUTRON MONITOR
MAWSONB    STANDARD PRESSURE    990     MB     COEFFICIENT   -0.708    % / MB
MAWSONB    PRE-INCREASE BASELINE TIME INTERVAL    240510    230000-010000   UT
MAWSONB    PRE-INCREASE AVERAGE COUNTING RATE     23.01      COUNTS PER SECOND
MAWSONB    TIME INTERVALS    300         3600     
MAWSONB    SCALE FACTORS     1           1        
STATION    YYMMDD  SEC   TIME (UT)   CODE    UNCORR. PRESS.    CORR.    % INC.	DETRENDED
                         INTERVAL    TD      C/S     (MB)      C/S
MAWSONB    240510 3600 000000-010000   00      28.73  977.1     26.23    13.98    -9999
MAWSONB    240510 3600 010000-020000   00      28.71  976.6     26.10    13.43    -9999
MAWSONB    240510 3600 020000-030000   00      28.76  976.4     26.12    13.53    -9999
MAWSONB    240510 3600 030000-040000   00      28.56  976.6     25.97    12.88    -9999
MAWSONB    240510 3600 040000-050000   00      28.57  977.0     26.06    13.25    -9999
MAWSONB    240510 3600 050000-060000   00      28.48  976.8     25.94    12.72    -9999
MAWSONB    240510 3600 060000-070000   00      28.70  976.5     26.08    13.35    -9999
MAWSONB    240510 3600 070000-080000   00      28.65  976.7     26.08    13.32    -9999
MAWSONB    240510 3600 080000-090000   00      28.65  977.0     26.14    13.60    -9999
MAWSONB    240510 3600 090000-100000   00      28.53  977.5     26.12    13.52    -9999
MAWSONB    240510 3600 100000-110000   00      28.64  977.7     26.25    14.09    -9999
MAWSONB    240510 3600 110000-120000   00      28.61  978.0     26.28    14.22    -9999
MAWSONB    240510 3600 120000-130000   00      28.39  978.3     26.13    13.58    -9999
MAWSONB    240510 3600 130000-140000   00      28.61  978.6     26.39    14.71    -9999
MAWSONB    240510 3600 140000-150000   00      28.41  979.2     26.31    14.35    -9999
MAWSONB    240510 3600 150000-160000   00      28.36  979.4     26.32    14.38    -9999
MAWSONB    240510 3600 160000-170000   00      28.34  979.9     26.38    14.65    -9999
MAWSONB    240510 3600 170000-180000   00      28.10  980.3     26.23    13.99    -9999
MAWSONB    240510 3600 180000-190000   00      27.36  980.6     25.59    11.22    -9999
MAWSONB    240510 3600 190000-200000   00      27.22  980.7     25.48    10.76    -9999
MAWSONB    240510 3600 200000-210000   00      26.90  981.1     25.25     9.72    -9999
MAWSONB    240510 3600 210000-220000   00      26.23  981.4     24.68     7.28    -9999
MAWSONB    240510 300  220000-220500   00      25.50  981.9     24.07     4.62    -9999
MAWSONB    240510 300  220500-221000   00      25.10  981.9     23.70     2.99    -9999
MAWSONB    240510 300  221000-221500   00      25.03  981.9     23.65     2.76    -9999
MAWSONB    240510 300  221500-222000   00      25.70  982.0     24.28     5.52    -9999
MAWSONB    240510 300  222000-222500   00      24.69  982.0     23.33     1.38    -9999
MAWSONB    240510 300  222500-223000   00      24.73  982.0     23.37     1.57    -9999
MAWSONB    240510 300  223000-223500   00      24.97  982.1     23.61     2.61    -9999
MAWSONB    240510 300  223500-224000   00      24.64  982.3     23.33     1.38    -9999
MAWSONB    240510 300  224000-224500   00      24.47  982.4     23.19     0.77    -9999
MAWSONB    240510 300  224500-225000   00      24.39  982.5     23.12     0.50    -9999
MAWSONB    240510 300  225000-225500   00      24.15  982.5     22.90    -0.46    -9999
MAWSONB    240510 300  225500-230000   00      24.26  982.6     23.02     0.03    -9999
MAWSONB    240510 300  230000-230500   00      24.50  982.7     23.27     1.13    -9999
MAWSONB    240510 300  230500-231000   00      24.13  982.7     22.92    -0.40    -9999
MAWSONB    240510 300  231000-231500   00      24.13  982.8     22.93    -0.33    -9999
MAWSONB    240510 300  231500-232000   00      24.38  982.9     23.18     0.73    -9999
MAWSONB    240510 300  232000-232500   00      24.58  982.9     23.37     1.55    -9999
MAWSONB    240510 300  232500-233000   00      24.94  982.9     23.71     3.05    -9999
MAWSONB    240510 300  233000-233500   00      24.45  982.9     23.25     1.03    -9999
MAWSONB    240510 300  233500-234000   00      24.11  982.9     22.92    -0.40    -9999
MAWSONB    240510 300  234000-234500   00      23.98  982.8     22.79    -0.94    -9999
MAWSONB    240510 300  234500-235000   00      24.16  982.8     22.96    -0.22    -9999
MAWSONB    240510 300  235000-235500   00      24.42  982.9     23.22     0.90    -9999
MAWSONB    240510 300  235500-240000   00      24.22  982.9     23.03     0.09    -9999
MAWSONB    240511 300  000000-000500   00      23.85  982.9     22.68    -1.44    -9999
MAWSONB    240511 300  000500-001000   00      23.99  983.0     22.82    -0.81    -9999
MAWSONB    240511 300  001000-001500   00      23.66  983.0     22.52    -2.14    -9999
MAWSONB    240511 300  001500-002000   00      24.47  983.0     23.29     1.21    -9999
MAWSONB    240511 300  002000-002500   00      24.08  983.0     22.92    -0.38    -9999
MAWSONB    240511 300  002500-003000   00      23.81  983.1     22.68    -1.45    -9999
MAWSONB    240511 300  003000-003500   00      24.49  983.1     23.32     1.36    -9999
MAWSONB    240511 300  003500-004000   00      23.65  983.2     22.54    -2.03    -9999
MAWSONB    240511 300  004000-004500   00      24.09  983.2     22.97    -0.18    -9999
MAWSONB    240511 300  004500-005000   00      24.46  983.2     23.32     1.34    -9999
MAWSONB    240511 300  005000-005500   00      24.16  983.2     23.03     0.10    -9999
MAWSONB    240511 300  005500-010000   00      23.60  983.2     22.50    -2.23    -9999
MAWSONB    240511 300  010000-010500   00      24.11  983.2     22.99    -0.09    -9999
MAWSONB    240511 300  010500-011000   00      24.22  983.2     23.09     0.37    -9999
MAWSONB    240511 300  011000-011500   00      23.81  983.2     22.70    -1.36    -9999
MAWSONB    240511 300  011500-012000   00      24.52  983.2     23.37     1.58    -9999
MAWSONB    240511 300  012000-012500   00      24.52  983.2     23.37     1.58    -9999
MAWSONB    240511 300  012500-013000   00      24.09  983.4     22.98    -0.11    -9999
MAWSONB    240511 300  013000-013500   00      24.56  983.4     23.43     1.82    -9999
MAWSONB    240511 300  013500-014000   00      24.43  983.4     23.31     1.31    -9999
MAWSONB    240511 300  014000-014500   00      24.36  983.4     23.24     1.01    -9999
MAWSONB    240511 300  014500-015000   00      24.24  983.4     23.13     0.54    -9999
MAWSONB    240511 300  015000-015500   00      24.24  983.4     23.13     0.53    -9999
MAWSONB    240511 300  015500-020000   00      24.70  983.4     23.56     2.41    -9999
MAWSONB    240511 300  020000-020500   00      24.85  983.3     23.70     3.00    -9999
MAWSONB    240511 300  020500-021000   00      24.55  983.4     23.43     1.82    -9999
MAWSONB    240511 300  021000-021500   00      24.65  983.4     23.53     2.25    -9999
MAWSONB    240511 300  021500-022000   00      24.55  983.5     23.45     1.92    -9999
MAWSONB    240511 300  022000-022500   00      25.12  983.5     23.99     4.27    -9999
MAWSONB    240511 300  022500-023000   00      25.21  983.5     24.09     4.68    -9999
MAWSONB    240511 300  023000-023500   00      25.04  983.6     23.94     4.04    -9999
MAWSONB    240511 300  023500-024000   00      25.45  983.6     24.33     5.75    -9999
MAWSONB    240511 300  024000-024500   00      25.76  983.6     24.63     7.04    -9999
MAWSONB    240511 300  024500-025000   00      25.03  983.6     23.93     3.99    -9999
MAWSONB    240511 300  025000-025500   00      25.20  983.7     24.10     4.75    -9999
MAWSONB    240511 300  025500-030000   00      25.87  983.8     24.75     7.58    -9999
MAWSONB    240511 300  030000-030500   00      24.85  983.9     23.80     3.42    -9999
MAWSONB    240511 300  030500-031000   00      25.49  984.0     24.43     6.17    -9999
MAWSONB    240511 300  031000-031500   00      25.27  984.0     24.21     5.23    -9999
MAWSONB    240511 300  031500-032000   00      25.56  983.9     24.49     6.42    -9999
MAWSONB    240511 300  032000-032500   00      24.67  983.9     23.62     2.67    -9999
MAWSONB    240511 300  032500-033000   00      25.15  983.9     24.09     4.70    -9999
MAWSONB    240511 300  033000-033500   00      24.98  984.0     23.95     4.09    -9999
MAWSONB    240511 300  033500-034000   00      24.77  984.0     23.74     3.17    -9999
MAWSONB    240511 300  034000-034500   00      25.13  984.0     24.08     4.63    -9999
MAWSONB    240511 300  034500-035000   00      25.00  984.1     23.98     4.22    -9999
MAWSONB    240511 300  035000-035500   00      24.79  984.2     23.79     3.41    -9999
MAWSONB    240511 300  035500-040000   00      24.79  984.2     23.79     3.40    -9999
MAWSONB    240511 300  040000-040500   00      24.88  984.2     23.88     3.77    -9999
MAWSONB    240511 300  040500-041000   00      24.54  984.2     23.54     2.31    -9999
MAWSONB    240511 300  041000-041500   00      24.38  984.2     23.40     1.71    -9999
MAWSONB    240511 300  041500-042000   00      24.64  984.3     23.68     2.92    -9999
MAWSONB    240511 300  042000-042500   00      25.09  984.5     24.13     4.86    -9999
MAWSONB    240511 300  042500-043000   00      25.12  984.6     24.17     5.05    -9999
MAWSONB    240511 300  043000-043500   00      24.94  984.7     24.02     4.39    -9999
MAWSONB    240511 300  043500-044000   00      24.61  984.8     23.72     3.09    -9999
MAWSONB    240511 300  044000-044500   00      24.57  984.9     23.69     2.96    -9999
MAWSONB    240511 300  044500-045000   00      24.85  984.9     23.96     4.12    -9999
MAWSONB    240511 300  045000-045500   00      24.19  984.9     23.33     1.38    -9999
MAWSONB    240511 300  045500-050000   00      23.89  984.9     23.04     0.14    -9999
MAWSONB    240511 300  050000-050500   00      24.86  984.9     23.97     4.19    -9999
MAWSONB    240511 300  050500-051000   00      24.69  984.9     23.81     3.46    -9999
MAWSONB    240511 300  051000-051500   00      24.35  984.9     23.48     2.04    -9999
MAWSONB    240511 300  051500-052000   00      24.77  984.9     23.88     3.78    -9999
MAWSONB    240511 300  052000-052500   00      24.99  984.9     24.10     4.73    -9999
MAWSONB    240511 300  052500-053000   00      24.44  984.8     23.55     2.36    -9999
MAWSONB    240511 300  053000-053500   00      25.01  984.8     24.11     4.79    -9999
MAWSONB    240511 300  053500-054000   00      24.25  984.8     23.37     1.55    -9999
MAWSONB    240511 300  054000-054500   00      24.36  984.7     23.47     2.01    -9999
MAWSONB    240511 300  054500-055000   00      24.17  984.9     23.31     1.31    -9999
MAWSONB    240511 300  055000-055500   00      24.75  985.0     23.89     3.82    -9999
MAWSONB    240511 300  055500-060000   00      24.51  985.1     23.67     2.86    -9999
MAWSONB    240511 300  060000-060500   00      24.66  985.1     23.82     3.52    -9999
MAWSONB    240511 300  060500-061000   00      25.17  985.1     24.31     5.66    -9999
MAWSONB    240511 300  061000-061500   00      24.64  985.1     23.80     3.43    -9999
MAWSONB    240511 300  061500-062000   00      24.74  985.0     23.88     3.80    -9999
MAWSONB    240511 300  062000-062500   00      24.96  985.0     24.09     4.69    -9999
MAWSONB    240511 300  062500-063000   00      24.47  985.0     23.62     2.65    -9999
MAWSONB    240511 300  063000-063500   00      25.02  985.1     24.17     5.04    -9999
MAWSONB    240511 300  063500-064000   00      24.42  985.1     23.59     2.51    -9999
MAWSONB    240511 300  064000-064500   00      24.52  985.2     23.70     3.02    -9999
MAWSONB    240511 300  064500-065000   00      24.46  985.2     23.65     2.79    -9999
MAWSONB    240511 300  065000-065500   00      24.27  985.4     23.49     2.08    -9999
MAWSONB    240511 300  065500-070000   00      24.69  985.4     23.89     3.84    -9999
MAWSONB    240511 300  070000-070500   00      24.91  985.4     24.11     4.78    -9999
MAWSONB    240511 300  070500-071000   00      24.60  985.4     23.80     3.44    -9999
MAWSONB    240511 300  071000-071500   00      24.71  985.4     23.92     3.95    -9999
MAWSONB    240511 300  071500-072000   00      24.93  985.4     24.13     4.86    -9999
MAWSONB    240511 300  072000-072500   00      24.48  985.4     23.70     2.98    -9999
MAWSONB    240511 300  072500-073000   00      25.21  985.5     24.41     6.10    -9999
MAWSONB    240511 300  073000-073500   00      24.48  985.6     23.73     3.14    -9999
MAWSONB    240511 300  073500-074000   00      24.93  985.6     24.17     5.05    -9999
MAWSONB    240511 300  074000-074500   00      24.40  985.6     23.66     2.83    -9999
MAWSONB    240511 300  074500-075000   00      24.71  985.6     23.97     4.15    -9999
MAWSONB    240511 300  075000-075500   00      24.71  985.6     23.96     4.15    -9999
MAWSONB    240511 300  075500-080000   00      24.37  985.7     23.63     2.71    -9999
MAWSONB    240511 300  080000-080500   00      24.47  985.6     23.73     3.14    -9999
MAWSONB    240511 300  080500-081000   00      24.81  985.7     24.06     4.57    -9999
MAWSONB    240511 300  081000-081500   00      24.10  985.8     23.40     1.68    -9999
MAWSONB    240511 300  081500-082000   00      24.90  985.8     24.17     5.05    -9999
MAWSONB    240511 300  082000-082500   00      25.23  985.8     24.48     6.41    -9999
MAWSONB    240511 300  082500-083000   00      24.32  985.8     23.60     2.58    -9999
MAWSONB    240511 300  083000-083500   00      24.82  985.7     24.08     4.64    -9999
MAWSONB    240511 300  083500-084000   00      25.06  985.7     24.31     5.63    -9999
MAWSONB    240511 300  084000-084500   00      24.48  985.8     23.76     3.24    -9999
MAWSONB    240511 300  084500-085000   00      24.11  985.8     23.40     1.69    -9999
MAWSONB    240511 300  085000-085500   00      24.44  985.7     23.71     3.02    -9999
MAWSONB    240511 300  085500-090000   00      24.33  985.8     23.61     2.60    -9999
MAWSONB    240511 300  090000-090500   00      24.64  985.8     23.91     3.92    -9999
MAWSONB    240511 300  090500-091000   00      24.14  985.8     23.44     1.86    -9999
MAWSONB    240511 300  091000-091500   00      24.31  985.8     23.59     2.53    -9999
MAWSONB    240511 300  091500-092000   00      24.45  985.8     23.74     3.16    -9999
MAWSONB    240511 300  092000-092500   00      24.06  985.8     23.35     1.48    -9999
MAWSONB    240511 300  092500-093000   00      24.12  985.9     23.43     1.84    -9999
MAWSONB    240511 300  093000-093500   00      24.06  985.9     23.37     1.58    -9999
MAWSONB    240511 300  093500-094000   00      24.37  985.9     23.68     2.90    -9999
MAWSONB    240511 300  094000-094500   00      24.42  985.9     23.73     3.12    -9999
MAWSONB    240511 300  094500-095000   00      24.66  986.0     23.98     4.21    -9999
MAWSONB    240511 300  095000-095500   00      24.32  986.0     23.65     2.78    -9999
MAWSONB    240511 300  095500-100000   00      24.03  986.0     23.37     1.55    -9999
MAWSONB    240511 300  100000-100500   00      23.98  985.9     23.30     1.28    -9999
MAWSONB    240511 300  100500-101000   00      24.32  985.9     23.63     2.68    -9999
MAWSONB    240511 300  101000-101500   00      24.39  985.9     23.70     3.02    -9999
MAWSONB    240511 300  101500-102000   00      24.85  986.0     24.17     5.02    -9999
MAWSONB    240511 300  102000-102500   00      24.17  986.0     23.50     2.13    -9999
MAWSONB    240511 300  102500-103000   00      24.60  986.0     23.91     3.90    -9999
MAWSONB    240511 300  103000-103500   00      25.02  985.9     24.30     5.62    -9999
MAWSONB    240511 300  103500-104000   00      24.32  986.0     23.65     2.77    -9999
MAWSONB    240511 300  104000-104500   00      24.69  986.0     24.02     4.37    -9999
MAWSONB    240511 300  104500-105000   00      24.41  986.0     23.74     3.16    -9999
MAWSONB    240511 300  105000-105500   00      24.40  985.9     23.71     3.02    -9999
MAWSONB    240511 300  105500-110000   00      24.78  986.0     24.08     4.64    -9999
MAWSONB    240511 300  110000-110500   00      24.37  986.0     23.69     2.97    -9999
MAWSONB    240511 300  110500-111000   00      24.60  986.1     23.92     3.95    -9999
MAWSONB    240511 300  111000-111500   00      25.14  986.0     24.44     6.23    -9999
MAWSONB    240511 300  111500-112000   00      24.12  986.0     23.45     1.91    -9999
MAWSONB    240511 300  112000-112500   00      25.04  986.1     24.36     5.88    -9999
MAWSONB    240511 300  112500-113000   00      25.01  986.2     24.35     5.81    -9999
MAWSONB    240511 300  113000-113500   00      24.96  986.2     24.30     5.62    -9999
MAWSONB    240511 300  113500-114000   00      23.97  986.3     23.36     1.50    -9999
MAWSONB    240511 300  114000-114500   00      24.85  986.3     24.21     5.22    -9999
MAWSONB    240511 300  114500-115000   00      24.16  986.4     23.54     2.31    -9999
MAWSONB    240511 300  115000-115500   00      24.20  986.5     23.60     2.56    -9999
MAWSONB    240511 300  115500-120000   00      24.10  986.5     23.51     2.16    -9999
MAWSONB    240511 300  120000-120500   00      24.64  986.6     24.06     4.55    -9999
MAWSONB    240511 300  120500-121000   00      24.36  986.5     23.75     3.23    -9999
MAWSONB    240511 300  121000-121500   00      24.14  986.3     23.52     2.23    -9999
MAWSONB    240511 300  121500-122000   00      24.35  986.5     23.75     3.21    -9999
MAWSONB    240511 300  122000-122500   00      24.07  986.6     23.50     2.11    -9999
MAWSONB    240511 300  122500-123000   00      24.17  986.6     23.60     2.56    -9999
MAWSONB    240511 300  123000-123500   00      23.88  986.6     23.31     1.30    -9999
MAWSONB    240511 300  123500-124000   00      24.21  986.6     23.63     2.69    -9999
MAWSONB    240511 300  124000-124500   00      24.16  986.6     23.58     2.48    -9999
MAWSONB    240511 300  124500-125000   00      24.00  986.6     23.43     1.81    -9999
MAWSONB    240511 300  125000-125500   00      24.33  986.6     23.75     3.20    -9999
MAWSONB    240511 300  125500-130000   00      24.05  986.6     23.48     2.03    -9999
MAWSONB    240511 300  130000-130500   00      24.01  986.6     23.44     1.88    -9999
MAWSONB    240511 300  130500-131000   00      24.20  986.7     23.64     2.73    -9999
MAWSONB    240511 300  131000-131500   00      23.69  986.7     23.15     0.61    -9999
MAWSONB    240511 300  131500-132000   00      23.61  986.7     23.07     0.28    -9999
MAWSONB    240511 300  132000-132500   00      23.90  986.7     23.35     1.46    -9999
MAWSONB    240511 300  132500-133000   00      24.23  986.6     23.65     2.78    -9999
MAWSONB    240511 300  133000-133500   00      24.23  986.6     23.65     2.80    -9999
MAWSONB    240511 300  133500-134000   00      23.99  986.5     23.41     1.75    -9999
MAWSONB    240511 300  134000-134500   00      23.86  986.3     23.25     1.04    -9999
MAWSONB    240511 300  134500-135000   00      23.71  986.3     23.09     0.37    -9999
MAWSONB    240511 300  135000-135500   00      23.87  986.2     23.24     1.00    -9999
MAWSONB    240511 300  135500-140000   00      24.38  986.2     23.73     3.11    -9999
MAWSONB    240511 300  140000-140500   00      24.33  986.3     23.70     3.01    -9999
MAWSONB    240511 300  140500-141000   00      24.09  986.3     23.46     1.96    -9999
MAWSONB    240511 300  141000-141500   00      24.07  986.2     23.43     1.84    -9999
MAWSONB    240511 300  141500-142000   00      24.08  986.3     23.45     1.93    -9999
MAWSONB    240511 300  142000-142500   00      23.81  986.3     23.19     0.76    -9999
MAWSONB    240511 300  142500-143000   00      24.25  986.2     23.61     2.59    -9999
MAWSONB    240511 300  143000-143500   00      24.32  986.2     23.68     2.90    -9999
MAWSONB    240511 300  143500-144000   00      23.72  986.1     23.08     0.32    -9999
MAWSONB    240511 300  144000-144500   00      24.12  986.1     23.46     1.96    -9999
MAWSONB    240511 300  144500-145000   00      24.08  986.1     23.42     1.78    -9999
MAWSONB    240511 300  145000-145500   00      23.63  986.2     22.99    -0.08    -9999
MAWSONB    240511 300  145500-150000   00      23.92  986.2     23.28     1.17    -9999
MAWSONB    240511 300  150000-150500   00      24.14  986.2     23.51     2.16    -9999
MAWSONB    240511 300  150500-151000   00      24.21  986.2     23.57     2.43    -9999
MAWSONB    240511 300  151000-151500   00      24.03  986.2     23.39     1.66    -9999
MAWSONB    240511 300  151500-152000   00      24.66  986.2     24.00     4.30    -9999
MAWSONB    240511 300  152000-152500   00      24.16  986.4     23.56     2.37    -9999
MAWSONB    240511 300  152500-153000   00      24.65  986.4     24.02     4.41    -9999
MAWSONB    240511 300  153000-153500   00      24.20  986.0     23.53     2.25    -9999
MAWSONB    240511 300  153500-154000   00      23.95  986.1     23.30     1.24    -9999
MAWSONB    240511 300  154000-154500   00      23.91  986.0     23.25     1.04    -9999
MAWSONB    240511 300  154500-155000   00      23.85  986.3     23.24     1.00    -9999
MAWSONB    240511 300  155000-155500   00      24.35  986.5     23.74     3.17    -9999
MAWSONB    240511 300  155500-160000   00      24.08  986.5     23.49     2.08    -9999
MAWSONB    240511 300  160000-160500   00      24.06  986.7     23.50     2.13    -9999
MAWSONB    240511 300  160500-161000   00      24.01  986.6     23.43     1.83    -9999
MAWSONB    240511 300  161000-161500   00      23.80  986.6     23.23     0.95    -9999
MAWSONB    240511 300  161500-162000   00      23.48  986.6     22.91    -0.43    -9999
MAWSONB    240511 300  162000-162500   00      23.85  986.5     23.26     1.08    -9999
MAWSONB    240511 300  162500-163000   00      24.13  986.5     23.53     2.27    -9999
MAWSONB    240511 300  163000-163500   00      24.23  986.4     23.62     2.66    -9999
MAWSONB    240511 300  163500-164000   00      24.32  986.6     23.74     3.16    -9999
MAWSONB    240511 300  164000-164500   00      24.25  986.7     23.70     2.99    -9999
MAWSONB    240511 300  164500-165000   00      24.35  986.8     23.81     3.46    -9999
MAWSONB    240511 300  165000-165500   00      23.93  986.9     23.41     1.74    -9999
MAWSONB    240511 300  165500-170000   00      23.61  986.8     23.08     0.32    -9999
MAWSONB    240511 3600 170000-180000   00      24.24  986.1     23.58     2.49    -9999
MAWSONB    240511 3600 180000-190000   00      24.00  985.5     23.25     1.04    -9999
MAWSONB    240511 3600 190000-200000   00      24.01  985.9     23.32     1.36    -9999
MAWSONB    240511 3600 200000-210000   00      24.12  985.8     23.42     1.76    -9999
MAWSONB    240511 3600 210000-220000   00      24.05  985.8     23.35     1.47    -9999
MAWSONB    240511 3600 220000-230000   00      23.70  986.3     23.08     0.31    -9999
MAWSONB    240511 3600 230000-240000   00      23.81  986.3     23.20     0.82    -9999
MAWSONB    240512 3600 000000-010000   00      23.96  986.0     23.30     1.24    -9999
MAWSONB    240512 3600 010000-020000   00      24.09  985.9     23.39     1.66    -9999
MAWSONB    240512 3600 020000-030000   00      23.98  985.7     23.27     1.11    -9999
MAWSONB    240512 3600 030000-040000   00      24.36  986.0     23.67     2.87    -9999
MAWSONB    240512 3600 040000-050000   00      24.16  985.8     23.45     1.93    -9999
MAWSONB    240512 3600 050000-060000   00      24.38  985.3     23.58     2.48    -9999
MAWSONB    240512 3600 060000-070000   00      24.50  985.1     23.66     2.82    -9999
MAWSONB    240512 3600 070000-080000   00      24.57  985.0     23.72     3.07    -9999
MAWSONB    240512 3600 080000-090000   00      24.69  985.0     23.83     3.55    -9999
MAWSONB    240512 3600 090000-100000   00      24.72  984.4     23.76     3.26    -9999
MAWSONB    240512 3600 100000-110000   00      24.62  983.9     23.59     2.51    -9999
MAWSONB    240512 3600 110000-120000   00      24.58  983.6     23.49     2.09    -9999
MAWSONB    240512 3600 120000-130000   00      24.86  983.2     23.69     2.96    -9999
MAWSONB    240512 3600 130000-140000   00      24.85  982.9     23.64     2.76    -9999
MAWSONB    240512 3600 140000-150000   00      24.96  982.5     23.66     2.82    -9999
MAWSONB    240512 3600 150000-160000   00      25.15  982.5     23.85     3.66    -9999
MAWSONB    240512 3600 160000-170000   00      25.09  982.6     23.80     3.44    -9999
MAWSONB    240512 3600 170000-180000   00      25.31  982.3     23.97     4.16    -9999
MAWSONB    240512 3600 180000-190000   00      25.26  981.9     23.85     3.66    -9999
MAWSONB    240512 3600 190000-200000   00      25.13  981.8     23.71     3.02    -9999
MAWSONB    240512 3600 200000-210000   00      25.26  981.3     23.75     3.20    -9999
MAWSONB    240512 3600 210000-220000   00      25.55  980.8     23.94     4.05    -9999
MAWSONB    240512 3600 220000-230000   00      25.38  980.4     23.71     3.04    -9999
MAWSONB    240512 3600 230000-240000   00      25.37  980.8     23.77     3.30    -9999
*
COMMENT NM DATA DOWNLOADED FROM NMDB ON 14.5.2024
COMMENT DETRENDING CANNOT BE ROBUSTLY DONE
COMMENT UNIVERISTY OF OULU: FILE GENERATED FROM DATABASE AND OBTAINED FROM
COMMENT https://gle.oulu.fi at 2025-01-03 09:23:40 +00:00
COMMENT FOR HISTORICAL/ORIGINAL TEXT FILES SEE https://gle.oulu.fi/txtarchive/
COMMENT ORIGINAL AT https://gle.oulu.fi/txtarchive/GLE74/C074MWSB.DAT
COMMENT DETRENDED DATA SHOW -9999 IF EQUAL TO INC% COLUMN 