DOURBES    LATITUDE    50.1      LONGITUDE     4.6       ALTITUDE    225 M
DOURBES    INSTRUMENT   9-NM-64  NEUTRON MONITOR	
DOURBES    STANDARD PRESSURE    -999    MB     COEFFICIENT   -999      % / MB
DOURBES    PRE-INCREASE BASELINE TIME INTERVAL    240510    233000-013000   UT
DOURBES    PRE-INCREASE AVERAGE COUNTING RATE     92.99      COUNTS PER SECOND
DOURBES    TIME INTERVALS    300         3600     
DOURBES    SCALE FACTORS     1           1        
STATION    YYMMDD  SEC   TIME (UT)   CODE    UNCORR. PRESS.    CORR.    % INC.	DETRENDED
                         INTERVAL    TD      C/S     (MB)      C/S
DOURBES    240510 3600 000000-010000   00      93.87  998.0    102.17     9.86    -9999
DOURBES    240510 3600 010000-020000   00      94.02  997.6    102.00     9.69    -9999
DOURBES    240510 3600 020000-030000   00      93.62  997.3    101.37     9.01    -9999
DOURBES    240510 3600 030000-040000   00      94.81  997.1    102.52    10.24    -9999
DOURBES    240510 3600 040000-050000   00      94.71  997.2    102.46    10.18    -9999
DOURBES    240510 3600 050000-060000   00      94.52  997.5    102.45    10.17    -9999
DOURBES    240510 3600 060000-070000   00      94.43  997.7    102.51    10.23    -9999
DOURBES    240510 3600 070000-080000   00      93.89  997.6    101.89     9.57    -9999
DOURBES    240510 3600 080000-090000   00      94.91  997.6    102.98    10.73    -9999
DOURBES    240510 3600 090000-100000   00      95.38  997.5    103.39    11.18    -9999
DOURBES    240510 3600 100000-110000   00      96.25  997.3    104.19    12.04    -9999
DOURBES    240510 3600 110000-120000   00      96.55  997.0    104.25    12.10    -9999
DOURBES    240510 3600 120000-130000   00      96.90  996.5    104.24    12.09    -9999
DOURBES    240510 3600 130000-140000   00      96.42  996.1    103.42    11.21    -9999
DOURBES    240510 3600 140000-150000   00      96.72  995.6    103.38    11.17    -9999
DOURBES    240510 3600 150000-160000   00      96.28  995.3    102.67    10.40    -9999
DOURBES    240510 3600 160000-170000   00      97.06  995.0    103.29    11.08    -9999
DOURBES    240510 3600 170000-180000   00      96.47  995.0    102.65    10.39    -9999
DOURBES    240510 3600 180000-190000   00      96.61  995.1    102.86    10.61    -9999
DOURBES    240510 3600 190000-200000   00      95.52  995.4    101.92     9.60    -9999
DOURBES    240510 3600 200000-210000   00      94.82  995.6    101.36     8.99    -9999
DOURBES    240510 300  210000-210500   00      94.32  995.7    100.93     8.53    -9999
DOURBES    240510 300  210500-211000   00      94.08  995.7    100.64     8.22    -9999
DOURBES    240510 300  211000-211500   00      95.03  995.7    101.67     9.33    -9999
DOURBES    240510 300  211500-212000   00      93.52  995.8    100.09     7.63    -9999
DOURBES    240510 300  212000-212500   00      95.39  995.7    102.06     9.75    -9999
DOURBES    240510 300  212500-213000   00      94.17  995.7    100.72     8.31    -9999
DOURBES    240510 300  213000-213500   00      93.47  995.7     99.96     7.49    -9999
DOURBES    240510 300  213500-214000   00      92.68  995.7     99.12     6.59    -9999
DOURBES    240510 300  214000-214500   00      90.70  995.6     96.96     4.27    -9999
DOURBES    240510 300  214500-215000   00      91.53  995.6     97.84     5.22    -9999
DOURBES    240510 300  215000-215500   00      91.83  995.6     98.16     5.56    -9999
DOURBES    240510 300  215500-220000   00      90.25  995.6     96.48     3.75    -9999
DOURBES    240510 300  220000-220500   00      91.81  995.6     98.17     5.57    -9999
DOURBES    240510 300  220500-221000   00      92.57  995.6     98.96     6.41    -9999
DOURBES    240510 300  221000-221500   00      91.10  995.6     97.38     4.72    -9999
DOURBES    240510 300  221500-222000   00      91.39  995.6     97.67     5.03    -9999
DOURBES    240510 300  222000-222500   00      89.47  995.6     95.65     2.85    -9999
DOURBES    240510 300  222500-223000   00      89.37  995.6     95.53     2.73    -9999
DOURBES    240510 300  223000-223500   00      90.60  995.6     96.82     4.12    -9999
DOURBES    240510 300  223500-224000   00      88.79  995.5     94.88     2.03    -9999
DOURBES    240510 300  224000-224500   00      88.68  995.4     94.68     1.82    -9999
DOURBES    240510 300  224500-225000   00      89.50  995.4     95.56     2.76    -9999
DOURBES    240510 300  225000-225500   00      88.32  995.4     94.27     1.37    -9999
DOURBES    240510 300  225500-230000   00      87.52  995.4     93.43     0.47    -9999
DOURBES    240510 300  230000-230500   00      87.22  995.4     93.12     0.13    -9999
DOURBES    240510 300  230500-231000   00      87.34  995.4     93.24     0.26    -9999
DOURBES    240510 300  231000-231500   00      85.37  995.4     91.14    -1.99    -9999
DOURBES    240510 300  231500-232000   00      86.39  995.4     92.22    -0.83    -9999
DOURBES    240510 300  232000-232500   00      85.19  995.4     90.94    -2.21    -9999
DOURBES    240510 300  232500-233000   00      88.28  995.4     94.22     1.32    -9999
DOURBES    240510 300  233000-233500   00      87.34  995.4     93.22     0.24    -9999
DOURBES    240510 300  233500-234000   00      86.62  995.4     92.45    -0.59    -9999
DOURBES    240510 300  234000-234500   00      85.75  995.4     91.53    -1.57    -9999
DOURBES    240510 300  234500-235000   00      87.77  995.4     93.69     0.74    -9999
DOURBES    240510 300  235000-235500   00      87.38  995.4     93.27     0.29    -9999
DOURBES    240510 300  235500-240000   00      86.09  995.4     91.90    -1.17    -9999
DOURBES    240511 300  000000-000500   00      86.93  995.4     92.78    -0.23    -9999
DOURBES    240511 300  000500-001000   00      87.36  995.4     93.22     0.25    -9999
DOURBES    240511 300  001000-001500   00      87.00  995.3     92.82    -0.19    -9999
DOURBES    240511 300  001500-002000   00      87.57  995.3     93.42     0.46    -9999
DOURBES    240511 300  002000-002500   00      88.60  995.3     94.51     1.63    -9999
DOURBES    240511 300  002500-003000   00      87.36  995.3     93.18     0.20    -9999
DOURBES    240511 300  003000-003500   00      87.28  995.3     93.09     0.11    -9999
DOURBES    240511 300  003500-004000   00      86.25  995.3     91.97    -1.10    -9999
DOURBES    240511 300  004000-004500   00      85.81  995.3     91.49    -1.61    -9999
DOURBES    240511 300  004500-005000   00      87.54  995.2     93.33     0.37    -9999
DOURBES    240511 300  005000-005500   00      87.89  995.2     93.69     0.74    -9999
DOURBES    240511 300  005500-010000   00      87.70  995.2     93.45     0.49    -9999
DOURBES    240511 300  010000-010500   00      86.70  995.1     92.35    -0.69    -9999
DOURBES    240511 300  010500-011000   00      87.87  995.1     93.57     0.62    -9999
DOURBES    240511 300  011000-011500   00      86.41  995.1     92.00    -1.07    -9999
DOURBES    240511 300  011500-012000   00      88.36  995.0     94.03     1.12    -9999
DOURBES    240511 300  012000-012500   00      87.98  994.9     93.59     0.64    -9999
DOURBES    240511 300  012500-013000   00      87.72  994.9     93.31     0.34    -9999
DOURBES    240511 300  013000-013500   00      88.96  994.9     94.64     1.77    -9999
DOURBES    240511 300  013500-014000   00      89.53  994.9     95.23     2.40    -9999
DOURBES    240511 300  014000-014500   00      87.91  994.9     93.51     0.55    -9999
DOURBES    240511 300  014500-015000   00      88.27  994.9     93.89     0.97    -9999
DOURBES    240511 300  015000-015500   00      89.52  994.9     95.23     2.40    -9999
DOURBES    240511 300  015500-020000   00      88.51  994.9     94.14     1.23    -9999
DOURBES    240511 300  020000-020500   00      89.12  994.9     94.79     1.93    -9999
DOURBES    240511 300  020500-021000   00      89.04  994.9     94.70     1.84    -9999
DOURBES    240511 300  021000-021500   00      89.57  994.9     95.25     2.43    -9999
DOURBES    240511 300  021500-022000   00      88.56  994.9     94.17     1.27    -9999
DOURBES    240511 300  022000-022500   00      90.03  994.9     95.74     2.95    -9999
DOURBES    240511 300  022500-023000   00      90.46  994.9     96.18     3.43    -9999
DOURBES    240511 300  023000-023500   00      88.21  994.9     93.79     0.85    -9999
DOURBES    240511 300  023500-024000   00      90.53  994.9     96.25     3.50    -9999
DOURBES    240511 300  024000-024500   00      89.42  994.9     95.07     2.24    -9999
DOURBES    240511 300  024500-025000   00      89.90  994.9     95.58     2.78    -9999
DOURBES    240511 300  025000-025500   00      91.09  994.8     96.82     4.12    -9999
DOURBES    240511 300  025500-030000   00     102.56  994.8    109.02    17.23    -9999
DOURBES    240511 300  030000-030500   00      90.86  994.8     96.58     3.85    -9999
DOURBES    240511 300  030500-031000   00      89.79  994.9     95.47     2.67    -9999
DOURBES    240511 300  031000-031500   00      90.24  994.9     95.95     3.18    -9999
DOURBES    240511 300  031500-032000   00      91.59  994.9     97.37     4.71    -9999
DOURBES    240511 300  032000-032500   00      90.37  994.9     96.09     3.33    -9999
DOURBES    240511 300  032500-033000   00      89.16  994.9     94.80     1.95    -9999
DOURBES    240511 300  033000-033500   00      92.01  994.9     97.83     5.20    -9999
DOURBES    240511 300  033500-034000   00      89.46  994.9     95.14     2.31    -9999
DOURBES    240511 300  034000-034500   00      89.39  994.9     95.07     2.24    -9999
DOURBES    240511 300  034500-035000   00      90.18  994.9     95.93     3.16    -9999
DOURBES    240511 300  035000-035500   00      89.72  995.0     95.48     2.68    -9999
DOURBES    240511 300  035500-040000   00      89.71  995.0     95.48     2.68    -9999
DOURBES    240511 300  040000-040500   00      90.03  995.0     95.79     3.00    -9999
DOURBES    240511 300  040500-041000   00      88.81  994.9     94.48     1.60    -9999
DOURBES    240511 300  041000-041500   00      90.73  994.9     96.50     3.77    -9999
DOURBES    240511 300  041500-042000   00      89.26  994.9     94.91     2.07    -9999
DOURBES    240511 300  042000-042500   00      88.54  994.9     94.14     1.24    -9999
DOURBES    240511 300  042500-043000   00      91.43  994.9     97.22     4.55    -9999
DOURBES    240511 300  043000-043500   00      89.48  994.9     95.15     2.32    -9999
DOURBES    240511 300  043500-044000   00      90.32  994.9     96.06     3.30    -9999
DOURBES    240511 300  044000-044500   00      88.53  994.9     94.17     1.27    -9999
DOURBES    240511 300  044500-045000   00      88.28  994.9     93.91     0.98    -9999
DOURBES    240511 300  045000-045500   00      89.82  995.0     95.57     2.77    -9999
DOURBES    240511 300  045500-050000   00      90.29  995.0     96.11     3.35    -9999
DOURBES    240511 300  050000-050500   00      89.24  995.0     94.97     2.13    -9999
DOURBES    240511 300  050500-051000   00      89.34  995.0     95.11     2.27    -9999
DOURBES    240511 300  051000-051500   00      89.01  995.1     94.79     1.93    -9999
DOURBES    240511 300  051500-052000   00      90.49  995.1     96.37     3.63    -9999
DOURBES    240511 300  052000-052500   00      90.72  995.1     96.60     3.88    -9999
DOURBES    240511 300  052500-053000   00      90.02  995.1     95.87     3.09    -9999
DOURBES    240511 300  053000-053500   00      90.92  995.1     96.83     4.12    -9999
DOURBES    240511 300  053500-054000   00      88.83  995.1     94.62     1.75    -9999
DOURBES    240511 300  054000-054500   00      89.62  995.1     95.48     2.67    -9999
DOURBES    240511 300  054500-055000   00      87.65  995.2     93.39     0.43    -9999
DOURBES    240511 300  055000-055500   00      90.22  995.2     96.16     3.41    -9999
DOURBES    240511 300  055500-060000   00      86.57  995.2     92.26    -0.79    -9999
DOURBES    240511 300  060000-060500   00      89.02  995.2     94.88     2.03    -9999
DOURBES    240511 300  060500-061000   00      88.04  995.2     93.81     0.88    -9999
DOURBES    240511 300  061000-061500   00      89.27  995.2     95.12     2.29    -9999
DOURBES    240511 300  061500-062000   00      86.91  995.2     92.62    -0.40    -9999
DOURBES    240511 300  062000-062500   00      89.57  995.2     95.44     2.63    -9999
DOURBES    240511 300  062500-063000   00      89.86  995.1     95.74     2.95    -9999
DOURBES    240511 300  063000-063500   00      89.03  995.1     94.86     2.01    -9999
DOURBES    240511 300  063500-064000   00      87.43  995.2     93.18     0.20    -9999
DOURBES    240511 300  064000-064500   00      88.16  995.2     93.96     1.04    -9999
DOURBES    240511 300  064500-065000   00      86.74  995.2     92.45    -0.58    -9999
DOURBES    240511 300  065000-065500   00      86.77  995.2     92.49    -0.54    -9999
DOURBES    240511 300  065500-070000   00      89.54  995.2     95.44     2.63    -9999
DOURBES    240511 300  070000-070500   00      88.76  995.2     94.60     1.72    -9999
DOURBES    240511 300  070500-071000   00      87.96  995.1     93.71     0.77    -9999
DOURBES    240511 300  071000-071500   00      88.17  995.1     93.94     1.02    -9999
DOURBES    240511 300  071500-072000   00      87.22  995.2     92.95    -0.05    -9999
DOURBES    240511 300  072000-072500   00      86.87  995.1     92.55    -0.48    -9999
DOURBES    240511 300  072500-073000   00      88.41  995.1     94.18     1.28    -9999
DOURBES    240511 300  073000-073500   00      87.50  995.1     93.21     0.23    -9999
DOURBES    240511 300  073500-074000   00      87.64  995.1     93.33     0.37    -9999
DOURBES    240511 300  074000-074500   00      89.54  995.1     95.35     2.54    -9999
DOURBES    240511 300  074500-075000   00      89.28  995.1     95.06     2.23    -9999
DOURBES    240511 300  075000-075500   00      88.92  995.0     94.63     1.76    -9999
DOURBES    240511 300  075500-080000   00      88.97  995.0     94.67     1.81    -9999
DOURBES    240511 300  080000-080500   00      88.96  995.0     94.64     1.77    -9999
DOURBES    240511 300  080500-081000   00      88.54  995.0     94.19     1.29    -9999
DOURBES    240511 300  081000-081500   00      89.60  994.9     95.30     2.48    -9999
DOURBES    240511 300  081500-082000   00      87.85  994.9     93.44     0.48    -9999
DOURBES    240511 300  082000-082500   00      89.81  994.9     95.50     2.70    -9999
DOURBES    240511 300  082500-083000   00      89.18  994.9     94.85     2.00    -9999
DOURBES    240511 300  083000-083500   00      88.65  995.0     94.32     1.42    -9999
DOURBES    240511 300  083500-084000   00      89.20  994.9     94.86     2.00    -9999
DOURBES    240511 300  084000-084500   00      88.92  994.9     94.54     1.66    -9999
DOURBES    240511 300  084500-085000   00      90.47  994.8     96.17     3.41    -9999
DOURBES    240511 300  085000-085500   00      87.90  994.8     93.39     0.42    -9999
DOURBES    240511 300  085500-090000   00      88.15  994.7     93.61     0.66    -9999
DOURBES    240511 300  090000-090500   00      88.56  994.7     94.02     1.10    -9999
DOURBES    240511 300  090500-091000   00      87.96  994.7     93.40     0.44    -9999
DOURBES    240511 300  091000-091500   00      89.37  994.7     94.88     2.03    -9999
DOURBES    240511 300  091500-092000   00      88.31  994.6     93.72     0.78    -9999
DOURBES    240511 300  092000-092500   00      87.57  994.6     92.89    -0.11    -9999
DOURBES    240511 300  092500-093000   00      88.22  994.5     93.54     0.59    -9999
DOURBES    240511 300  093000-093500   00      88.05  994.4     93.32     0.35    -9999
DOURBES    240511 300  093500-094000   00      90.14  994.4     95.48     2.67    -9999
DOURBES    240511 300  094000-094500   00      88.41  994.3     93.63     0.68    -9999
DOURBES    240511 300  094500-095000   00      86.85  994.3     91.97    -1.11    -9999
DOURBES    240511 300  095000-095500   00      88.98  994.3     94.21     1.31    -9999
DOURBES    240511 300  095500-100000   00      89.60  994.3     94.89     2.04    -9999
DOURBES    240511 300  100000-100500   00      88.52  994.4     93.76     0.83    -9999
DOURBES    240511 300  100500-101000   00      91.89  994.3     97.31     4.65    -9999
DOURBES    240511 300  101000-101500   00      88.65  994.3     93.84     0.91    -9999
DOURBES    240511 300  101500-102000   00      88.68  994.2     93.81     0.88    -9999
DOURBES    240511 300  102000-102500   00      89.84  994.2     95.02     2.18    -9999
DOURBES    240511 300  102500-103000   00      88.17  994.1     93.22     0.24    -9999
DOURBES    240511 300  103000-103500   00      87.53  994.1     92.53    -0.50    -9999
DOURBES    240511 300  103500-104000   00      92.03  994.1     97.27     4.60    -9999
DOURBES    240511 300  104000-104500   00      89.18  994.0     94.21     1.31    -9999
DOURBES    240511 300  104500-105000   00      88.94  993.9     93.92     1.00    -9999
DOURBES    240511 300  105000-105500   00      89.35  993.9     94.32     1.43    -9999
DOURBES    240511 300  105500-110000   00      91.10  993.8     96.12     3.36    -9999
DOURBES    240511 300  110000-110500   00      89.83  993.8     94.75     1.89    -9999
DOURBES    240511 300  110500-111000   00      89.73  993.7     94.61     1.74    -9999
DOURBES    240511 300  111000-111500   00      90.85  993.7     95.76     2.98    -9999
DOURBES    240511 300  111500-112000   00      89.23  993.6     94.02     1.11    -9999
DOURBES    240511 300  112000-112500   00      89.22  993.6     93.99     1.08    -9999
DOURBES    240511 300  112500-113000   00      90.74  993.6     95.58     2.78    -9999
DOURBES    240511 300  113000-113500   00      89.52  993.5     94.25     1.36    -9999
DOURBES    240511 300  113500-114000   00      89.03  993.5     93.74     0.80    -9999
DOURBES    240511 300  114000-114500   00      90.48  993.5     95.21     2.38    -9999
DOURBES    240511 300  114500-115000   00      89.31  993.5     94.03     1.11    -9999
DOURBES    240511 300  115000-115500   00      90.10  993.5     94.82     1.97    -9999
DOURBES    240511 300  115500-120000   00      88.75  993.5     93.38     0.42    -9999
DOURBES    240511 300  120000-120500   00      90.75  993.4     95.46     2.66    -9999
DOURBES    240511 300  120500-121000   00      89.80  993.4     94.46     1.58    -9999
DOURBES    240511 300  121000-121500   00      91.11  993.4     95.84     3.06    -9999
DOURBES    240511 300  121500-122000   00      88.11  993.3     92.63    -0.39    -9999
DOURBES    240511 300  122000-122500   00      89.80  993.3     94.37     1.48    -9999
DOURBES    240511 300  122500-123000   00      88.82  993.2     93.28     0.31    -9999
DOURBES    240511 300  123000-123500   00      87.72  993.2     92.12    -0.93    -9999
DOURBES    240511 300  123500-124000   00      88.24  993.2     92.67    -0.35    -9999
DOURBES    240511 300  124000-124500   00      89.02  993.1     93.45     0.49    -9999
DOURBES    240511 300  124500-125000   00      89.58  993.1     94.03     1.11    -9999
DOURBES    240511 300  125000-125500   00      88.19  993.1     92.57    -0.46    -9999
DOURBES    240511 300  125500-130000   00      90.17  993.0     94.57     1.70    -9999
DOURBES    240511 300  130000-130500   00      89.87  993.0     94.24     1.34    -9999
DOURBES    240511 300  130500-131000   00      89.17  993.0     93.50     0.54    -9999
DOURBES    240511 300  131000-131500   00      89.22  992.9     93.52     0.57    -9999
DOURBES    240511 300  131500-132000   00      89.80  992.9     94.12     1.21    -9999
DOURBES    240511 300  132000-132500   00      89.33  992.9     93.59     0.64    -9999
DOURBES    240511 300  132500-133000   00      90.02  992.8     94.28     1.38    -9999
DOURBES    240511 300  133000-133500   00      88.77  992.8     92.97    -0.03    -9999
DOURBES    240511 300  133500-134000   00      89.87  992.8     94.14     1.23    -9999
DOURBES    240511 300  134000-134500   00      89.76  992.8     93.98     1.06    -9999
DOURBES    240511 300  134500-135000   00      90.13  992.8     94.35     1.46    -9999
DOURBES    240511 300  135000-135500   00      89.24  992.7     93.39     0.42    -9999
DOURBES    240511 300  135500-140000   00      90.38  992.7     94.58     1.70    -9999
DOURBES    240511 300  140000-140500   00      90.37  992.6     94.51     1.63    -9999
DOURBES    240511 300  140500-141000   00      89.17  992.5     93.19     0.22    -9999
DOURBES    240511 300  141000-141500   00      89.22  992.5     93.19     0.21    -9999
DOURBES    240511 300  141500-142000   00      90.67  992.4     94.65     1.78    -9999
DOURBES    240511 300  142000-142500   00      89.58  992.4     93.48     0.53    -9999
DOURBES    240511 300  142500-143000   00      90.92  992.3     94.84     1.99    -9999
DOURBES    240511 300  143000-143500   00      90.05  992.3     93.95     1.03    -9999
DOURBES    240511 300  143500-144000   00      89.07  992.3     92.91    -0.09    -9999
DOURBES    240511 300  144000-144500   00      89.08  992.2     92.85    -0.15    -9999
DOURBES    240511 300  144500-145000   00      89.53  992.1     93.27     0.29    -9999
DOURBES    240511 300  145000-145500   00      90.11  992.1     93.87     0.94    -9999
DOURBES    240511 300  145500-150000   00      90.30  992.1     94.05     1.13    -9999
DOURBES    240511 300  150000-150500   00      90.15  992.0     93.88     0.95    -9999
DOURBES    240511 300  150500-151000   00      92.24  992.0     96.01     3.25    -9999
DOURBES    240511 300  151000-151500   00      91.42  992.0     95.14     2.31    -9999
DOURBES    240511 300  151500-152000   00      90.22  991.9     93.85     0.92    -9999
DOURBES    240511 300  152000-152500   00      89.54  991.9     93.13     0.15    -9999
DOURBES    240511 300  152500-153000   00      90.81  991.9     94.43     1.54    -9999
DOURBES    240511 300  153000-153500   00      90.04  991.8     93.61     0.67    -9999
DOURBES    240511 300  153500-154000   00      91.99  991.8     95.60     2.80    -9999
DOURBES    240511 300  154000-154500   00      90.96  991.8     94.53     1.65    -9999
DOURBES    240511 300  154500-155000   00      92.10  991.8     95.70     2.91    -9999
DOURBES    240511 300  155000-155500   00      89.53  991.7     93.00     0.01    -9999
DOURBES    240511 300  155500-160000   00      90.03  991.7     93.50     0.54    -9999
DOURBES    240511 3600 160000-170000   00      90.87  991.6     94.29     1.39    -9999
DOURBES    240511 3600 170000-180000   00      91.38  991.5     94.74     1.88    -9999
DOURBES    240511 3600 180000-190000   00      90.48  991.5     93.80     0.87    -9999
DOURBES    240511 3600 190000-200000   00      89.81  991.8     93.32     0.35    -9999
DOURBES    240511 3600 200000-210000   00      89.69  991.9     93.32     0.35    -9999
DOURBES    240511 3600 210000-220000   00      90.39  991.9     94.01     1.09    -9999
DOURBES    240511 3600 220000-230000   00      89.67  992.0     93.33     0.36    -9999
DOURBES    240511 3600 230000-240000   00      89.66  991.8     93.16     0.18    -9999
DOURBES    240512 3600 000000-010000   00      89.70  991.5     93.00     0.01    -9999
DOURBES    240512 3600 010000-020000   00      90.38  991.3     93.57     0.62    -9999
DOURBES    240512 3600 020000-030000   00      90.86  990.9     93.82     0.89    -9999
DOURBES    240512 3600 030000-040000   00      91.49  990.4     94.09     1.18    -9999
DOURBES    240512 3600 040000-050000   00      92.84  990.1     95.28     2.46    -9999
DOURBES    240512 3600 050000-060000   00      93.30  989.9     95.59     2.80    -9999
DOURBES    240512 3600 060000-070000   00      92.75  989.6     94.86     2.00    -9999
DOURBES    240512 3600 070000-080000   00      93.55  989.4     95.50     2.69    -9999
DOURBES    240512 3600 080000-090000   00      93.42  989.0     95.12     2.29    -9999
DOURBES    240512 3600 090000-100000   00      94.07  988.7     95.58     2.78    -9999
DOURBES    240512 3600 100000-110000   00      93.70  988.3     94.92     2.07    -9999
DOURBES    240512 3600 110000-120000   00      93.76  987.8     94.63     1.76    -9999
DOURBES    240512 3600 120000-130000   00      94.60  987.3     95.11     2.28    -9999
DOURBES    240512 3600 130000-140000   00      95.48  986.9     95.67     2.88    -9999
DOURBES    240512 3600 140000-150000   00      95.77  986.2     95.53     2.73    -9999
DOURBES    240512 3600 150000-160000   00      96.61  985.7     96.01     3.25    -9999
DOURBES    240512 3600 160000-170000   00      96.89  985.5     96.16     3.40    -9999
DOURBES    240512 3600 170000-180000   00      95.60  986.5     95.51     2.71    -9999
DOURBES    240512 3600 180000-190000   00      95.99  986.6     96.03     3.26    -9999
DOURBES    240512 3600 190000-200000   00      95.30  986.7     95.42     2.61    -9999
DOURBES    240512 3600 200000-210000   00      94.56  987.4     95.14     2.31    -9999
DOURBES    240512 3600 210000-220000   00      94.54  987.4     95.08     2.25    -9999
DOURBES    240512 3600 220000-230000   00      94.82  987.4     95.40     2.59    -9999
DOURBES    240512 3600 230000-240000   00      96.02  987.0     96.35     3.61    -9999
*
COMMENT NM DATA DOWNLOADED FROM NMDB ON 14.5.2024
COMMENT DETRENDING CANNOT BE ROBUSTLY DONE
COMMENT UNIVERISTY OF OULU: FILE GENERATED FROM DATABASE AND OBTAINED FROM
COMMENT https://gle.oulu.fi at 2025-01-03 09:23:40 +00:00
COMMENT FOR HISTORICAL/ORIGINAL TEXT FILES SEE https://gle.oulu.fi/txtarchive/
COMMENT ORIGINAL AT https://gle.oulu.fi/txtarchive/GLE74/C074DRBS.DAT
COMMENT DETRENDED DATA SHOW -9999 IF EQUAL TO INC% COLUMN 